"x","n","X1","X2","X3","X4","X5","X6","X7","X8","X9","X10","X11","X12","X13","X14","X15","X16","X17","X18","ax","X1.1","X2.1","X3.1","X4.1","X5.1","X6.1","X7.1","X8.1","X9.1","X10.1","X11.1","X12.1","X13.1","X14.1","X15.1","X16.1","X17.1","X18.1","X1.2","X2.2","X3.2","X4.2","X5.2","X6.2","X7.2","X8.2","X9.2","X10.2","X11.2","X12.2","X13.2","X14.2","X15.2","X16.2","X17.2","X18.2","lx","dx","Lx","Tx","ex","year","sex","scenario","bmmr_lss"
0,1,0.0177746,0.00649491,0.00693709,0.00664957,0.00640316,0.00802484,0.00839222,0.00985178,0.0086696,0.00816566,0.00767197,0.0104691,0.0120847,0.0180294,0.0237531,0.0415631,0.0425052,0.152266,0.11382167443,0.0174989656503729,0.0256464966252079,0.0340941642847055,0.0327041781945079,0.0315113691537241,0.0393350561696195,0.0410988240667268,0.0480748430566777,0.0424284067129045,0.0400114992525339,0.0376379568112078,0.0510104171056969,0.0586515345024943,0.0862590047494267,0.112108206406042,0.188254408033642,0.192111640721962,1,0.982501034349627,0.974353503374792,0.965905835715294,0.967295821805492,0.968488630846276,0.96066494383038,0.958901175933273,0.951925156943322,0.957571593287096,0.959988500747466,0.962362043188792,0.948989582894303,0.941348465497506,0.913740995250573,0.887891793593958,0.811745591966358,0.807888359278038,0,1e+05,1749.89656503728,98449.2795920746,5936158.18805386,59.3615818805386,2023,"Total","GMoH report",18.6234081194614
0,1,0.0177131,0.00657535,0.00713702,0.00673235,0.00669608,0.00815407,0.0087956,0.0102061,0.00869529,0.00861254,0.00783699,0.0101581,0.0121737,0.0188075,0.0237691,0.0416839,0.0424461,0.153209,0.113944394605,0.0174393923720677,0.0259600077263925,0.0350595482572427,0.033104571101856,0.0329291592876922,0.0399558431452123,0.0430317743145963,0.0497608397339776,0.0425514568567697,0.0421550449724328,0.0384319725388322,0.0495326070605457,0.0590707267348693,0.0898145329298067,0.112179486423149,0.188749918210738,0.191870150963021,1,0.982560607627932,0.974039992273607,0.964940451742757,0.966895428898144,0.967070840712308,0.960044156854788,0.956968225685404,0.950239160266022,0.95744854314323,0.957844955027567,0.961568027461168,0.950467392939454,0.940929273265131,0.910185467070193,0.887820513576851,0.811250081789262,0.808129849036979,0,1e+05,1743.93923720677,98454.7728634047,5895904.03975285,58.9590403975285,2023,"Total","GMoH report",19.0259496024715
0,1,0.0173826,0.00648744,0.00661164,0.0064936,0.00634536,0.00789331,0.00826601,0.00976713,0.00890291,0.00838699,0.00791906,0.0104018,0.0123896,0.0190554,0.0244851,0.0417208,0.0419573,0.152545,0.11460389083,0.0171191282887676,0.0256173775997288,0.0325206627139351,0.0319493345036675,0.0312313643743834,0.0387028166752723,0.0404932558554164,0.0476716128987701,0.0435453491881484,0.0410737374371304,0.0388266240856703,0.050690810810284,0.0600868693099923,0.0909445385979992,0.115363766596283,0.188901224483882,0.189870378880494,1,0.982880871711232,0.974382622400271,0.967479337286065,0.968050665496333,0.968768635625617,0.961297183324728,0.959506744144584,0.95232838710123,0.956454650811852,0.95892626256287,0.96117337591433,0.949309189189716,0.939913130690008,0.909055461402001,0.884636233403717,0.811098775516118,0.810129621119506,0,1e+05,1711.91282887675,98484.2790420743,5940749.25312022,59.4074925312023,2023,"Total","GMoH report",18.5774974687977
0,1,0.0168101,0.00580506,0.00605642,0.006168,0.00613011,0.00735671,0.00775164,0.0089009,0.00821091,0.00746321,0.00730538,0.00963339,0.0120105,0.0174947,0.0233483,0.0406631,0.041835,0.153945,0.115746285955,0.0165638878553722,0.0229537442745235,0.0298304358788367,0.030371668866085,0.0301879119477253,0.0361192528288045,0.0380213798772213,0.0435357320074375,0.0402287631165958,0.0366325588020572,0.0358717579424067,0.0470342029491297,0.0583019122085481,0.0838080100178517,0.110303029444077,0.184554141247588,0.189369334706395,1,0.983436112144628,0.977046255725477,0.970169564121163,0.969628331133915,0.969812088052275,0.963880747171196,0.961978620122779,0.956464267992562,0.959771236883404,0.963367441197943,0.964128242057593,0.95296579705087,0.941698087791452,0.916191989982148,0.889696970555923,0.815445858752412,0.810630665293605,0,1e+05,1656.38878553722,98535.3320644862,6068270.60535722,60.6827060535722,2023,"Total","GMoH report",17.3022839464278
0,1,0.0173451,0.00652301,0.00664781,0.00708573,0.00659232,0.00792294,0.00884321,0.0102085,0.00905137,0.00854626,0.00770672,0.0103238,0.0127601,0.0186521,0.0238553,0.0420048,0.0427157,0.152274,0.114678720205,0.0170827771116093,0.0257560263649227,0.0326956636013852,0.0348119792850513,0.0324271742269997,0.0388452779831406,0.0432596642610256,0.0497722499655663,0.0442554195576952,0.0418374164042035,0.0378052144933986,0.0503202592684119,0.0618281660460883,0.0891054887817355,0.112563414920139,0.190064904272533,0.192971245429064,1,0.982917222888391,0.974243973635077,0.967304336398615,0.965188020714949,0.967572825773,0.961154722016859,0.956740335738974,0.950227750034434,0.955744580442305,0.958162583595796,0.962194785506601,0.949679740731588,0.938171833953912,0.910894511218264,0.887436585079861,0.809935095727467,0.807028754570936,0,1e+05,1708.27771116093,98487.6253905097,5902101.48337935,59.0210148337935,2023,"Total","GMoH report",18.9639751662065
0,1,0.0172942,0.00682052,0.00691114,0.00662507,0.00694839,0.00773354,0.00883616,0.0101235,0.00880297,0.0087226,0.00775457,0.0103295,0.0124837,0.019012,0.0240904,0.0415539,0.0427705,0.154921,0.11478028861,0.0170334323442119,0.0269149323314691,0.0339687923019262,0.0325856445594956,0.0341487528676548,0.0379342842386722,0.0432259220906487,0.0493680562074595,0.043067055016748,0.0426822495257174,0.038035478057303,0.0503473428062082,0.060529422132317,0.0907468043874638,0.113609739810191,0.188216659393111,0.193194894420473,1,0.982966567655788,0.973085067668531,0.966031207698074,0.967414355440504,0.965851247132345,0.962065715761328,0.956774077909351,0.950631943792541,0.956932944983252,0.957317750474283,0.961964521942697,0.949652657193792,0.939470577867683,0.909253195612536,0.886390260189809,0.811783340606889,0.806805105579527,0,1e+05,1703.34323442119,98492.1669936276,5894612.14478883,58.9461214478883,2023,"Total","GMoH report",19.0388685521117
0,1,0.0173182,0.0061292,0.00632991,0.00615759,0.00637942,0.00724625,0.00809959,0.00948428,0.00816854,0.00813167,0.00740343,0.00982891,0.0122385,0.0182695,0.0233207,0.041278,0.0426428,0.152596,0.11473239781,0.0170566996208263,0.0242199027442005,0.0311565053136256,0.0303211864143669,0.0313963733694979,0.0355865769175284,0.0396941834712453,0.0463230481033362,0.0400253287526765,0.0398482675946221,0.0363444657301977,0.0479659182657466,0.0593758224911065,0.0873575529652533,0.110179823476622,0.187083879096624,0.192673641139086,1,0.982943300379174,0.9757800972558,0.968843494686374,0.969678813585633,0.968603626630502,0.964413423082472,0.960305816528755,0.953676951896664,0.959974671247323,0.960151732405378,0.963655534269802,0.952034081734253,0.940624177508893,0.912642447034747,0.889820176523378,0.812916120903376,0.807326358860914,0,1e+05,1705.66996208264,98490.0256425396,6015850.38021802,60.1585038021802,2023,"Total","GMoH report",17.8264861978198
0,1,0.0167283,0.00597723,0.00624468,0.00600235,0.00595193,0.00709711,0.00766414,0.00897116,0.00789446,0.0072831,0.00770662,0.009211,0.0117077,0.0178623,0.0226691,0.0399387,0.0412694,0.151869,0.115909513765,0.0164845051982159,0.0236264782112824,0.0307434425972052,0.0295680554558366,0.0293233240694286,0.0348669141866421,0.037600265748172,0.0438718466113845,0.0387083462717292,0.0357643123419558,0.0378047332172335,0.0450183401716963,0.0568738452061985,0.0854937140775801,0.107266417157062,0.181564840738039,0.187048546760777,1,0.983515494801784,0.976373521788718,0.969256557402795,0.970431944544163,0.970676675930571,0.965133085813358,0.962399734251828,0.956128153388615,0.961291653728271,0.964235687658044,0.962195266782766,0.954981659828304,0.943126154793802,0.91450628592242,0.892733582842938,0.818435159261961,0.812951453239223,0,1e+05,1648.45051982159,98542.6205783966,6087905.43189508,60.8790543189508,2023,"Total","GMoH report",17.1059356810492
0,1,0.0181824,0.00734302,0.00730821,0.00727124,0.00708922,0.00874782,0.00916844,0.0105572,0.00947808,0.00886727,0.00833744,0.0107329,0.0129107,0.0198301,0.0244333,0.0428705,0.0419284,0.155814,0.11300792992,0.0178938149122876,0.0289469637327424,0.0358854048142069,0.0357071125375806,0.0348288269583754,0.0428030172735845,0.0448149911073298,0.0514286438040789,0.0462934670397986,0.0433748096295407,0.0408360301225379,0.0522621879084924,0.0625350711425013,0.0944672618756969,0.115133755998881,0.193602870365039,0.189752005075935,1,0.982106185087712,0.971053036267258,0.964114595185793,0.964292887462419,0.965171173041625,0.957196982726416,0.95518500889267,0.948571356195921,0.953706532960201,0.956625190370459,0.959163969877462,0.947737812091508,0.937464928857499,0.905532738124303,0.884866244001119,0.806397129634961,0.810247994924065,0,1e+05,1789.38149122876,98412.8328069322,5788466.02204369,57.8846602204369,2023,"Total","GMoH report",20.1003297795631
0,1,0.0175574,0.00633651,0.00654258,0.00633295,0.00650229,0.00760619,0.00826409,0.00933216,0.00834002,0.00819526,0.00733859,0.00997421,0.012289,0.0178353,0.0235297,0.0409777,0.0435049,0.153398,0.11425508617,0.01728853939315,0.0250288488973469,0.0321864440374241,0.0311712353133065,0.0319914064936756,0.0373212683546342,0.040484040612046,0.0455970036656783,0.040848408637488,0.0401536264776813,0.0360318917979266,0.0486577436175802,0.0596135235235478,0.0853700010506532,0.111112396604063,0.185849307119158,0.196186783956615,1,0.98271146060685,0.974971151102653,0.967813555962576,0.968828764686694,0.968008593506324,0.962678731645366,0.959515959387954,0.954402996334322,0.959151591362512,0.959846373522319,0.963968108202073,0.95134225638242,0.940386476476452,0.914629998949347,0.888887603395937,0.814150692880842,0.803813216043385,0,1e+05,1728.853939315,98468.6764164968,5985440.7257249,59.854407257249,2023,"Total","GMoH report",18.130582742751
0,1,0.0170868,0.00631965,0.00602692,0.00575811,0.00615095,0.00715738,0.00797807,0.00935848,0.0083351,0.00773333,0.00729872,0.00992194,0.0117867,0.0175554,0.0226842,0.0404407,0.0426078,0.149854,0.11519414494,0.0168323205502438,0.0249630840912455,0.0296872926553737,0.0283819835418693,0.030288984920508,0.0351578055640303,0.0391102884525141,0.0457226634220451,0.040824802962077,0.03793327369141,0.0358396412343255,0.0484089239039023,0.0572466279265455,0.084086566716656,0.107334033304297,0.183637434051849,0.192530723588694,1,0.983167679449756,0.975036915908755,0.970312707344626,0.971618016458131,0.969711015079492,0.96484219443597,0.960889711547486,0.954277336577955,0.959175197037923,0.96206672630859,0.964160358765675,0.951591076096098,0.942753372073455,0.915913433283344,0.892665966695703,0.816362565948151,0.807469276411306,0,1e+05,1683.23205502439,98510.6664222897,6059522.88500368,60.5952288500368,2023,"Total","GMoH report",17.3897611499632
0,1,0.0172928,0.00636675,0.00641361,0.00662769,0.00655594,0.00756401,0.00823489,0.00994199,0.00818936,0.00803183,0.00791623,0.010015,0.0125748,0.0185472,0.023359,0.0409705,0.0422623,0.152164,0.11478308224,0.0170320750539884,0.02514679330742,0.0315619843538212,0.0325983210833478,0.0322511091585576,0.0371181449510225,0.0403438814355138,0.0485043749726638,0.0401252987094029,0.0393686443530643,0.0388130180552022,0.0488518712730022,0.0609576736145785,0.0886265635034711,0.110350789755267,0.185819686350901,0.191118709417466,1,0.982967924946012,0.97485320669258,0.968438015646179,0.967401678916652,0.967748890841442,0.962881855048977,0.959656118564486,0.951495625027336,0.959874701290597,0.960631355646936,0.961186981944798,0.951148128726998,0.939042326385422,0.911373436496529,0.889649210244733,0.814180313649099,0.808881290582534,0,1e+05,1703.20750539884,98492.2919017651,5969970.17659441,59.6997017659441,2023,"Total","GMoH report",18.2852882340559
0,1,0.0168317,0.00624464,0.00659553,0.00651056,0.00666298,0.00754593,0.00835187,0.00960298,0.00829578,0.00807008,0.00789043,0.00975261,0.0125859,0.0184875,0.0235247,0.0412175,0.0424504,0.152342,0.115703184235,0.0165848475024369,0.0246704439181815,0.0324427078674475,0.0320314434144097,0.0327690511686114,0.0370310654310791,0.040905261435438,0.0468892096439337,0.0406361290337118,0.0395524219761468,0.0386889685055862,0.0476024301590172,0.0610098406174326,0.0883538934854685,0.11109009698844,0.186835290984605,0.191887723460076,1,0.983415152497563,0.975329556081818,0.967557292132552,0.96796855658559,0.967230948831389,0.962968934568921,0.959094738564562,0.953110790356066,0.959363870966288,0.960447578023853,0.961311031494414,0.952397569840983,0.938990159382567,0.911646106514531,0.88890990301156,0.813164709015395,0.808112276539924,0,1e+05,1658.48475024369,98533.4072163647,5973703.88904369,59.7370388904368,2023,"Total","GMoH report",18.2479511095631
0,1,0.0176882,0.00645569,0.00671383,0.00628776,0.00646556,0.00774732,0.00816158,0.00949866,0.00849276,0.00809857,0.00766439,0.0100546,0.0121696,0.0181427,0.023347,0.0405118,0.0426548,0.152383,0.11399408131,0.0174152704949918,0.0254936024116937,0.0330150071365904,0.03095224921371,0.0318135686575758,0.0380005931124207,0.0399919071265845,0.046391653638134,0.0415809572732697,0.0396892838904091,0.0376014691889081,0.0490402985358535,0.0590514196097917,0.0867775522566818,0.110297226624967,0.183930600723976,0.192722636239345,1,0.982584729505008,0.974506397588306,0.96698499286341,0.96904775078629,0.968186431342424,0.961999406887579,0.960008092873415,0.953608346361866,0.95841904272673,0.960310716109591,0.962398530811092,0.950959701464146,0.940948580390208,0.913222447743318,0.889702773375033,0.816069399276024,0.807277363760655,0,1e+05,1741.52704949919,98456.996726585,5974699.19471307,59.7469919471307,2023,"Total","GMoH report",18.2379980528693
0,1,0.0174354,0.0067074,0.0064876,0.00679016,0.00671478,0.00813504,0.00888122,0.0101278,0.00867464,0.00799213,0.00803496,0.0100748,0.0125142,0.0186232,0.0233758,0.0411869,0.0425556,0.15251,0.11449853107,0.017170306397914,0.0264744505408841,0.0319202848992196,0.0333840916899268,0.0330196015989387,0.0398644527066336,0.0434415647654348,0.0493885076798013,0.0424525485603902,0.0391778635533975,0.0393836841823554,0.0491364014565148,0.0606728204750285,0.0889735685934272,0.110425773036626,0.18670953285331,0.192317530271903,1,0.982829693602086,0.973525549459116,0.96807971510078,0.966615908310073,0.966980398401061,0.960135547293366,0.956558435234565,0.950611492320199,0.95754745143961,0.960822136446603,0.960616315817645,0.950863598543485,0.939327179524971,0.911026431406573,0.889574226963374,0.81329046714669,0.807682469728097,0,1e+05,1717.03063979141,98479.5668462669,5917968.64164513,59.1796864164513,2023,"Total","GMoH report",18.8053035835486
0,1,0.017196,0.006005,0.00624939,0.00598949,0.00619379,0.00722447,0.00799277,0.00888953,0.00806637,0.00760135,0.00739728,0.00989921,0.0117986,0.0182482,0.0233904,0.0399729,0.0421401,0.152468,0.1149762418,0.0169382194645654,0.0237349433305995,0.0307662738890513,0.029505640650944,0.030496724235986,0.0354815121989108,0.0391809394073331,0.043481328563243,0.0395345982566512,0.0372979628256874,0.0363148227204659,0.0483007029947679,0.0573027688777961,0.0872601483999214,0.110490932245984,0.181706191449519,0.190618765409426,1,0.983061780535435,0.9762650566694,0.969233726110949,0.970494359349056,0.969503275764014,0.964518487801089,0.960819060592667,0.956518671436757,0.960465401743349,0.962702037174313,0.963685177279534,0.951699297005232,0.942697231122204,0.912739851600079,0.889509067754016,0.818293808550481,0.809381234590574,0,1e+05,1693.82194645653,98500.9273352254,6055580.152087,60.55580152087,2023,"Total","GMoH report",17.42918847913
0,1,0.017206,0.0064375,0.0066527,0.00664743,0.00680526,0.00782791,0.00863376,0.00991838,0.00905829,0.00813911,0.00803192,0.0103147,0.0125808,0.0180871,0.0232261,0.0409658,0.0426613,0.152449,0.1149562873,0.0169479160811003,0.0254226829569295,0.0327193204422349,0.0326938252136501,0.0334570895174758,0.038388299613923,0.0422567141784859,0.0483919750073173,0.0442885047018605,0.0398839993550238,0.0393690768114416,0.0502770190782831,0.0609858723430659,0.086523119225635,0.109757408628627,0.185800350049822,0.192749174142849,1,0.9830520839189,0.97457731704307,0.967280679557765,0.96730617478635,0.966542910482524,0.961611700386077,0.957743285821514,0.951608024992683,0.95571149529814,0.960116000644976,0.960630923188558,0.949722980921717,0.939014127656934,0.913476880774365,0.890242591371373,0.814199649950178,0.807250825857151,0,1e+05,1694.79160811004,98500.0353429055,5930459.64548867,59.3045964548867,2023,"Total","GMoH report",18.6803935451132
0,1,0.0173626,0.00631279,0.0065848,0.00667069,0.00665464,0.00754314,0.00843171,0.00985522,0.00906949,0.00839269,0.00771659,0.0103381,0.0130192,0.0186973,0.0242825,0.0414225,0.0422428,0.15201,0.11464379983,0.0170997413134573,0.0249363244408659,0.0323907829313836,0.0328063475634303,0.0327287056161464,0.0370176271400373,0.0412882241684907,0.0480912259699901,0.0443420505401173,0.0411010784742499,0.0378527152893141,0.0503882042637523,0.0630440425045615,0.0893117772672525,0.114463830113191,0.187677338604172,0.191038949644856,1,0.982900258686543,0.975063675559134,0.967609217068616,0.96719365243657,0.967271294383854,0.962982372859963,0.958711775831509,0.95190877403001,0.955657949459883,0.95889892152575,0.962147284710686,0.949611795736248,0.936955957495438,0.910688222732748,0.885536169886809,0.812322661395828,0.808961050355144,0,1e+05,1709.97413134573,98486.0638006828,5936910.52312819,59.3691052312819,2023,"Total","GMoH report",18.6158847687181
0,1,0.0174912,0.00658496,0.00676763,0.00665737,0.00669924,0.00784751,0.00823243,0.0101947,0.00852796,0.00820927,0.00785634,0.0104671,0.0126428,0.018563,0.0242977,0.0412733,0.0424777,0.153847,0.11438718496,0.0172243868265774,0.0259974555896804,0.0332751649879318,0.0327419124360146,0.0329444431713224,0.0384825691347239,0.0403320725891375,0.0497066393105518,0.0417497005590511,0.040220889643197,0.0385250355554115,0.0510009206584401,0.0612772111860427,0.0886987144109728,0.114531377379609,0.187064569734901,0.191999280415714,1,0.982775613173423,0.97400254441032,0.966724835012068,0.967258087563985,0.967055556828678,0.961517430865276,0.959667927410862,0.950293360689448,0.958250299440949,0.959779110356803,0.961474964444588,0.94899907934156,0.938722788813957,0.911301285589027,0.885468622620391,0.812935430265099,0.808000719584286,0,1e+05,1722.43868265774,98474.5862295177,5924516.03105018,59.2451603105018,2023,"Total","GMoH report",18.7398296894982
0,1,0.0174437,0.00596727,0.00644276,0.00609236,0.0063801,0.00749307,0.00841489,0.00947364,0.00858047,0.00794211,0.00783537,0.00987476,0.0121158,0.0176268,0.0228771,0.0408132,0.0424034,0.153554,0.114481968835,0.0171783509790278,0.0235875731645646,0.0317031603662961,0.0300047998933051,0.0313996674541888,0.0367764291058987,0.0412075573444445,0.0462722826309405,0.0420013712353897,0.0389374364906825,0.0384241808159013,0.0481842795101606,0.0587980368624547,0.0844141228484379,0.108197393521664,0.185172313351778,0.191695633442238,1,0.982821649020972,0.976412426835435,0.968296839633704,0.969995200106695,0.968600332545811,0.963223570894101,0.958792442655556,0.95372771736906,0.95799862876461,0.961062563509318,0.961575819184099,0.951815720489839,0.941201963137545,0.915585877151562,0.891802606478336,0.814827686648222,0.808304366557762,0,1e+05,1717.83509790277,98478.826046239,6005058.76491214,60.0505876491214,2023,"Total","GMoH report",17.9344023508786
0,1,0.0167659,0.00596014,0.00638598,0.00617997,0.00627779,0.00731374,0.00834315,0.00926094,0.00847472,0.00770446,0.00741178,0.0095382,0.0123017,0.0182597,0.0229611,0.0402747,0.0420919,0.152001,0.115834484845,0.0165209955602967,0.0235597215227271,0.0314281511384817,0.0304297132130863,0.0309039290579975,0.0359120711223736,0.0408634257731518,0.0452568964924921,0.0414944650675077,0.0377943375944428,0.0363847113109984,0.0465802701677157,0.0596732926398315,0.0873127389514218,0.108573105186269,0.182952597548758,0.190421493811581,1,0.983479004439703,0.976440278477273,0.968571848861518,0.969570286786914,0.969096070942003,0.964087928877626,0.959136574226848,0.954743103507508,0.958505534932492,0.962205662405557,0.963615288689002,0.953419729832284,0.940326707360169,0.912687261048578,0.891426894813731,0.817047402451242,0.809578506188419,0,1e+05,1652.09955602967,98539.2705449557,6029462.15470417,60.2946215470417,2023,"Total","GMoH report",17.6903684529583
0,1,0.0172973,0.00636308,0.00669305,0.00663576,0.00663794,0.00776621,0.00853588,0.0103191,0.00858621,0.00796766,0.00789448,0.01005,0.0124559,0.018179,0.0235033,0.0416781,0.0432247,0.15317,0.114774102715,0.0170364377598457,0.0251324800378416,0.0329145039483709,0.0326373656856938,0.0326479127845277,0.0380914838431561,0.0417876637909992,0.0502979266624439,0.0420288780671281,0.0390602529622078,0.0387084424383483,0.0490184123887331,0.0603986995943082,0.0869436294027199,0.110994648683965,0.18872613335368,0.195046440326994,1,0.982963562240154,0.974867519962158,0.967085496051629,0.967362634314306,0.967352087215472,0.961908516156844,0.958212336209001,0.949702073337556,0.957971121932872,0.960939747037792,0.961291557561652,0.950981587611267,0.939601300405692,0.91305637059728,0.889005351316035,0.81127386664632,0.804953559673006,0,1e+05,1703.64377598456,98491.8904097501,5938747.51862637,59.3874751862637,2023,"Total","GMoH report",18.5975148137363
0,1,0.017655,0.00686481,0.00731019,0.00717625,0.0073191,0.00858208,0.0092148,0.0105936,0.009565,0.00873779,0.00845565,0.0109455,0.0130278,0.0195683,0.0248405,0.0417461,0.0435464,0.153939,0.11406033025,0.0173831062311845,0.0270873410998882,0.0358949526894969,0.0352488633607682,0.0359379169795868,0.0420090866442307,0.045036494281243,0.0516013888185301,0.0467080927325333,0.0427549896964506,0.0414030262526666,0.0532698374845326,0.0630843734973772,0.0932782576758063,0.116940357616564,0.18900495103409,0.196355556036527,1,0.982616893768816,0.972912658900112,0.964105047310503,0.964751136639232,0.964062083020413,0.957990913355769,0.954963505718757,0.94839861118147,0.953291907267467,0.957245010303549,0.958596973747333,0.946730162515467,0.936915626502623,0.906721742324194,0.883059642383436,0.810995048965911,0.803644443963473,0,1e+05,1738.31062311845,98459.9616606315,5800563.96439966,58.0056396439966,2023,"Total","GMoH report",19.9793503560034
0,1,0.0171782,0.00682701,0.00701634,0.00669462,0.00670474,0.00803233,0.00895144,0.00971057,0.00918256,0.00825449,0.00795028,0.0106287,0.012834,0.0181882,0.0246008,0.0416126,0.0429658,0.151776,0.11501176081,0.0169209590361481,0.026940197997735,0.0344769450779298,0.032922097666303,0.0329710443010819,0.0393710468971907,0.0437775203823711,0.0474020965580654,0.0448824602886301,0.0404379630950293,0.0389767105932615,0.0517679353635048,0.0621751115460452,0.086985716000595,0.115877313467144,0.188457485135161,0.193991500020995,1,0.983079040963852,0.973059802002265,0.96552305492207,0.967077902333697,0.967028955698918,0.960628953102809,0.956222479617629,0.952597903441935,0.95511753971137,0.959562036904971,0.961023289406739,0.948232064636495,0.937824888453955,0.913014283999405,0.884122686532856,0.811542514864839,0.806008499979005,0,1e+05,1692.09590361481,98502.5150257193,5894310.2707462,58.943102707462,2023,"Total","GMoH report",19.041887292538
0,1,0.0176591,0.00685411,0.00738036,0.00723705,0.00692031,0.00858228,0.00903689,0.0104865,0.00930272,0.0085944,0.00807764,0.0106603,0.0129062,0.0188026,0.0234867,0.0423851,0.043214,0.15424,0.114052148905,0.0173870784329232,0.0270456917080144,0.0362332636752543,0.0355421983338697,0.0340130970606997,0.0420100450758657,0.0441861857496521,0.0510930322921704,0.0454564289238049,0.0420681242816838,0.0395887410052656,0.0519178503497903,0.062513955954161,0.089792183716147,0.110920602701336,0.19162082990589,0.195002865432951,1,0.982612921567077,0.972954308291986,0.963766736324746,0.96445780166613,0.9659869029393,0.957989954924134,0.955813814250348,0.94890696770783,0.954543571076195,0.957931875718316,0.960411258994734,0.94808214965021,0.937486044045839,0.910207816283853,0.889079397298664,0.80837917009411,0.804997134567049,0,1e+05,1738.70784329232,98459.5955225532,5828993.2966377,58.289932966377,2023,"Total","GMoH report",19.695057033623
0,1,0.0168123,0.00636711,0.00638398,0.00623742,0.0063747,0.00748806,0.00800369,0.0095406,0.00821155,0.00780181,0.00740272,0.00981912,0.0125276,0.0185269,0.022887,0.0412412,0.0428912,0.150926,0.115741895965,0.0165660226730854,0.0251481973226895,0.0314184629029914,0.030708249377913,0.0313735082425161,0.0367522915886173,0.0392334196781407,0.0465917176465532,0.0402318356744193,0.038262753174146,0.0363410435747704,0.0479192869283405,0.0607358150097109,0.0885338552910219,0.108241681583969,0.186932679903871,0.193687298370345,1,0.983433977326915,0.97485180267731,0.968581537097009,0.969291750622087,0.968626491757484,0.963247708411383,0.960766580321859,0.953408282353447,0.959768164325581,0.961737246825854,0.96365895642523,0.95208071307166,0.939264184990289,0.911466144708978,0.891758318416031,0.813067320096129,0.806312701629655,0,1e+05,1656.60226730854,98535.1360199697,6010053.66836302,60.1005366836302,2023,"Total","GMoH report",17.8844533163698
0,1,0.0168655,0.00599868,0.00617813,0.00623304,0.00597119,0.00706883,0.00774211,0.00902321,0.00825328,0.00745101,0.0073374,0.00981315,0.0118014,0.0181115,0.0231608,0.040111,0.0426154,0.151025,0.115635738025,0.0166176437642832,0.0237102594813093,0.030420790996305,0.0306870164967379,0.0294168164987274,0.0347303919093977,0.0379755233031977,0.0441207725106847,0.0404321552542089,0.0365737711633111,0.036026154239704,0.047890849768974,0.0573159780418425,0.0866347852187754,0.109465716106029,0.182276743821445,0.192561759035045,1,0.983382356235717,0.976289740518691,0.969579209003695,0.969312983503262,0.970583183501273,0.965269608090602,0.962024476696802,0.955879227489315,0.959567844745791,0.963426228836689,0.963973845760296,0.952109150231026,0.942684021958157,0.913365214781225,0.890534283893971,0.817723256178555,0.807438240964955,0,1e+05,1661.76437642833,98530.3949736636,6067169.06643613,60.6716906643613,2023,"Total","GMoH report",17.3132993356387
0,1,0.0168723,0.00607911,0.0063707,0.00612174,0.00649052,0.00745719,0.00794767,0.00916994,0.00824029,0.00759654,0.00735932,0.00964096,0.0121861,0.018051,0.0233101,0.0403946,0.0424118,0.151715,0.115622168965,0.0166242415774862,0.0240243467073755,0.0313541306004591,0.030147314940589,0.0319344224805046,0.0366035509153735,0.0389641642027273,0.0448221587343391,0.0403698027943298,0.0372748012041515,0.0361318356481938,0.0470702929707029,0.0591291166781218,0.0863578845643235,0.110132500972691,0.183447299308393,0.191729967419495,1,0.983375758422514,0.975975653292625,0.968645869399541,0.969852685059411,0.968065577519495,0.963396449084627,0.961035835797273,0.955177841265661,0.95963019720567,0.962725198795849,0.963868164351806,0.952929707029297,0.940870883321878,0.913642115435677,0.889867499027309,0.816552700691607,0.808270032580505,0,1e+05,1662.42415774862,98529.7889291101,6033138.43058081,60.3313843058081,2023,"Total","GMoH report",17.6536056941919
0,1,0.0180463,0.00650474,0.0071778,0.0068647,0.0068533,0.00826714,0.00904952,0.0103656,0.00898434,0.00853494,0.00810948,0.0105491,0.0131707,0.0188919,0.024624,0.0414501,0.0421653,0.152274,0.113279510665,0.017762070915512,0.0256848139269141,0.0352563425609156,0.033744387261908,0.0336892929220434,0.0404986793695912,0.0442465743511935,0.0505188544068996,0.0439348851352108,0.0417831581308566,0.0397416889213159,0.0513901991259998,0.0637542788005055,0.0901994046674094,0.115980255473077,0.187790647232836,0.190721886136248,1,0.982237929084488,0.974315186073086,0.964743657439084,0.966255612738092,0.966310707077957,0.959501320630409,0.955753425648806,0.9494811455931,0.956065114864789,0.958216841869143,0.960258311078684,0.948609800874,0.936245721199495,0.909800595332591,0.884019744526923,0.812209352767164,0.809278113863752,0,1e+05,1776.2070915512,98425.0007786194,5862887.14222598,58.6288714222598,2023,"Total","GMoH report",19.3561185777402
0,1,0.0171563,0.00620561,0.00640152,0.00633719,0.00619876,0.00760035,0.00799678,0.00965758,0.00837473,0.00831598,0.00763758,0.00961621,0.0125939,0.0178697,0.0237573,0.0406324,0.0425316,0.15099,0.115055461165,0.0168997220987425,0.0245181399708312,0.0315034254793142,0.0311917794184677,0.0305208218754779,0.0372931475647653,0.0392002113350012,0.047149524244126,0.0410149276376626,0.0407330616842378,0.037472403795548,0.0469522922444891,0.0610474367168298,0.0855276178196218,0.112126917931561,0.184427654434853,0.19221949347798,1,0.983100277901257,0.975481860029169,0.968496574520686,0.968808220581532,0.969479178124522,0.962706852435235,0.960799788664999,0.952850475755874,0.958985072362337,0.959266938315762,0.962527596204452,0.953047707755511,0.93895256328317,0.914472382180378,0.887873082068439,0.815572345565147,0.80778050652202,0,1e+05,1689.97220987426,98504.4683220889,6001504.20561933,60.0150420561933,2023,"Total","GMoH report",17.9699479438067
0,1,0.0167149,0.00592148,0.0061938,0.00615541,0.00617519,0.00738161,0.0082847,0.00917037,0.00822878,0.00772313,0.00725432,0.00952739,0.0119958,0.0181735,0.0231136,0.0404784,0.0426146,0.152002,0.115936252795,0.0164715000324638,0.0234086917993678,0.0304967727227742,0.0303106143532595,0.0304065346778074,0.0362392892501947,0.040582955961857,0.0448242134443899,0.040314551071093,0.0378841887140423,0.0356255030026446,0.0465287071519197,0.0582326324685834,0.0869184680521363,0.109254819509465,0.18379289427132,0.192558492196145,1,0.983528499967536,0.976591308200632,0.969503227277226,0.96968938564674,0.969593465322193,0.963760710749805,0.959417044038143,0.95517578655561,0.959685448928907,0.962115811285958,0.964374496997355,0.95347129284808,0.941767367531417,0.913081531947864,0.890745180490535,0.81620710572868,0.807441507803855,0,1e+05,1647.1500032464,98543.8143959213,6045161.85397243,60.4516185397243,2023,"Total","GMoH report",17.5333714602757
0,1,0.0171251,0.00599702,0.00627512,0.00626116,0.00619963,0.0072874,0.0077467,0.00951741,0.00821306,0.00768426,0.00706254,0.00956167,0.0118458,0.0180056,0.0231244,0.0402966,0.0421162,0.151588,0.115117719205,0.0168694652261854,0.0237037759629493,0.0308909883529171,0.0308233255672287,0.0305250401138967,0.0357850500653838,0.0379976097905881,0.0464811007668758,0.0402390849523531,0.0376971139381246,0.0347000242272355,0.0466922112120502,0.0575254136378227,0.0861500420090066,0.109303079661679,0.183042976030249,0.190520953541173,1,0.983130534773815,0.976296224037051,0.969109011647083,0.969176674432771,0.969474959886103,0.964214949934616,0.962002390209412,0.953518899233124,0.959760915047647,0.962302886061875,0.965299975772764,0.95330778878795,0.942474586362177,0.913849957990993,0.890696920338321,0.816957023969751,0.809479046458827,0,1e+05,1686.94652261854,98507.2509134861,6047674.22031526,60.4767422031526,2023,"Total","GMoH report",17.5082477968474
0,1,0.0174008,0.00642956,0.00678401,0.00694134,0.00683828,0.00794973,0.00849732,0.0102239,0.00873784,0.00814903,0.00753084,0.010266,0.0126671,0.0188657,0.0236994,0.0412703,0.0428503,0.15246,0.11456757364,0.0171367698022506,0.0253917247642495,0.0333543592335402,0.0341146957446004,0.0336166989989241,0.0389740667312122,0.0416028188385667,0.0498454624413643,0.0427552291219232,0.0399316396758312,0.0369583808675682,0.0500455801845632,0.061391373337007,0.0900799468660241,0.111868933493887,0.187052244395329,0.193520474074422,1,0.982863230197749,0.97460827523575,0.96664564076646,0.9658853042554,0.966383301001076,0.961025933268788,0.958397181161433,0.950154537558636,0.957244770878077,0.960068360324169,0.963041619132432,0.949954419815437,0.938608626662993,0.909920053133976,0.888131066506113,0.812947755604671,0.806479525925578,0,1e+05,1713.67698022506,98482.654833402,5915987.98374623,59.1598798374623,2023,"Total","GMoH report",18.8251101625377
0,1,0.0171457,0.00618425,0.00637136,0.00609169,0.00613564,0.00752375,0.00788369,0.00925685,0.00847699,0.00779523,0.00727071,0.00956064,0.01213,0.0177999,0.0230915,0.0404168,0.0430664,0.150791,0.115076612935,0.0168894427192174,0.0244347784428299,0.0313573279376775,0.030001549650031,0.0302147331861838,0.0369242283425199,0.0386565591774459,0.0452373613294439,0.0415053489304257,0.0382310994662689,0.0357045563134162,0.0466872988576246,0.0588649212627084,0.0852077753010472,0.109156057259482,0.183538865910656,0.19440156148153,1,0.983110557280783,0.97556522155717,0.968642672062322,0.969998450349969,0.969785266813816,0.96307577165748,0.961343440822554,0.954762638670556,0.958494651069574,0.961768900533731,0.964295443686584,0.953312701142375,0.941135078737292,0.914792224698953,0.890843942740518,0.816461134089344,0.80559843851847,0,1e+05,1688.94427192173,98505.413714327,6034811.55374025,60.3481155374025,2023,"Total","GMoH report",17.6368744625975
0,1,0.0180155,0.00673141,0.00705117,0.00702838,0.00711565,0.00818456,0.00886067,0.0103742,0.00904797,0.00872463,0.00846879,0.0105959,0.0129253,0.018731,0.0231538,0.0418603,0.0429439,0.152887,0.113340970525,0.0177322519976102,0.0265679603322794,0.0346451282771156,0.0345350857352993,0.0349564061219459,0.0401022517853199,0.0433432249670774,0.0505597086756429,0.044239163440904,0.0426919708753544,0.041466032202852,0.0516123029966933,0.0626035750291881,0.0894655518698162,0.10943444203975,0.189473007645177,0.193902207480451,1,0.98226774800239,0.973432039667721,0.965354871722884,0.965464914264701,0.965043593878054,0.95989774821468,0.956656775032923,0.949440291324357,0.955760836559096,0.957308029124646,0.958533967797148,0.948387697003307,0.937396424970812,0.910534448130184,0.89056555796025,0.810526992354823,0.806097792519549,0,1e+05,1773.22519976101,98427.7538653393,5854435.6374838,58.544356374838,2023,"Total","GMoH report",19.4406336251619
0,1,0.0172212,0.00622121,0.00647716,0.0062885,0.00617429,0.00728223,0.00776364,0.00933493,0.0084094,0.00767124,0.00739372,0.0103113,0.012731,0.0181475,0.0226656,0.0405325,0.0424623,0.153986,0.11492595646,0.0169626545891224,0.0245790175405728,0.0318697365431307,0.0309558355700444,0.0304021704574162,0.0357601165167456,0.0380791185795771,0.0456102292565162,0.0411812264849927,0.037634442890796,0.0362976631058525,0.0502608629106729,0.0616915133585798,0.0867995145253768,0.107250743850458,0.184015935260168,0.191936352543482,1,0.983037345410878,0.975420982459427,0.968130263456869,0.969044164429956,0.969597829542584,0.964239883483254,0.961920881420423,0.954389770743484,0.958818773515007,0.962365557109204,0.963702336894148,0.949739137089327,0.93830848664142,0.913200485474623,0.892749256149542,0.815984064739832,0.808063647456518,0,1e+05,1696.26545891224,98498.6794713633,6017526.8864913,60.175268864913,2023,"Total","GMoH report",17.8097211350869
0,1,0.0167466,0.00606561,0.00607042,0.0059789,0.00580202,0.00736454,0.00814703,0.00919951,0.00813584,0.00795559,0.00724684,0.00999467,0.0116078,0.0179015,0.0231231,0.0408321,0.0417679,0.152347,0.11587299703,0.016502265456456,0.0239716348241881,0.0298983609788667,0.0294542401095229,0.0285953234042551,0.0361570008032609,0.0399220349588235,0.0449634458262181,0.0398682948304662,0.039002235512939,0.0355894228669767,0.0487551216214591,0.0564022353317891,0.0856732986122328,0.109297270699709,0.185250121304687,0.189094318532424,1,0.983497734543544,0.976028365175812,0.970101639021133,0.970545759890477,0.971404676595745,0.963842999196739,0.960077965041176,0.955036554173782,0.960131705169534,0.960997764487061,0.964410577133023,0.951244878378541,0.943597764668211,0.914326701387767,0.890702729300291,0.814749878695313,0.810905681467576,0,1e+05,1650.22654564561,98540.9901499768,6058332.95639285,60.5833295639285,2023,"Total","GMoH report",17.4016604360715
0,1,0.0169872,0.00609547,0.0066914,0.0065061,0.00647516,0.007632,0.00830427,0.00969085,0.00865841,0.00805078,0.00799152,0.00970753,0.0120965,0.0185489,0.0238186,0.0410166,0.0422547,0.152722,0.11539289176,0.0167357124841627,0.0240882219317237,0.0329065232262103,0.0320098517586821,0.031860052653648,0.0374455391137104,0.0406768707072302,0.0473081104935587,0.0423748039346602,0.0394596966583424,0.039174931871133,0.0473876084239897,0.058707123210219,0.0886343268373182,0.11239997489492,0.186009324819066,0.191087624393817,1,0.983264287515837,0.975911778068276,0.96709347677379,0.967990148241318,0.968139947346352,0.96255446088629,0.95932312929277,0.952691889506441,0.95762519606534,0.960540303341658,0.960825068128867,0.95261239157601,0.941292876789781,0.911365673162682,0.88760002510508,0.813990675180934,0.808912375606183,0,1e+05,1673.57124841628,98519.5469775049,5972426.83982423,59.7242683982423,2023,"Total","GMoH report",18.2607216017577
0,1,0.0169745,0.00619443,0.00648588,0.00614947,0.00608977,0.00730805,0.00788679,0.00943714,0.00799959,0.00746581,0.00733918,0.00957118,0.0119365,0.0182175,0.0231776,0.0412466,0.0429221,0.152137,0.115418233975,0.0167233926867843,0.0244745087376801,0.0319119571877872,0.0302818073356097,0.029992235460647,0.0358846332646752,0.0386714656780133,0.046098114108554,0.0392137158765282,0.0366450868601712,0.0360347364572198,0.0467375658609573,0.0579531068502063,0.0871197403265048,0.109540769643762,0.186954868320798,0.193813313898765,1,0.983276607313216,0.97552549126232,0.968088042812213,0.96971819266439,0.970007764539353,0.964115366735325,0.961328534321987,0.953901885891446,0.960786284123472,0.963354913139829,0.96396526354278,0.953262434139043,0.942046893149794,0.912880259673495,0.890459230356238,0.813045131679202,0.806186686101235,0,1e+05,1672.33926867844,98520.6791763195,6038216.57998446,60.3821657998446,2023,"Total","GMoH report",17.6028242001553
0,1,0.0173207,0.00664175,0.00687284,0.00660317,0.0065651,0.0079613,0.0086775,0.0101258,0.00900125,0.0081423,0.00799258,0.0102188,0.0128197,0.0188307,0.0233972,0.0406043,0.0421766,0.153016,0.114727409185,0.0170591232350698,0.0262187235852553,0.0337837246644431,0.0324796779129882,0.0322954429684201,0.0390296824723325,0.0424662478360076,0.0493789954204295,0.0440157578980504,0.0398993194285424,0.0391800262642031,0.0498212173601015,0.0621079856411891,0.0899203425154842,0.110521278836988,0.184311864409857,0.190768122962635,1,0.98294087676493,0.973781276414745,0.966216275335557,0.967520322087012,0.96770455703158,0.960970317527667,0.957533752163992,0.95062100457957,0.95598424210195,0.960100680571458,0.960819973735797,0.950178782639899,0.937892014358811,0.910079657484516,0.889478721163012,0.815688135590143,0.809231877037365,0,1e+05,1705.91232350697,98489.8025776657,5915992.00389532,59.1599200389532,2023,"Total","GMoH report",18.8250699610468
0,1,0.0174566,0.00689136,0.00737709,0.00696574,0.00704751,0.00849362,0.00862134,0.0105801,0.00941412,0.00874318,0.00790775,0.0103959,0.0133897,0.0187947,0.0237648,0.0428591,0.0432627,0.152843,0.11445622753,0.0171908537532206,0.0271906784917383,0.0362175005963148,0.034232562180787,0.034627456632765,0.0415850803251223,0.0421972087899276,0.0515373248727837,0.0459882526767763,0.0427807994252039,0.0387722469112195,0.0506627868358334,0.0647800368514261,0.0897561502091598,0.112160330447456,0.193556370412169,0.195201175284995,1,0.982809146246779,0.972809321508262,0.963782499403685,0.965767437819213,0.965372543367235,0.958414919674878,0.957802791210072,0.948462675127216,0.954011747323224,0.957219200574796,0.96122775308878,0.949337213164167,0.935219963148574,0.91024384979084,0.887839669552544,0.80644362958783,0.804798824715005,0,1e+05,1719.08537532206,98477.6746515393,5837538.49455864,58.3753849455864,2023,"Total","GMoH report",19.6096050544136
0,1,0.0177332,0.00687683,0.00708641,0.00708747,0.00690561,0.00844184,0.0090159,0.0103745,0.00917097,0.00850725,0.00816404,0.0107828,0.0133893,0.0188575,0.0252809,0.0416753,0.0421808,0.152626,0.11390428606,0.0174588634228892,0.0271341264504041,0.0348152619489312,0.0348203790207544,0.0339420731997281,0.0413368033010526,0.0440858167127488,0.0505611337936446,0.044827080474453,0.0416504235848935,0.0400037200729393,0.0524987901148734,0.0647781643114614,0.0900425562392938,0.118890361640977,0.188714650785317,0.190785307729327,1,0.982541136577111,0.972865873549596,0.965184738051069,0.965179620979246,0.966057926800272,0.958663196698947,0.955914183287251,0.949438866206355,0.955172919525547,0.958349576415106,0.959996279927061,0.947501209885127,0.935221835688539,0.909957443760706,0.881109638359023,0.811285349214683,0.809214692270673,0,1e+05,1745.88634228891,98452.9775950714,5840538.65224544,58.4053865224544,2023,"Total","GMoH report",19.5796034775456
0,1,0.0176603,0.00681259,0.00664022,0.00680399,0.00700235,0.00799044,0.00893277,0.00992587,0.00893041,0.0085177,0.00799921,0.0106608,0.0128465,0.0193138,0.0236079,0.040809,0.0434768,0.153932,0.114049754365,0.0173882410227481,0.0268840598454746,0.0326589435742485,0.0334509501738171,0.034409383631323,0.0391697413302135,0.0436882082108509,0.0484276340012403,0.0436769180360052,0.0417005187290539,0.0392118896504726,0.051920222236941,0.0622337842273097,0.0921209843320205,0.111461094091966,0.185155021789483,0.196072489023101,1,0.982611758977252,0.973115940154525,0.967341056425752,0.966549049826183,0.965590616368677,0.960830258669786,0.956311791789149,0.95157236599876,0.956323081963995,0.958299481270946,0.960788110349527,0.948079777763059,0.93776621577269,0.90787901566798,0.888538905908034,0.814844978210517,0.803927510976899,0,1e+05,1738.82410227481,98459.4883594736,5886373.91174323,58.8637391174323,2023,"Total","GMoH report",19.1212508825677
0,1,0.0171739,0.00617492,0.00641513,0.00614504,0.0061944,0.0071962,0.00778744,0.00939181,0.00855756,0.00802118,0.0074912,0.00974135,0.0119096,0.0178978,0.0234352,0.0415893,0.0431943,0.151494,0.115020341245,0.0169167892954876,0.0243983641070166,0.0315693463479079,0.030260322765483,0.0304996819256986,0.0353451235546894,0.0381936236192071,0.0458817678839252,0.0418915758161469,0.0393174687647342,0.0367674197626844,0.0475487768076129,0.0578262803294703,0.0856563494710908,0.110690844785696,0.188361900979032,0.194922633255888,1,0.983083210704512,0.975601635892983,0.968430653652092,0.969739677234517,0.969500318074301,0.964654876445311,0.961806376380793,0.954118232116075,0.958108424183853,0.960682531235266,0.963232580237316,0.952451223192387,0.94217371967053,0.914343650528909,0.889309155214304,0.811638099020968,0.805077366744112,0,1e+05,1691.67892954875,98502.8985582049,6025154.23903529,60.2515423903529,2023,"Total","GMoH report",17.7334476096471
0,1,0.0172354,0.00610281,0.00644771,0.00633599,0.00651868,0.00752925,0.00832816,0.00960328,0.00861187,0.00773166,0.00760689,0.0101189,0.0121879,0.0190406,0.023297,0.0399718,0.0411386,0.152969,0.11489762107,0.0169764230779407,0.0241168785448949,0.0317271316401315,0.0311859650925826,0.0320707525666471,0.0369507219420446,0.0407915045584904,0.0468906401335458,0.042151834698292,0.037925237397557,0.0373246389431739,0.0493461774134282,0.0591375923456268,0.0908771131007353,0.110074014226418,0.181701645423639,0.186510996770629,1,0.983023576922059,0.975883121455105,0.968272868359868,0.968814034907417,0.967929247433353,0.963049278057955,0.95920849544151,0.953109359866454,0.957848165301708,0.962074762602443,0.962675361056826,0.950653822586572,0.940862407654373,0.909122886899265,0.889925985773582,0.818298354576361,0.813489003229371,0,1e+05,1697.64230779407,98497.4127547993,5990817.74007246,59.9081774007246,2023,"Total","GMoH report",18.0768125992754
0,1,0.0167371,0.0061047,0.00630267,0.00627567,0.00638473,0.0075927,0.00840989,0.00961766,0.00883498,0.00798227,0.00779201,0.00960193,0.0122741,0.0176923,0.0243353,0.0412004,0.0429882,0.15232,0.115891953805,0.0164930457263329,0.0241242572930068,0.0310245069273111,0.0308936540551395,0.0314220960024753,0.037256310036956,0.0411835766269029,0.0469592058115854,0.0432202743512798,0.0391304749591202,0.0382156089816473,0.04688420291379,0.0595433960076561,0.084714513530654,0.114698447194942,0.18676501653217,0.194082822070656,1,0.983506954273667,0.975875742706993,0.968975493072689,0.96910634594486,0.968577903997525,0.962743689963044,0.958816423373097,0.953040794188415,0.95677972564872,0.96086952504088,0.961784391018353,0.95311579708621,0.940456603992344,0.915285486469346,0.885301552805058,0.81323498346783,0.805917177929344,0,1e+05,1649.30457263329,98541.8365567087,5992996.09692002,59.9299609692002,2023,"Total","GMoH report",18.0550290307998
0,1,0.0170738,0.00645724,0.00647594,0.00638567,0.00632616,0.00786607,0.00846258,0.00974403,0.00832415,0.00806346,0.0076046,0.0100282,0.0123248,0.0187519,0.022986,0.0405549,0.0430685,0.153077,0.11522008579,0.0168197120892071,0.0254996453402463,0.0318638293818817,0.0314266494682256,0.0311383347801185,0.0385718282474441,0.04143625592337,0.0475615471444453,0.0407722638986697,0.0395206177000019,0.0373136122605093,0.0489146844046336,0.0597819971051947,0.0895609070669291,0.108684448185046,0.184108268912683,0.194410119428486,1,0.983180287910793,0.974500354659754,0.968136170618118,0.968573350531774,0.968861665219881,0.961428171752556,0.95856374407663,0.952438452855555,0.95922773610133,0.960479382299998,0.962686387739491,0.951085315595366,0.940218002894805,0.910439092933071,0.891315551814954,0.815891731087317,0.805589880571514,0,1e+05,1681.9712089207,98511.8256580674,5972883.17365088,59.7288317365088,2023,"Total","GMoH report",18.2561582634912
0,1,0.0180045,0.00674356,0.00670045,0.00652315,0.00655956,0.00801103,0.00879358,0.0100391,0.00910155,0.00837939,0.00769971,0.0103499,0.0129942,0.0182534,0.0238074,0.0415173,0.041772,0.152527,0.113362920475,0.0177216019637934,0.026615276571053,0.0329502954816008,0.0320923912943211,0.032268629964082,0.0392686932997865,0.0430221042121063,0.0489665497753751,0.0444953092942327,0.0410372815337228,0.0377714764624189,0.0504442671973357,0.0629267917079707,0.0872839288335731,0.112350091102704,0.188066469875586,0.189111125195802,1,0.982278398036207,0.973384723428947,0.967049704518399,0.967907608705679,0.967731370035918,0.960731306700213,0.956977895787894,0.951033450224625,0.955504690705767,0.958962718466277,0.962228523537581,0.949555732802664,0.937073208292029,0.912716071166427,0.887649908897296,0.811933530124414,0.810888874804198,0,1e+05,1772.16019637934,98428.7370590318,5911598.35695322,59.1159835695322,2023,"Total","GMoH report",18.8690064304678
0,1,0.0171479,0.00660718,0.00673453,0.00673938,0.00677705,0.00803402,0.0085302,0.00963976,0.00867762,0.00860592,0.00800224,0.0100232,0.0126725,0.0190441,0.0235151,0.0405972,0.042523,0.151625,0.115072222945,0.0168915761921848,0.0260840361559818,0.0331151131918896,0.0331385665189341,0.0333207097106388,0.0393791674527531,0.0417604377840365,0.0470645720522832,0.0424668226265975,0.0421233250854515,0.0392264513057575,0.0488908920275731,0.061416740878057,0.0908930587496638,0.111047280250456,0.184282605518147,0.192184361038861,1,0.983108423807815,0.973915963844018,0.96688488680811,0.966861433481066,0.966679290289361,0.960620832547247,0.958239562215964,0.952935427947717,0.957533177373402,0.957876674914548,0.960773548694242,0.951109107972427,0.938583259121943,0.909106941250336,0.888952719749544,0.815717394481853,0.807815638961139,0,1e+05,1689.15761921849,98505.2175029295,5923463.40208957,59.2346340208957,2023,"Total","GMoH report",18.7503559791043
0,1,0.0170092,0.00601006,0.00603236,0.00605356,0.00600638,0.00699384,0.00762791,0.00906558,0.00792951,0.00760953,0.00726488,0.0094507,0.0121535,0.0179247,0.0227128,0.0404823,0.0417141,0.151363,0.11534899186,0.0167570531702072,0.0237547055882644,0.0297136908004081,0.0298165591751,0.029587613869516,0.0343682842963913,0.0374258475088224,0.0443233576386456,0.0388768637993363,0.0373373507729321,0.0356764374084994,0.0461628225327249,0.0589756001101531,0.0857795674675366,0.107462087734273,0.183808974844165,0.188873753407464,1,0.983242946829793,0.976245294411736,0.970286309199592,0.9701834408249,0.970412386130484,0.965631715703609,0.962574152491178,0.955676642361354,0.961123136200664,0.962662649227068,0.964323562591501,0.953837177467275,0.941024399889847,0.914220432532463,0.892537912265727,0.816191025155835,0.811126246592536,0,1e+05,1675.70531702072,98517.5856019521,6083053.710224,60.83053710224,2023,"Total","GMoH report",17.15445289776
0,1,0.0172965,0.00617338,0.00651979,0.00661629,0.00625018,0.00794517,0.00820897,0.00938409,0.00868535,0.00794054,0.0076767,0.00977136,0.0123955,0.0185163,0.0230908,0.0407834,0.0421489,0.151769,0.114775699075,0.0170356621703919,0.0243923534659211,0.032076125986388,0.0325431624984823,0.0307701032895542,0.0389521464367381,0.040219449366828,0.0458449179107083,0.0425038480092325,0.038929889145119,0.0376607247851055,0.0476917664523943,0.0601146229772148,0.0884854425024784,0.109152928874842,0.185049618474743,0.19065477715765,1,0.982964337829608,0.975607646534079,0.967923874013612,0.967456837501518,0.969229896710446,0.961047853563262,0.959780550633172,0.954155082089292,0.957496151990767,0.961070110854881,0.962339275214895,0.952308233547606,0.939885377022785,0.911514557497522,0.890847071125158,0.814950381525257,0.80934522284235,0,1e+05,1703.5662170392,98491.961786442,5982345.16264958,59.8234516264958,2023,"Total","GMoH report",18.1615383735042
0,1,0.0171385,0.00655684,0.00682767,0.00665092,0.00674913,0.00829954,0.0086622,0.0102409,0.0087387,0.00841814,0.0081556,0.0103233,0.012964,0.0188695,0.0239822,0.0422137,0.0431114,0.152878,0.115090980175,0.01688246038238,0.0258878746953649,0.033565416039671,0.0327107092245113,0.0331857132675367,0.0406541726694084,0.0423929592705173,0.0499262750252352,0.0427593472308837,0.0412231444959815,0.0399631905087178,0.0503178834835848,0.0627851338131169,0.0900972737332272,0.113128334161198,0.19091991044149,0.194584928304711,1,0.98311753961762,0.974112125304635,0.966434583960329,0.967289290775489,0.966814286732463,0.959345827330592,0.957607040729483,0.950073724974765,0.957240652769116,0.958776855504018,0.960036809491282,0.949682116516415,0.937214866186883,0.909902726266773,0.886871665838802,0.80908008955851,0.805415071695289,0,1e+05,1688.24603823801,98506.0558530794,5896712.37032259,58.9671237032259,2023,"Total","GMoH report",19.0178662967741
0,1,0.0170708,0.00617025,0.00613401,0.0062427,0.00613686,0.00728371,0.00808264,0.00936891,0.00827004,0.0075266,0.00766435,0.0096357,0.0119612,0.0182091,0.0228804,0.0414675,0.0434095,0.152823,0.11522607214,0.0168168024006246,0.0243801369203346,0.0302068275444354,0.0307338445712378,0.0302206502507554,0.0357672542317001,0.039612760787864,0.0457724549722157,0.0405125979853922,0.0369379569333634,0.0376012766384895,0.0470452160297552,0.0580695463553364,0.0870813188904785,0.108212156439504,0.187862073652081,0.195798691728526,1,0.983183197599375,0.975619863079665,0.969793172455565,0.969266155428762,0.969779349749245,0.9642327457683,0.960387239212136,0.954227545027784,0.959487402014608,0.963062043066637,0.96239872336151,0.952954783970245,0.941930453644664,0.912918681109522,0.891787843560496,0.812137926347919,0.804201308271474,0,1e+05,1681.68024006246,98512.0931685954,6032817.9494262,60.328179494262,2023,"Total","GMoH report",17.656810505738
0,1,0.0176665,0.00654487,0.00705571,0.00663699,0.00682802,0.00819664,0.00886564,0.0102113,0.0085912,0.00843832,0.00766579,0.0102299,0.0124023,0.0184943,0.02382,0.041588,0.0420837,0.153289,0.114037382575,0.0173942476949601,0.02584122508239,0.034667048399837,0.0326433165856358,0.0335671077916413,0.0401602521765,0.0433670092698423,0.0497855617336724,0.0420527901726714,0.0413199231648979,0.0376082084297532,0.0498739852945873,0.0601466092696379,0.088384955302856,0.112406210183569,0.188356567660353,0.190387928801718,1,0.98260575230504,0.97415877491761,0.965332951600163,0.967356683414364,0.966432892208359,0.9598397478235,0.956632990730158,0.950214438266328,0.957947209827329,0.958680076835102,0.962391791570247,0.950126014705413,0.939853390730362,0.911615044697144,0.887593789816431,0.811643432339647,0.809612071198282,0,1e+05,1739.42476949601,98458.9346784034,5901296.53483226,59.0129653483226,2023,"Total","GMoH report",18.9720246516774
0,1,0.0175651,0.00650631,0.00704111,0.00651633,0.00650158,0.0075938,0.00817408,0.00956204,0.00881963,0.00790822,0.00784321,0.0101898,0.0126089,0.0182793,0.0245496,0.0414405,0.04242,0.152977,0.114239721205,0.0172960007283357,0.0256909336430577,0.0345965546330197,0.0320593763109098,0.031987969148853,0.0372616070215003,0.0400519307840419,0.0466939758381905,0.0431468029067,0.0387745066770167,0.0384618883320382,0.0496833417115686,0.0611179254737355,0.0874023648791609,0.115650091296753,0.187751237142944,0.191763482663532,1,0.982703999271664,0.974309066356942,0.96540344536698,0.96794062368909,0.968012030851147,0.9627383929785,0.959948069215958,0.95330602416181,0.9568531970933,0.961225493322983,0.961538111667962,0.950316658288431,0.938882074526264,0.912597635120839,0.884349908703247,0.812248762857055,0.808236517336468,0,1e+05,1729.60007283356,98467.9889572831,5945424.08716736,59.4542408716736,2023,"Total","GMoH report",18.5307491283264
0,1,0.0166793,0.005937,0.0059505,0.00595818,0.00574453,0.00695598,0.00751244,0.00905858,0.00804465,0.00729356,0.007175,0.00936462,0.0121146,0.0182859,0.0226289,0.0409733,0.0414344,0.150087,0.116007290815,0.0164369474080441,0.0234693252321929,0.0293163821697473,0.0293536639660765,0.0283159947960358,0.0341854173023824,0.0368697456205263,0.0442898911935792,0.0394302437245532,0.0358147572969236,0.0352428317062688,0.0457519753416893,0.0587923844484034,0.0874325431481195,0.107086382403096,0.185831205653494,0.187726194424358,1,0.983563052591956,0.976530674767807,0.970683617830253,0.970646336033923,0.971684005203964,0.965814582697618,0.963130254379474,0.955710108806421,0.960569756275447,0.964185242703076,0.964757168293731,0.954248024658311,0.941207615551597,0.91256745685188,0.892913617596904,0.814168794346506,0.812273805575642,0,1e+05,1643.69474080441,98546.9858330032,6103619.77815035,61.0361977815035,2023,"Total","GMoH report",16.9487922184965
0,1,0.0175488,0.00673215,0.00675552,0.00663258,0.00673767,0.00805574,0.0090047,0.0098748,0.00904186,0.0082468,0.00781445,0.0105038,0.01286,0.0188318,0.0235636,0.0412022,0.0433951,0.153158,0.11427224704,0.0172802058259301,0.0265708422092421,0.0332166112951583,0.0326219802653295,0.0331302974715865,0.0394835274220135,0.0440322568420363,0.0481844699893724,0.0442099495635972,0.0404010515207957,0.0383235562153327,0.051175165735372,0.0622971467325486,0.0899253590582186,0.111263574112601,0.186772414099476,0.195740097263141,1,0.98271979417407,0.973429157790758,0.966783388704842,0.96737801973467,0.966869702528413,0.960516472577987,0.955967743157964,0.951815530010628,0.955790050436403,0.959598948479204,0.961676443784667,0.948824834264628,0.937702853267451,0.910074640941781,0.888736425887399,0.813227585900524,0.804259902736859,0,1e+05,1728.020582593,98469.4442123113,5901107.56011625,59.0110756011625,2023,"Total","GMoH report",18.9739143988375
0,1,0.0169348,0.00604022,0.00622842,0.00587624,0.00587909,0.00724778,0.00793252,0.00887267,0.00825304,0.00728748,0.00722174,0.00952915,0.0118777,0.0177414,0.0228191,0.0407722,0.0422137,0.151134,0.11549745334,0.0166848792998149,0.0238724898190899,0.0306646196738278,0.0289558216070988,0.0289696618763977,0.0355939570744867,0.0388913342824446,0.043400650867665,0.0404310032816902,0.035785435879345,0.0354683421371364,0.0465371024260422,0.0576758586347355,0.0849396301156649,0.107937886438905,0.185003500674498,0.19091991044149,1,0.983315120700185,0.97612751018091,0.969335380326172,0.971044178392901,0.971030338123602,0.964406042925513,0.961108665717555,0.956599349132335,0.95956899671831,0.964214564120655,0.964531657862864,0.953462897573958,0.942324141365265,0.915060369884335,0.892062113561095,0.814996499325502,0.80908008955851,0,1e+05,1668.48792998149,98524.2181768599,6077649.0666397,60.776490666397,2023,"Total","GMoH report",17.208499333603
0,1,0.0176177,0.00633414,0.00686118,0.00644501,0.00654269,0.00810788,0.00836167,0.00992554,0.00878852,0.00788615,0.00771992,0.0100608,0.0123629,0.0182086,0.0240509,0.0411879,0.0428629,0.152583,0.114134760535,0.0173469674740449,0.0250196046428945,0.0337273760057423,0.0317140564722396,0.0321869764771813,0.0397340036658934,0.0409522764465137,0.0484260629381619,0.0429978806645549,0.0386683882254889,0.0378687408748633,0.0490697964789612,0.0599612622765045,0.0870790318515688,0.113434024075883,0.186713642871892,0.193571870662456,1,0.982653032525955,0.974980395357105,0.966272623994258,0.96828594352776,0.967813023522819,0.960265996334107,0.959047723553486,0.951573937061838,0.957002119335445,0.961331611774511,0.962131259125137,0.950930203521039,0.940038737723496,0.912920968148431,0.886565975924117,0.813286357128108,0.806428129337544,0,1e+05,1734.69674740449,98463.2924504614,5942977.98857215,59.4297798857215,2023,"Total","GMoH report",18.5552101142785
0,1,0.0166525,0.00592889,0.00609672,0.00633071,0.00601542,0.00714126,0.00816007,0.00902808,0.00819163,0.00788554,0.00732794,0.00960635,0.0121416,0.0181388,0.0237707,0.0405867,0.042123,0.151383,0.116060768875,0.0164109343604628,0.0234376416021627,0.0300259504681545,0.0311603816507002,0.0296314854248639,0.035080011296325,0.0399846560198796,0.0441440597427932,0.0401361977951385,0.0386654550195626,0.0359805418700225,0.0469052786901375,0.0589195558031512,0.0867597075420889,0.11218661412882,0.184239333597678,0.190548783935692,1,0.983589065639537,0.976562358397837,0.969974049531846,0.9688396183493,0.970368514575136,0.964919988703675,0.96001534398012,0.955855940257207,0.959863802204861,0.961334544980437,0.964019458129978,0.953094721309863,0.941080444196849,0.913240292457911,0.88781338587118,0.815760666402322,0.809451216064308,0,1e+05,1641.09343604627,98549.373129937,6051653.36373413,60.5165336373413,2023,"Total","GMoH report",17.4684563626587
0,1,0.0167831,0.00602431,0.00621797,0.00588134,0.00591242,0.00730338,0.00791322,0.0091624,0.00806173,0.00737478,0.00719273,0.00977823,0.0121162,0.0178073,0.0232985,0.0398529,0.0412745,0.151322,0.115800163105,0.016537687102276,0.0238103580438655,0.0306139583140549,0.0289805882674971,0.029131505756833,0.0358621133956708,0.0387985464163186,0.0447861289307131,0.039512306140544,0.0362063650577485,0.0353283812311679,0.0477244972237788,0.0587999209931568,0.0852416891710604,0.11008071136562,0.18121012729483,0.187069499823806,1,0.983462312897724,0.976189641956134,0.969386041685945,0.971019411732503,0.970868494243167,0.964137886604329,0.961201453583681,0.955213871069287,0.960487693859456,0.963793634942251,0.964671618768832,0.952275502776221,0.941200079006843,0.91475831082894,0.88991928863438,0.81878987270517,0.812930500176194,0,1e+05,1653.7687102276,98537.7379761547,6072526.03846578,60.7252603846579,2023,"Total","GMoH report",17.2597296153421
0,1,0.0179911,0.0070409,0.00713205,0.00715725,0.00717504,0.00863257,0.00937875,0.0106925,0.00942641,0.00872313,0.00844404,0.0112435,0.0137039,0.0191364,0.0241262,0.0414638,0.0430869,0.15262,0.113389659505,0.0177086279873961,0.0277725130260695,0.0350355615579761,0.035157178215542,0.0352430247197864,0.0422510129332079,0.0458194276082967,0.052070588092064,0.0460469074283703,0.0426847876213906,0.041347353238402,0.0546804995094147,0.0662497984669712,0.0913134721775537,0.11376896782137,0.187846885746917,0.194485099875442,1,0.982291372012604,0.97222748697393,0.964964438442024,0.964842821784458,0.964756975280214,0.957748987066792,0.954180572391703,0.947929411907936,0.95395309257163,0.95731521237861,0.958652646761598,0.945319500490585,0.933750201533029,0.908686527822446,0.88623103217863,0.812153114253083,0.805514900124558,0,1e+05,1770.8627987396,98429.9347310396,5800669.22631297,58.0066922631297,2023,"Total","GMoH report",19.9782977368703
0,1,0.0179726,0.00657915,0.00699343,0.00688533,0.00666919,0.00816128,0.00863624,0.0102842,0.00896475,0.00883165,0.00815224,0.0102944,0.0124415,0.0186658,0.024584,0.0421754,0.0427661,0.153005,0.11342657533,0.0176907156149453,0.0259748155840997,0.0343663041440251,0.0338440808372226,0.0327990915662925,0.0399904665136291,0.042268595658574,0.0501320791782867,0.043841186801552,0.0432043360635117,0.039947055049851,0.0501805532807662,0.0603309802723538,0.0891680189783832,0.115802762233151,0.190763212969333,0.193176939246252,1,0.982309284385055,0.9740251844159,0.965633695855975,0.966155919162777,0.967200908433708,0.960009533486371,0.957731404341426,0.949867920821713,0.956158813198448,0.956795663936488,0.960052944950149,0.949819446719234,0.939669019727646,0.910831981021617,0.88419723776685,0.809236787030667,0.806823060753748,0,1e+05,1769.07156149452,98431.5881672395,5880913.63083229,58.8091363083229,2023,"Total","GMoH report",19.1758536916771
0,1,0.0170602,0.00613025,0.00627083,0.00647744,0.00608989,0.00764233,0.00806066,0.0091855,0.00809176,0.00752497,0.00739373,0.0101065,0.0126084,0.0186617,0.0232577,0.0402713,0.0425155,0.152298,0.11524722391,0.0168065213696409,0.0242240016280394,0.0308701956278771,0.0318710922800537,0.0299928176000639,0.0374952718968121,0.0395071654297672,0.0448965078185811,0.0396565713554226,0.0369301051663166,0.0362977113074372,0.0492871973499567,0.0611155759310765,0.0891493059909707,0.109898532265331,0.182938565380028,0.192153721169089,1,0.983193478630359,0.975775998371961,0.969129804372123,0.968128907719946,0.970007182399936,0.962504728103188,0.960492834570233,0.955103492181419,0.960343428644577,0.963069894833683,0.963702288692563,0.950712802650043,0.938884424068923,0.910850694009029,0.890101467734668,0.817061434619972,0.807846278830911,0,1e+05,1680.65213696408,98513.0383561794,6019969.49474613,60.1996949474613,2023,"Total","GMoH report",17.7852950525387
0,1,0.0175025,0.00656968,0.00674887,0.00640425,0.00664379,0.00806019,0.00870631,0.00996475,0.00877295,0.00823583,0.00788545,0.0102309,0.012408,0.0190691,0.0239532,0.0417079,0.0434358,0.152564,0.114364636375,0.0172353379062466,0.0259379124309216,0.0331844560502405,0.0315166487555187,0.0326762152202054,0.0395049073520257,0.0426042357897533,0.0486127160932739,0.0429233392278036,0.0403483937213448,0.0386650222507324,0.0498787390223408,0.0601734204962076,0.0910069484960833,0.112999265013214,0.18884833166896,0.19590569818675,1,0.982764662093753,0.974062087569078,0.966815543949759,0.968483351244481,0.967323784779795,0.960495092647974,0.957395764210247,0.951387283906726,0.957076660772196,0.959651606278655,0.961334977749268,0.950121260977659,0.939826579503792,0.908993051503917,0.887000734986786,0.81115166833104,0.80409430181325,0,1e+05,1723.53379062467,98473.5775246201,5921304.97490676,59.2130497490676,2023,"Total","GMoH report",18.7719402509324
0,1,0.0177768,0.00688006,0.00763528,0.00735552,0.00702246,0.0085748,0.00919823,0.0108357,0.0095688,0.00871591,0.0081835,0.0106218,0.0130845,0.0193615,0.0251959,0.0425751,0.0427137,0.154181,0.11381728444,0.0175010965990207,0.0271466981755013,0.0374613306286934,0.0361135157810062,0.0345064987322813,0.0419741990940215,0.0449573303384035,0.0527495541404995,0.0467262154734443,0.0426502114879746,0.0400971621831848,0.0517351976928648,0.0633502346372231,0.092337994784929,0.118514313049585,0.192397177337812,0.192963082009886,1,0.982498903400979,0.972853301824499,0.962538669371307,0.963886484218994,0.965493501267719,0.958025800905979,0.955042669661597,0.9472504458595,0.953273784526556,0.957349788512025,0.959902837816815,0.948264802307135,0.936649765362777,0.907662005215071,0.881485686950415,0.807602822662188,0.807036917990114,0,1e+05,1750.10965990207,98449.0830690602,5793756.81881029,57.9375681881029,2023,"Total","GMoH report",20.0474218118971
0,1,0.0176419,0.00658406,0.00666381,0.00632636,0.00639763,0.00778215,0.00827435,0.00957987,0.00872144,0.00789867,0.0075748,0.0102492,0.0125361,0.0184558,0.0237642,0.0413119,0.0426187,0.154023,0.114086470645,0.0173704143565292,0.025993948566009,0.0327730662829328,0.0311393038837057,0.03148458321472,0.0381681738644028,0.0405332835628787,0.0467790079624763,0.0426766944254258,0.0387285891371011,0.0371701096338635,0.0499657281476722,0.0607757721081864,0.0882090772788906,0.112157657489708,0.187223140821718,0.192575234620679,1,0.982629585643471,0.974006051433991,0.967226933717067,0.968860696116294,0.96851541678528,0.961831826135597,0.959466716437121,0.953220992037524,0.957323305574574,0.961271410862899,0.962829890366137,0.950034271852328,0.939224227891814,0.911790922721109,0.887842342510292,0.812776859178282,0.807424765379321,0,1e+05,1737.04143565292,98461.1314911048,5958832.9551407,59.588329551407,2023,"Total","GMoH report",18.396660448593
0,1,0.0171639,0.00628667,0.00621208,0.00600027,0.00613776,0.0072702,0.00799203,0.00951173,0.00817713,0.0078545,0.00740236,0.0103383,0.0117986,0.0183983,0.0233256,0.0399013,0.0420779,0.153378,0.115040295745,0.0169070920938672,0.0248344282894116,0.0305854025808391,0.0295579606387947,0.030225015275605,0.0357020965442598,0.0391773829503483,0.046454005114823,0.0400665759985132,0.038516186532207,0.0363393083928134,0.0503891545098276,0.0573027688777961,0.0879463420381966,0.110201698172754,0.181410239069537,0.190364186945332,1,0.983092907906133,0.975165571710588,0.969414597419161,0.970442039361205,0.969774984724395,0.96429790345574,0.960822617049652,0.953545994885177,0.959933424001487,0.961483813467793,0.963660691607187,0.949610845490172,0.942697231122204,0.912053657961803,0.889798301827246,0.818589760930463,0.809635813054667,0,1e+05,1690.70920938672,98503.7904780799,6030791.5534925,60.307915534925,2023,"Total","GMoH report",17.677074465075
0,1,0.0169258,0.00621956,0.00636713,0.00629328,0.00610894,0.00758055,0.00806929,0.00952014,0.00843641,0.00815975,0.00774608,0.0096373,0.0124367,0.0181223,0.0236867,0.0405246,0.0420204,0.151786,0.11551541239,0.0166761479061853,0.0245725787442903,0.0313368357327523,0.030979001178656,0.0300852278701375,0.0371978005329253,0.039548626656027,0.0464941235857167,0.0413107636510663,0.0399831193546154,0.037994626459683,0.0470528440647373,0.0603084061141989,0.0866842069891991,0.11181233680453,0.183983368919693,0.19012878138656,1,0.983323852093815,0.97542742125571,0.968663164267248,0.969020998821344,0.969914772129863,0.962802199467075,0.960451373343973,0.953505876414283,0.958689236348934,0.960016880645385,0.962005373540317,0.952947155935263,0.939691593885801,0.913315793010801,0.88818766319547,0.816016631080307,0.80987121861344,0,1e+05,1667.61479061854,98525.0204196274,6007384.05048766,60.0738405048766,2023,"Total","GMoH report",17.9111494951234
0,1,0.0174909,0.00624012,0.00659178,0.00647584,0.0065093,0.00769342,0.00835128,0.0094698,0.00836457,0.00774291,0.00781934,0.00989347,0.0124699,0.0186215,0.0239836,0.0410078,0.0422164,0.153548,0.114387783595,0.017224096086774,0.0246528070513258,0.0324245610671224,0.0318633451867644,0.0320253435776254,0.0377412026909828,0.0409024308678548,0.0462539606095492,0.0409661886191547,0.037979372835692,0.0383470778997386,0.0482733721032443,0.0604645332907929,0.0889658080151163,0.113134564638821,0.18597312791293,0.1909309559754,1,0.982775903913226,0.975347192948674,0.967575438932878,0.968136654813236,0.967974656422375,0.962258797309017,0.959097569132145,0.953746039390451,0.959033811380845,0.962020627164308,0.961652922100261,0.951726627896756,0.939535466709207,0.911034191984884,0.886865435361179,0.81402687208707,0.8090690440246,0,1e+05,1722.40960867739,98474.6130089019,5973397.03380418,59.7339703380418,2023,"Total","GMoH report",18.2510196619582
0,1,0.0170095,0.0062154,0.00639254,0.00642673,0.00618595,0.00767029,0.00798395,0.00935514,0.00854593,0.00776886,0.00766928,0.0099074,0.0125238,0.0179712,0.0232574,0.04068,0.0427761,0.15143,0.115348393225,0.0167573441734694,0.0245563449867388,0.0314599278815502,0.0316255281733069,0.0304587098593637,0.0376298699618263,0.0391385494453887,0.0457067181323288,0.0418358347126356,0.0381042338544439,0.0376250081929156,0.0483396981854926,0.0607179513036581,0.0859925277148282,0.109897192583048,0.184623763274939,0.193217745944282,1,0.983242655826531,0.975443655013261,0.96854007211845,0.968374471826693,0.969541290140636,0.962370130038174,0.960861450554611,0.954293281867671,0.958164165287364,0.961895766145556,0.962374991807084,0.951660301814507,0.939282048696342,0.914007472285172,0.890102807416952,0.815376236725061,0.806782254055718,0,1e+05,1675.73441734695,98517.5588551659,6006136.70028723,60.0613670028723,2023,"Total","GMoH report",17.9236229971277
0,1,0.0170977,0.00652085,0.00685971,0.00684696,0.00665588,0.00811337,0.0086056,0.0104066,0.00918276,0.00808293,0.00836154,0.0106504,0.0127741,0.0189761,0.0234567,0.041579,0.0422672,0.153713,0.115172394535,0.0168428920225505,0.0257476074282036,0.033720271786066,0.0336586514005168,0.0327347043401905,0.0397603734472115,0.042121791771821,0.0507136093815255,0.0448834159093115,0.0396141539171952,0.0409516527927679,0.0518708857948269,0.0618939027424443,0.090583209877604,0.11078676993421,0.188319643823642,0.191138750511003,1,0.98315710797745,0.974252392571796,0.966279728213934,0.966341348599483,0.96726529565981,0.960239626552788,0.957878208228179,0.949286390618474,0.955116584090688,0.960385846082805,0.959048347207232,0.948129114205173,0.938106097257556,0.909416790122396,0.88921323006579,0.811680356176358,0.808861249488997,0,1e+05,1684.28920225505,98509.6944182581,5893887.7768635,58.938877768635,2023,"Total","GMoH report",19.046112231365
0,1,0.0172896,0.00607514,0.00630775,0.00618248,0.0062542,0.00736237,0.00807472,0.00934795,0.00807987,0.0076102,0.00762545,0.00986542,0.0126623,0.0182173,0.0224873,0.0410174,0.0420045,0.151397,0.11478946768,0.0170289726629146,0.0240088458010405,0.0310491247090414,0.0304418841501977,0.0307895893753222,0.0361465395048639,0.0395747131799784,0.0456723919101097,0.0395994539010219,0.0373405768550444,0.0374140034681348,0.0481398015963386,0.061368823854275,0.0871188255483453,0.1064519572541,0.186012615375266,0.190063675822305,1,0.982971027337085,0.975991154198959,0.968950875290959,0.969558115849802,0.969210410624678,0.963853460495136,0.960425286820022,0.95432760808989,0.960400546098978,0.962659423144956,0.962585996531865,0.951860198403661,0.938631176145725,0.912881174451655,0.8935480427459,0.813987384624734,0.809936324177695,0,1e+05,1702.89726629146,98492.5774044199,6029003.13513654,60.2900313513654,2023,"Total","GMoH report",17.6949586486346
0,1,0.0172709,0.00663168,0.00670332,0.00661041,0.00659262,0.00797527,0.00851184,0.0098977,0.00868466,0.00809754,0.00779447,0.0100755,0.0118861,0.0190096,0.0242905,0.0412359,0.042215,0.152265,0.114826782595,0.0170108426917203,0.0261794919733405,0.0329641764419332,0.0325147110719571,0.0324286259794878,0.039096830550538,0.0416724274136094,0.0482935132351316,0.0425005430837556,0.0396843362496133,0.0382274433490969,0.0491397315860128,0.0577154703691142,0.0907358685815313,0.114499381909329,0.186910901855447,0.190925228678358,1,0.98298915730828,0.97382050802666,0.967035823558067,0.967485288928043,0.967571374020512,0.960903169449462,0.958327572586391,0.951706486764868,0.957499456916244,0.960315663750387,0.961772556650903,0.950860268413987,0.942284529630886,0.909264131418469,0.885500618090671,0.813089098144553,0.809074771321642,0,1e+05,1701.08426917203,98494.24576438,5935368.04795114,59.3536804795114,2023,"Total","GMoH report",18.6313095204886
0,1,0.0167534,0.00592303,0.00607152,0.00593338,0.00602246,0.0071563,0.00770269,0.00900695,0.00800669,0.00768168,0.00706555,0.00960616,0.0117856,0.01807,0.02298,0.0403391,0.0424277,0.151861,0.11585942797,0.0165088647413728,0.0234147474962743,0.0299036977525535,0.0292332697547563,0.0296656495308166,0.0351525937336595,0.0377858188769861,0.0440430168729407,0.0392478368430674,0.0376846955693471,0.0347145564148084,0.046904372727207,0.0572414382630184,0.0864448537326285,0.108657619745614,0.183218342409293,0.191794953164099,1,0.983491135258627,0.976585252503726,0.970096302247446,0.970766730245244,0.970334350469183,0.96484740626634,0.962214181123014,0.955956983127059,0.960752163156933,0.962315304430653,0.965285443585192,0.953095627272793,0.942758561736982,0.913555146267371,0.891342380254386,0.816781657590707,0.808205046835901,0,1e+05,1650.88647413727,98540.3842883997,6082512.01523022,60.8251201523022,2023,"Total","GMoH report",17.1598698476978
0,1,0.0172069,0.00666128,0.00664985,0.00672375,0.00651116,0.00761858,0.00820587,0.00981876,0.00870729,0.00782917,0.00799484,0.00993473,0.0127209,0.0187254,0.0237601,0.0412483,0.0418983,0.151886,0.114954491395,0.0169487887676476,0.026294805871094,0.0327055327820728,0.0330629819379862,0.0320343480853023,0.0373809260608287,0.0402045663870537,0.0479175721482345,0.042608929241267,0.0383943600699283,0.0391908878063262,0.0484698137188815,0.0616440795704797,0.0894400005349568,0.112139392075847,0.186961853450767,0.189628699635188,1,0.983051211232352,0.973705194128906,0.967294467217927,0.966937018062014,0.967965651914698,0.962619073939171,0.959795433612946,0.952082427851766,0.957391070758733,0.961605639930072,0.960809112193674,0.951530186281118,0.93835592042952,0.910559999465043,0.887860607924153,0.813038146549233,0.810371300364812,0,1e+05,1694.87887676476,98499.9550624899,5949792.90455361,59.4979290455361,2023,"Total","GMoH report",18.4870609544639
0,1,0.0169102,0.00629639,0.00619801,0.00615472,0.00619272,0.0073758,0.00782262,0.009126,0.00829654,0.00737023,0.00728298,0.00966314,0.0123646,0.0176793,0.0235438,0.0406012,0.041236,0.15177,0.11554654141,0.0166610131411474,0.0248723479936327,0.0305171854485452,0.0303072681267868,0.030491536135852,0.036211282064374,0.0383628549098135,0.0446121732669153,0.0406397761783629,0.0361844310518223,0.0357637336085097,0.0471760285780166,0.0599692602129281,0.084654901499787,0.111175278684282,0.184299089516778,0.186911312766864,1,0.983338986858853,0.975127652006367,0.969482814551455,0.969692731873213,0.969508463864148,0.963788717935626,0.961637145090186,0.955387826733085,0.959360223821637,0.963815568948178,0.96423626639149,0.952823971421983,0.940030739787072,0.915345098500213,0.888824721315718,0.815700910483222,0.813088687233136,0,1e+05,1666.10131411474,98526.4109303699,6046306.45329491,60.4630645329491,2023,"Total","GMoH report",17.5219254670509
0,1,0.0172165,0.00632006,0.00660788,0.00653225,0.00623832,0.00782048,0.00832251,0.00986132,0.0089942,0.00843177,0.00770584,0.0106186,0.0124726,0.0187751,0.02317,0.0409946,0.0428226,0.153231,0.114935335075,0.0169580973322796,0.0249646834059863,0.0325024689634643,0.0321364418198064,0.0307126122419963,0.0383525614015265,0.0407643947917542,0.0481202763900726,0.0439820417991258,0.041288511909835,0.0378009792550433,0.0517200146315827,0.0604772292753507,0.0896667447515385,0.109506817591039,0.185918829845082,0.193407472879659,1,0.98304190266772,0.975035316594014,0.967497531036536,0.967863558180194,0.969287387758004,0.961647438598474,0.959235605208246,0.951879723609927,0.956017958200874,0.958711488090165,0.962199020744957,0.948279985368417,0.939522770724649,0.910333255248462,0.890493182408961,0.814081170154918,0.806592527120341,0,1e+05,1695.80973322796,98499.098726684,5949826.52854822,59.4982652854822,2023,"Total","GMoH report",18.4867247145178
0,1,0.0173677,0.00682854,0.00715275,0.00683259,0.007065,0.00819613,0.00891219,0.0100473,0.00898043,0.00841641,0.0081596,0.0106251,0.0126971,0.0184436,0.0241842,0.0417644,0.043232,0.152754,0.114633623035,0.0171046850614606,0.0269461542161773,0.0351354620593868,0.0335891969716585,0.0347119010477442,0.0401578035538945,0.0435897496721729,0.0490055659432461,0.0439161844492168,0.0412148473661967,0.0399823990419434,0.0517508549769607,0.0615322957200329,0.0881533377496991,0.114026877945949,0.189079971133935,0.195076167785719,1,0.982895314938539,0.973053845783823,0.964864537940613,0.966410803028341,0.965288098952256,0.959842196446105,0.956410250327827,0.950994434056754,0.956083815550783,0.958785152633803,0.960017600958057,0.948249145023039,0.938467704279967,0.911846662250301,0.885973122054051,0.810920028866065,0.80492383221428,0,1e+05,1710.46850614606,98485.6086958007,5869126.11898543,58.6912611898543,2023,"Total","GMoH report",19.2937288101457
0,1,0.0169852,0.00639591,0.00635835,0.0060156,0.00635298,0.00743764,0.00827567,0.00950561,0.00863672,0.00796591,0.00776681,0.0102576,0.0123278,0.0185502,0.0229799,0.040497,0.0424501,0.151306,0.11539688266,0.0167337723780801,0.0252605120764107,0.0312942997233845,0.0296323589536954,0.0312682830577494,0.036509341650418,0.0405396187335875,0.0464248096625587,0.0422708952832237,0.0390518413658631,0.0380943706526777,0.0500056549836005,0.0597961136746055,0.0886402634618261,0.108657172598509,0.183869583674804,0.191886497482993,1,0.98326622762192,0.974739487923589,0.968705700276616,0.970367641046305,0.968731716942251,0.963490658349582,0.959460381266412,0.953575190337441,0.957729104716776,0.960948158634137,0.961905629347322,0.9499943450164,0.940203886325395,0.911359736538174,0.891342827401491,0.816130416325196,0.808113502517007,0,1e+05,1673.377237808,98519.7252789492,5999507.76329216,59.9950776329216,2023,"Total","GMoH report",17.9899123670784
0,1,0.0175831,0.00639204,0.00678459,0.00671307,0.00666848,0.00779103,0.00863464,0.00987696,0.00853312,0.00816663,0.00777501,0.0099607,0.0129721,0.0183486,0.0241614,0.0416328,0.0418281,0.151924,0.114203803105,0.0173134423884243,0.0252454205243826,0.0333571633084724,0.033011331551258,0.0327956570423161,0.0382108944377712,0.0422609302040571,0.0481947558115977,0.0417744343469631,0.0400161571268087,0.0381338228647214,0.0485934383466513,0.0628231301824022,0.087719189212059,0.113925501000327,0.18854034392373,0.189341058207932,1,0.982686557611576,0.974754579475617,0.966642836691528,0.966988668448742,0.967204342957684,0.961789105562229,0.957739069795943,0.951805244188402,0.958225565653037,0.959983842873191,0.961866177135279,0.951406561653349,0.937176869817598,0.912280810787941,0.886074498999673,0.81145965607627,0.810658941792068,0,1e+05,1731.34423884243,98466.3818577173,5933648.4918345,59.3364849183451,2023,"Total","GMoH report",18.6485050816549
0,1,0.0168477,0.00594067,0.00631965,0.00632595,0.0059884,0.00730519,0.00798902,0.00928732,0.00823213,0.00785911,0.00717084,0.00985458,0.0124805,0.018033,0.0223179,0.0412574,0.0414633,0.151192,0.115671257035,0.0166003726193561,0.0234836626199669,0.0311067899374298,0.0311373172203252,0.0295003502563127,0.0358708417145384,0.0391629166882971,0.0453828865257785,0.0403306324761846,0.0385383570321624,0.0352227580933841,0.0480881780069409,0.0605143758310999,0.0862754854281839,0.105692417962866,0.186999243525434,0.187844833307774,1,0.983399627380644,0.976516337380033,0.96889321006257,0.968862682779675,0.970499649743687,0.964129158285462,0.960837083311703,0.954617113474222,0.959669367523815,0.961461642967838,0.964777241906616,0.951911821993059,0.9394856241689,0.913724514571816,0.894307582037134,0.813000756474566,0.812155166692226,0,1e+05,1660.03726193561,98531.9813348774,6043328.03432495,60.4332803432495,2023,"Total","GMoH report",17.5517096567505
0,1,0.017143,0.00696304,0.00733539,0.00716005,0.00706463,0.00822077,0.00925146,0.0103842,0.00945435,0.00869235,0.00814038,0.0106361,0.0130272,0.0195298,0.0247951,0.0423745,0.0430813,0.152615,0.11508200065,0.0168868243539746,0.027469615930976,0.0360164629937998,0.0351706902482206,0.0347101147058638,0.0402760986414288,0.0452116163495177,0.0506072114862122,0.0461802396286668,0.042537375607838,0.0398900985979383,0.0518030441064485,0.0630815597616816,0.0931032789565843,0.116739105512281,0.191577498250916,0.194462280398654,1,0.983113175646025,0.972530384069024,0.9639835370062,0.964829309751779,0.965289885294136,0.959723901358571,0.954788383650482,0.949392788513788,0.953819760371333,0.957462624392162,0.960109901402062,0.948196955893551,0.936918440238318,0.906896721043416,0.883260894487719,0.808422501749084,0.805537719601346,0,1e+05,1688.68243539747,98505.6545177306,5824172.23178772,58.2417223178772,2023,"Total","GMoH report",19.7432676821228
0,1,0.0170308,0.00628337,0.00639136,0.00653147,0.00627455,0.00757246,0.00804702,0.00971186,0.00814628,0.00806182,0.00718742,0.00961348,0.0127925,0.0185898,0.0231896,0.0414176,0.0427415,0.151644,0.11530589014,0.0167780049860446,0.0248215539846786,0.0314542120186807,0.0321326661377531,0.0308882257084526,0.0371588404182167,0.039441631015955,0.0474082444184066,0.0399184331656778,0.0395127385355484,0.0353027605813559,0.0469392755336079,0.061980292762102,0.0888210845080315,0.109594375665186,0.187657220736101,0.193076546924108,1,0.983221995013955,0.975178446015321,0.968545787981319,0.967867333862247,0.969111774291547,0.962841159581783,0.960558368984045,0.952591755581593,0.960081566834322,0.960487261464452,0.964697239418644,0.953060724466392,0.938019707237898,0.911178915491968,0.890405624334814,0.812342779263899,0.806923453075892,0,1e+05,1677.80049860447,98515.6597813645,5997732.30865278,59.9773230865278,2023,"Total","GMoH report",18.0076669134722
0,1,0.0174482,0.00669056,0.0069127,0.00682879,0.00680014,0.00782216,0.00860964,0.0100175,0.00913993,0.00799784,0.00827417,0.0106241,0.0118392,0.0192542,0.0231262,0.0412472,0.0419477,0.152001,0.11447298931,0.0171827124463671,0.0264088598769237,0.0339763295665139,0.0335708296357296,0.033432338543443,0.0383606422956516,0.0421411496801691,0.048863768009902,0.0446787484174424,0.0392053055967159,0.04053241967279,0.0517461103719923,0.0574942841769312,0.0918497656075956,0.109311122780863,0.186957333666933,0.189831059195466,1,0.982817287553633,0.973591140123076,0.966023670433486,0.96642917036427,0.966567661456557,0.961639357704348,0.957858850319831,0.951136231990098,0.955321251582558,0.960794694403284,0.95946758032721,0.948253889628008,0.942505715823069,0.908150234392404,0.890688877219137,0.813042666333067,0.810168940804534,0,1e+05,1718.27124463671,98478.4244011823,5907422.31194188,59.0742231194188,2023,"Total","GMoH report",18.9107668805812
0,1,0.017565,0.00630585,0.00655438,0.00623176,0.00616226,0.00758785,0.0081522,0.00955704,0.00825695,0.00783139,0.00767888,0.00972866,0.0120227,0.0179431,0.0239937,0.0414606,0.0418585,0.151762,0.11423992075,0.0172959038285723,0.0249092519867191,0.0322435586599756,0.030680811367383,0.0303438335211154,0.0372329548096196,0.0399468629594548,0.0466701292694175,0.0404497706652636,0.0384050379251092,0.0376712180920434,0.0474883060413689,0.0583594059259356,0.0858638412740873,0.113179511865389,0.187833750056064,0.189465632097153,1,0.982704096171428,0.975090748013281,0.967756441340024,0.969319188632617,0.969656166478885,0.96276704519038,0.960053137040545,0.953329870730583,0.959550229334736,0.961594962074891,0.962328781907957,0.952511693958631,0.941640594074064,0.914136158725913,0.886820488134611,0.812166249943936,0.810534367902847,0,1e+05,1729.59038285723,98467.9978854103,6001501.19154238,60.0150119154238,2023,"Total","GMoH report",17.9699780845762
0,1,0.017243,0.00616828,0.00633574,0.00632286,0.00617037,0.00732019,0.00809035,0.00931182,0.00811485,0.00775685,0.00723578,0.00991258,0.0121402,0.0180416,0.0239659,0.040278,0.0424449,0.153661,0.11488245565,0.016983791977276,0.0243724478349374,0.0311847537703673,0.0311223444331928,0.0303831616274717,0.0359431728635892,0.039649798139064,0.0454998831941868,0.0397674821193103,0.0380464485145988,0.0355360720023177,0.0483643610059491,0.0589129621424942,0.0863148547895712,0.113055790571836,0.182966216799386,0.191865246949394,1,0.983016208022724,0.975627552165063,0.968815246229633,0.968877655566807,0.969616838372528,0.964056827136411,0.960350201860936,0.954500116805813,0.96023251788069,0.961953551485401,0.964463927997682,0.951635638994051,0.941087037857506,0.913685145210429,0.886944209428164,0.817033783200614,0.808134753050606,0,1e+05,1698.37919772761,98496.7347751322,6024112.36105837,60.2411236105837,2023,"Total","GMoH report",17.7438663894163
0,1,0.0173212,0.00674032,0.00689766,0.00693145,0.00700028,0.00795336,0.0085896,0.00983725,0.00865075,0.00829476,0.00758316,0.0104591,0.0130172,0.0190972,0.0233833,0.0417896,0.0427004,0.154035,0.11472641146,0.0170596079565508,0.0266026591292361,0.0339036601979967,0.0340669171674984,0.0343993866539846,0.038991516088996,0.0420451230280947,0.0480056412636967,0.0423381090087318,0.0406312341603404,0.0372103695353851,0.0509629339439666,0.063034662963189,0.0911349443518115,0.110459245794532,0.189183267329063,0.192908793396166,1,0.982940392043449,0.973397340870764,0.966096339802003,0.965933082832502,0.965600613346015,0.961008483911004,0.957954876971905,0.951994358736303,0.957661890991268,0.95936876583966,0.962789630464615,0.949037066056033,0.936965337036811,0.908865055648189,0.889540754205468,0.810816732670937,0.807091206603834,0,1e+05,1705.96079565508,98489.7579645219,5899506.9239759,58.995069239759,2023,"Total","GMoH report",18.989920760241
0,1,0.0166796,0.00607708,0.00613751,0.00617034,0.00608822,0.00725793,0.00813902,0.00924653,0.00815357,0.00778155,0.00731579,0.00981208,0.0120327,0.0178438,0.0228885,0.0401739,0.0422116,0.151822,0.11600669218,0.0164372385914796,0.0240164205816237,0.0302238027706429,0.0303830161503176,0.0299847161289239,0.0356429155351254,0.0398835671237707,0.0451880679354813,0.0399534420340854,0.0381652872720701,0.0359219562786898,0.0478857529041116,0.0584065293846823,0.085408949468677,0.108248391715547,0.182536492963349,0.19091131937742,1,0.98356276140852,0.975983579418376,0.969776197229357,0.969616983849682,0.970015283871076,0.964357084464875,0.960116432876229,0.954811932064519,0.960046557965915,0.96183471272793,0.96407804372131,0.952114247095888,0.941593470615318,0.914591050531323,0.891751608284453,0.817463507036651,0.80908868062258,0,1e+05,1643.72385914795,98546.9591086091,6049991.1920354,60.499911920354,2023,"Total","GMoH report",17.485078079646
0,1,0.0173697,0.00622561,0.00672829,0.00633661,0.00658615,0.0076379,0.00830744,0.00981614,0.0085498,0.00792229,0.00765231,0.0100627,0.0127884,0.0184154,0.0237458,0.0412273,0.0426957,0.152197,0.114629632135,0.0171066237732182,0.0245961874587894,0.033084937366909,0.0311889691652446,0.0323973160423689,0.037473944400165,0.040692082417112,0.047905092268938,0.0418543834803003,0.0388421529992882,0.0375433172450317,0.0490788359926421,0.061961043478935,0.0880244847584482,0.112075683110015,0.186875562776827,0.192889607918035,1,0.982893376226782,0.975403812541211,0.966915062633091,0.968811030834755,0.967602683957631,0.962526055599835,0.959307917582888,0.952094907731062,0.9581456165197,0.961157847000712,0.962456682754968,0.950921164007358,0.938038956521065,0.911975515241552,0.887924316889985,0.813124437223173,0.807110392081965,0,1e+05,1710.66237732183,98485.4302216978,5965156.0296049,59.651560296049,2023,"Total","GMoH report",18.333429703951
0,1,0.0175197,0.00630117,0.0068436,0.00679919,0.00664112,0.00771489,0.00877384,0.00997747,0.0086281,0.00829984,0.00770081,0.0106096,0.0128122,0.0184843,0.0227505,0.0416324,0.043005,0.152257,0.114330314635,0.0172520063590244,0.0248909952153577,0.0336424119735446,0.0334277460090321,0.0326632977992978,0.0378445339585219,0.0429276002593512,0.0486732600208494,0.0422295970345652,0.0406556123068772,0.0377767706667053,0.0516773110029576,0.0620727778878628,0.088339275810347,0.107630860282838,0.188538703229201,0.194151307547319,1,0.982747993640976,0.975109004784642,0.966357588026455,0.966572253990968,0.967336702200702,0.962155466041478,0.957072399740649,0.95132673997915,0.957770402965435,0.959344387693123,0.962223229333295,0.948322688997042,0.937927222112137,0.911660724189653,0.892369139717162,0.811461296770799,0.805848692452681,0,1e+05,1725.20063590244,98472.0420956088,5926625.85828073,59.2662585828073,2023,"Total","GMoH report",18.7187314171927
0,1,0.0177394,0.00649065,0.00663499,0.00667872,0.0063612,0.00784353,0.00828299,0.0100566,0.0085517,0.00819915,0.00764902,0.0104088,0.0125155,0.0186914,0.0237589,0.0411824,0.0429737,0.151812,0.11389191427,0.017464869269774,0.0256298906998579,0.0326336403072446,0.0328451904245199,0.0313081071716493,0.038463427383536,0.0405747493913474,0.0490498140988342,0.0418634899818065,0.0401723031515377,0.0375274789082039,0.0507240585484522,0.0606789320643709,0.0892848527579024,0.112134046034195,0.186691037539122,0.194023708405262,1,0.982535130730226,0.974370109300142,0.967366359692755,0.96715480957548,0.968691892828351,0.961536572616464,0.959425250608653,0.950950185901166,0.958136510018194,0.959827696848462,0.962472521091796,0.949275941451548,0.939321067935629,0.910715147242098,0.887865953965805,0.813308962460878,0.805976291594738,0,1e+05,1746.48692697739,98452.4238123836,5943434.21481607,59.4343421481607,2023,"Total","GMoH report",18.5506478518393
0,1,0.0171418,0.00665472,0.00698115,0.00669114,0.00652006,0.00816908,0.00824417,0.010013,0.0088444,0.00785834,0.00767074,0.010634,0.0126254,0.01889,0.023672,0.0405432,0.042094,0.153736,0.11508439519,0.0168856606318244,0.0262692509802336,0.0343069943165672,0.0329052656519638,0.0320774330299961,0.0400279217622266,0.0403884273472907,0.0488423537790265,0.0432653596331514,0.0385346539683362,0.0376320360887318,0.051793080943127,0.0611954571870757,0.0901907421996228,0.11174682301403,0.184060042238763,0.190430089528471,1,0.983114339368176,0.973730749019766,0.965693005683433,0.967094734348036,0.967922566970004,0.959972078237773,0.959611572652709,0.951157646220973,0.956734640366849,0.961465346031664,0.962367963911268,0.948206919056873,0.938804542812924,0.909809257800377,0.88825317698597,0.815939957761237,0.809569910471529,0,1e+05,1688.56606318244,98505.7615409373,5922359.68793401,59.2235968793401,2023,"Total","GMoH report",18.7613931206599
0,1,0.0175971,0.00667125,0.00668282,0.00668501,0.00665617,0.00782856,0.00854471,0.0103042,0.0086937,0.00829942,0.00779045,0.0102552,0.0125385,0.0185207,0.0231461,0.0413087,0.0428721,0.153401,0.114175866805,0.0173270077151896,0.0263336433634235,0.03286502242706,0.0328756154548209,0.0327361072623096,0.0383914260443163,0.0418299872246541,0.0502271241678735,0.0425438415126047,0.0406535968138284,0.038208104186844,0.0499942474830301,0.0607870538143713,0.0885055386746701,0.109400039371744,0.18720999608664,0.193609396482641,1,0.98267299228481,0.973666356636577,0.96713497757294,0.967124384545179,0.96726389273769,0.961608573955684,0.958170012775346,0.949772875832127,0.957456158487395,0.959346403186172,0.961791895813156,0.95000575251697,0.939212946185629,0.91149446132533,0.890599960628256,0.81279000391336,0.806390603517359,0,1e+05,1732.70077151895,98465.1318409829,5921884.96293497,59.2188496293497,2023,"Total","GMoH report",18.7661403706503
0,1,0.0175601,0.00658635,0.00676376,0.00680835,0.00664756,0.00787406,0.00856289,0.0100001,0.00899414,0.00832255,0.00787982,0.0103132,0.0122238,0.0181414,0.023959,0.0416054,0.043658,0.151546,0.114249698455,0.0172911557178075,0.0260028719684216,0.0332564533280939,0.0334720268155754,0.0326944541361566,0.0386102514094669,0.0419171207644434,0.0487809637119601,0.0439817548486147,0.0407645867219432,0.0386379497764807,0.0502698913902843,0.0593066193655,0.0867716040554702,0.113025080255402,0.188427949477067,0.196809253974909,1,0.982708844282193,0.973997128031578,0.966743546671906,0.966527973184425,0.967305545863843,0.961389748590533,0.958082879235557,0.95121903628804,0.956018245151385,0.959235413278057,0.961362050223519,0.949730108609716,0.9406933806345,0.91322839594453,0.886974919744598,0.811572050522933,0.803190746025091,0,1e+05,1729.11557178074,98468.435360889,5918645.65056354,59.1864565056354,2023,"Total","GMoH report",18.7985334943646
0,1,0.0176886,0.00650644,0.00663469,0.00652874,0.00636861,0.00830779,0.00872861,0.00989449,0.00873547,0.00792747,0.00755795,0.0102128,0.0122919,0.0190857,0.0240604,0.0418966,0.0426868,0.153278,0.11399328313,0.0174156580039726,0.0256914403694453,0.0326321888572763,0.0321194511364682,0.0313440056307499,0.0406937619289605,0.0427110301869986,0.0482782288681168,0.0427438802901055,0.0388670564402049,0.0370889587603432,0.049792692963262,0.0596271719138795,0.0910825637811073,0.113476287811831,0.189621735039373,0.192853276853974,1,0.982584341996027,0.974308559630555,0.967367811142724,0.967880548863532,0.96865599436925,0.95930623807104,0.957288969813001,0.951721771131883,0.957256119709895,0.961132943559795,0.962911041239657,0.950207307036738,0.94037282808612,0.908917436218893,0.886523712188169,0.810378264960627,0.807146723146026,0,1e+05,1741.56580039726,98456.9610029769,5930798.17580479,59.3079817580479,2023,"Total","GMoH report",18.6770082419521
0,1,0.0171374,0.0061497,0.00642883,0.00648224,0.00653715,0.00744674,0.00804634,0.00966645,0.00836452,0.00833403,0.00770865,0.00978674,0.012328,0.0182462,0.0228998,0.040973,0.0425736,0.152899,0.11509317517,0.016881393628155,0.0242999254963502,0.0316356986781671,0.0318943331939915,0.0321601605166957,0.0365531946580306,0.0394383637897598,0.0471918068955854,0.0409659487557832,0.0408196691321563,0.0378145030771361,0.0477650399327221,0.0597970547719291,0.0872510019218346,0.108298939843433,0.185829971449499,0.192391050889615,1,0.983118606371845,0.97570007450365,0.968364301321833,0.968105666806009,0.967839839483304,0.963446805341969,0.96056163621024,0.952808193104415,0.959034051244217,0.959180330867844,0.962185496922864,0.952234960067278,0.940202945228071,0.912748998078165,0.891701060156567,0.814170028550501,0.807608949110385,0,1e+05,1688.13936281551,98506.1539565804,5990561.1889335,59.905611889335,2023,"Total","GMoH report",18.079378110665
0,1,0.0171275,0.00600704,0.00649969,0.00640727,0.00636137,0.00771636,0.00826868,0.00958878,0.0086083,0.00787541,0.00739122,0.0100386,0.012157,0.017781,0.0233032,0.0409766,0.0415111,0.152615,0.115112930125,0.016871792740902,0.0237429107705695,0.0319788189752371,0.0315312764951277,0.0313089307677056,0.0378516084073742,0.0405060706591551,0.0468214974052756,0.0421347290302228,0.038616743284426,0.0362856126354417,0.0489641706902716,0.058992083113959,0.085121151991115,0.110101695427769,0.185844781786607,0.188041025469122,1,0.983128207259098,0.97625708922943,0.968021181024763,0.968468723504872,0.968691069232294,0.962148391592626,0.959493929340845,0.953178502594724,0.957865270969777,0.961383256715574,0.963714387364558,0.951035829309728,0.941007916886041,0.914878848008885,0.889898304572231,0.814155218213393,0.811958974530878,0,1e+05,1687.1792740902,98507.0368757965,5996802.4702934,59.968024702934,2023,"Total","GMoH report",18.016965297066
0,1,0.0169959,0.00599772,0.00623693,0.00620703,0.00607866,0.00721492,0.00781493,0.00904158,0.00818799,0.00771586,0.00724081,0.00964416,0.0116094,0.0179416,0.0227738,0.0404457,0.0423995,0.151634,0.115375531345,0.0167441518608438,0.0237065099819027,0.0307058740326735,0.0305609186527372,0.0299383375624811,0.0354354403320978,0.0383258651172972,0.0442086107725283,0.0401187207884289,0.0378492021379791,0.0355603359103426,0.0470855485892927,0.0564097904469626,0.0858569714046173,0.10773515293521,0.183658053648838,0.191679692223884,1,0.983255848139156,0.976293490018097,0.969294125967327,0.969439081347263,0.970061662437519,0.964564559667902,0.961674134882703,0.955791389227472,0.959881279211571,0.962150797862021,0.964439664089657,0.952914451410707,0.943590209553037,0.914143028595383,0.89226484706479,0.816341946351162,0.808320307776116,0,1e+05,1674.41518608437,98518.7713557023,6061008.39389094,60.6100839389094,2023,"Total","GMoH report",17.3749060610906
0,1,0.0172685,0.0063763,0.00636114,0.00624397,0.00627868,0.00766769,0.00806207,0.00931341,0.00858405,0.00787434,0.00766831,0.0103692,0.0128808,0.0181186,0.0231063,0.0412803,0.0421669,0.153447,0.114831571675,0.0170085158043318,0.0251840380365353,0.0313078164905237,0.0307400008915825,0.0309082425885602,0.0376173544682925,0.039513939631782,0.0455074755552231,0.0420185271549391,0.0386115978759537,0.0376203389466304,0.0505359564021861,0.0623947638156097,0.0866672757442505,0.109222197825936,0.18709332820885,0.190728433087144,1,0.982991484195668,0.974815961963465,0.968692183509476,0.969259999108418,0.96909175741144,0.962382645531707,0.960486060368218,0.954492524444777,0.957981472845061,0.961388402124046,0.96237966105337,0.949464043597814,0.93760523618439,0.913332724255749,0.890777802174064,0.81290667179115,0.809271566912856,0,1e+05,1700.85158043318,98494.4598797339,5991919.58503028,59.9191958503028,2023,"Total","GMoH report",18.0657941496972
0,1,0.0169333,0.0059246,0.00636023,0.00604189,0.00608213,0.0075519,0.00783947,0.00923457,0.00823683,0.00803564,0.00731749,0.00952646,0.0118402,0.0179009,0.0229299,0.0421447,0.041933,0.152543,0.115500446515,0.0166834240777867,0.0234208812933785,0.0313034078162619,0.0297599343752439,0.0299551718761916,0.037059819865887,0.0384439004885918,0.045130937985029,0.0403531940026087,0.0393869515907973,0.0359301536499206,0.0465242709836136,0.0574990008260486,0.0856705501232469,0.108433572561316,0.190637589911176,0.189770847617173,1,0.983316575922213,0.976579118706622,0.968696592183738,0.970240065624756,0.970044828123808,0.962940180134113,0.961556099511408,0.954869062014971,0.959646805997391,0.960613048409203,0.964069846350079,0.953475729016386,0.942500999173951,0.914329449876753,0.891566427438684,0.809362410088824,0.810229152382827,0,1e+05,1668.34240777866,98524.3518852597,6042389.5411463,60.423895411463,2023,"Total","GMoH report",17.561094588537
0,1,0.0167885,0.00581747,0.00633014,0.00610008,0.0061954,0.0074558,0.00786216,0.00916057,0.00836832,0.00741561,0.00762039,0.00938777,0.0122627,0.0177756,0.0232415,0.0406893,0.0419352,0.152461,0.115789387675,0.0165429273590467,0.0230022501990688,0.0311576197620979,0.030042249683871,0.0305045305781405,0.0365968529592658,0.0385530248748744,0.0447773840964197,0.0409841782046168,0.0364031707081621,0.0373896408862177,0.0458624838743962,0.059489737975325,0.0850964010344309,0.109826186704281,0.184662073710435,0.189779859128669,1,0.983457072640953,0.976997749800931,0.968842380237902,0.969957750316129,0.96949546942186,0.963403147040734,0.961446975125126,0.95522261590358,0.959015821795383,0.963596829291838,0.962610359113782,0.954137516125604,0.940510262024675,0.914903598965569,0.890173813295719,0.815337926289565,0.810220140871331,0,1e+05,1654.29273590467,98537.2568070209,6049390.70526156,60.4939070526156,2023,"Total","GMoH report",17.4910829473844
0,1,0.0176689,0.00690232,0.00712379,0.00717121,0.00690693,0.00841346,0.00896589,0.0107285,0.00941904,0.00878128,0.00827317,0.0106521,0.0129268,0.0189983,0.0242314,0.0415241,0.0427394,0.15393,0.114032593495,0.0173965728395548,0.0272333336331939,0.0349956950440061,0.0352245435034564,0.0339484510622613,0.0412006989191786,0.0438466396305081,0.0522413224307541,0.0460117340903344,0.0429632198421611,0.0405276202695367,0.0518789505764125,0.062610612825324,0.0906843774783812,0.114236711379686,0.188094375822294,0.193067976330997,1,0.982603427160445,0.972766666366806,0.965004304955994,0.964775456496544,0.966051548937739,0.958799301080821,0.956153360369492,0.947758677569246,0.953988265909666,0.957036780157839,0.959472379730463,0.948121049423588,0.937389387174676,0.909315622521619,0.885763288620314,0.811905624177706,0.806932023669003,0,1e+05,1739.65728395547,98458.7203479264,5831026.76885639,58.3102676885639,2023,"Total","GMoH report",19.6747223114361
0,1,0.0175321,0.00598274,0.00627057,0.00625567,0.00616713,0.00732662,0.00831408,0.00947748,0.00828668,0.00809687,0.00775766,0.00963736,0.0120762,0.0183973,0.0236167,0.0411074,0.0422095,0.152168,0.114305571055,0.0172640228156648,0.0236480003250704,0.03086893544861,0.0307967147880053,0.0303674499706562,0.0359741771848842,0.0407239446653419,0.0462906043086912,0.0405924582207776,0.0396811178679219,0.0380503458843667,0.0470531301148899,0.0586114898166892,0.0879417720907855,0.111500325648163,0.186382726746366,0.190902728231754,1,0.982735977184335,0.97635199967493,0.96913106455139,0.969203285211995,0.969632550029344,0.964025822815116,0.959276055334658,0.953709395691309,0.959407541779222,0.960318882132078,0.961949654115633,0.95294686988511,0.941388510183311,0.912058227909215,0.888499674351837,0.813617273253634,0.809097271768246,0,1e+05,1726.40228156648,98470.9351170986,6014374.12496888,60.1437412496888,2023,"Total","GMoH report",17.8412487503112
0,1,0.0177324,0.00661411,0.00683226,0.00698005,0.0067436,0.00825485,0.00865198,0.0102818,0.00933828,0.0081326,0.00796305,0.0106533,0.0124778,0.0189005,0.0235449,0.0410397,0.0425203,0.154394,0.11390588242,0.0174580884697906,0.0261110374521547,0.0335876019271431,0.0343016813723424,0.0331589728762788,0.040439691041025,0.0423440013676185,0.05012067315684,0.0456262238655031,0.0398527341359156,0.0390380942587815,0.0518846433232121,0.0605016803328567,0.0902386127493283,0.11118018420243,0.186104334825187,0.192173330805389,1,0.982541911530209,0.973888962547845,0.966412398072857,0.965698318627658,0.966841027123721,0.959560308958975,0.957655998632381,0.94987932684316,0.954373776134497,0.960147265864084,0.960961905741218,0.948115356676788,0.939498319667143,0.909761387250672,0.88881981579757,0.813895665174813,0.807826669194611,0,1e+05,1745.80884697905,98453.0490502727,5885411.4866683,58.854114866683,2023,"Total","GMoH report",19.1308751333169
0,1,0.0171053,0.00608334,0.00612651,0.00616615,0.00619892,0.00719221,0.00796401,0.00912433,0.00846698,0.00758834,0.00742072,0.00984803,0.0122253,0.0179233,0.0237921,0.0409996,0.0421353,0.151708,0.115157229115,0.0168502628292746,0.0240408625188096,0.0301704510744694,0.0303626976300216,0.0305215976448189,0.0353258722704936,0.039042708693838,0.0446041915913434,0.0414573535417722,0.037235314435148,0.0364277987629102,0.0480569834628704,0.0593136811350492,0.0857731550262931,0.112281942018268,0.185939397677458,0.190599122033459,1,0.983149737170725,0.97595913748119,0.969829548925531,0.969637302369978,0.969478402355181,0.964674127729506,0.960957291306162,0.955395808408657,0.958542646458228,0.962764685564852,0.96357220123709,0.95194301653713,0.940686318864951,0.914226844973707,0.887718057981732,0.814060602322542,0.809400877966541,0,1e+05,1685.02628292746,98509.0166748004,6041237.31962169,60.4123731962169,2023,"Total","GMoH report",17.5726168037831
0,1,0.0168124,0.00607899,0.00620097,0.00606966,0.00607432,0.00729087,0.00792482,0.0089194,0.0081568,0.00771812,0.00757997,0.00977903,0.0118987,0.0175655,0.0234679,0.0408266,0.0424689,0.150627,0.11574169642,0.0165661197100448,0.0240238781696905,0.0305315371354234,0.029894673736521,0.0299172821369251,0.0358017846066621,0.0388543163419181,0.0436242447778217,0.0399689531082172,0.0378600784286948,0.0371950073994068,0.0477283085959767,0.0577748849413703,0.0841329084898058,0.11083673638545,0.185227479466983,0.191963322167954,1,0.983433880289955,0.97597612183031,0.969468462864577,0.970105326263479,0.970082717863075,0.964198215393338,0.961145683658082,0.956375755222178,0.960031046891783,0.962139921571305,0.962804992600593,0.952271691404023,0.94222511505863,0.915867091510194,0.88916326361455,0.814772520533017,0.808036677832046,0,1e+05,1656.61197100449,98535.1271088293,6056642.0033795,60.566420033795,2023,"Total","GMoH report",17.418569966205
0,1,0.0171095,0.00646663,0.00662411,0.00614937,0.00664694,0.00764182,0.0082801,0.00974619,0.008494,0.00824109,0.00734759,0.00962976,0.0120964,0.0188073,0.0236833,0.0416685,0.0424545,0.151877,0.115148848225,0.0168543361246793,0.0255362530005185,0.0325809996854343,0.0302813223617705,0.0326914546559726,0.0374928166104253,0.0405608796510043,0.047571839533151,0.0415869021332015,0.0403736429373143,0.0360752840099042,0.0470168964286189,0.0587066521328505,0.0898136207272414,0.111797184359166,0.188686763941735,0.191904478313589,1,0.983145663875321,0.974463746999481,0.967419000314566,0.96971867763823,0.967308545344027,0.962507183389575,0.959439120348996,0.952428160466849,0.958413097866799,0.959626357062686,0.963924715990096,0.952983103571381,0.94129334786715,0.910186379272759,0.888202815640834,0.811313236058265,0.808095521686411,0,1e+05,1685.43361246792,98508.6421267675,5974686.13252223,59.7468613252223,2023,"Total","GMoH report",18.2381286747777
0,1,0.0171506,0.00641651,0.00646436,0.00639061,0.00638105,0.00762416,0.00841662,0.0097596,0.00885406,0.00813366,0.00762565,0.0101341,0.0125762,0.0183504,0.0229609,0.0418461,0.0430822,0.151415,0.11506683523,0.0168941945333167,0.0253408404872108,0.0318077580036783,0.0314505790377391,0.0314042694658129,0.0374077925116117,0.0412158545359883,0.0476357356850212,0.0433115914270241,0.0398578250076213,0.0374149664036108,0.04941847069044,0.0609642533912523,0.0877274170169313,0.108572210811921,0.189414821133422,0.194465947853468,1,0.983105805466683,0.974659159512789,0.968192241996322,0.968549420962261,0.968595730534187,0.962592207488388,0.958784145464012,0.952364264314979,0.956688408572976,0.960142174992379,0.962585033596389,0.95058152930956,0.939035746608748,0.912272582983069,0.891427789188079,0.810585178866578,0.805534052146532,0,1e+05,1689.41945333166,98504.9766965392,5968148.83825305,59.6814883825305,2023,"Total","GMoH report",18.3035016174695
0,1,0.0173923,0.00669011,0.00703791,0.00686338,0.00679443,0.00811997,0.00870018,0.0107419,0.00932342,0.00843295,0.00837641,0.0110511,0.0130575,0.0196791,0.0240529,0.0421191,0.042213,0.153188,0.114584534965,0.0171285307090616,0.0264071070974723,0.0345811032687348,0.0337380080753397,0.0334047346715146,0.0397920738845492,0.0425748772608811,0.0523048659024073,0.0455552726496813,0.0412941708057589,0.0410229866117879,0.053769957068598,0.0632236431973757,0.093781653649181,0.113442921861871,0.190532822490591,0.190917046762533,1,0.982871469290938,0.973592892902528,0.965418896731265,0.96626199192466,0.966595265328485,0.960207926115451,0.957425122739119,0.947695134097593,0.954444727350319,0.958705829194241,0.958977013388212,0.946230042931402,0.936776356802624,0.906218346350819,0.886557078138129,0.809467177509409,0.809082953237467,0,1e+05,1712.85307090616,98483.413401687,5856735.62318815,58.5673562318815,2023,"Total","GMoH report",19.4176337681185
0,1,0.0170495,0.00595741,0.00614227,0.00605257,0.00604294,0.00714694,0.00794439,0.0091767,0.00794234,0.00759882,0.00733464,0.00984333,0.0120715,0.0178841,0.0233193,0.0412873,0.0425936,0.152203,0.115268575225,0.0167961431401859,0.0235490572220298,0.0302468886087626,0.0298117556551852,0.0297650292848338,0.0351074233788912,0.0389483968636019,0.0448544601879824,0.0389385421478928,0.0372857801698248,0.0360128468327663,0.0480345989771262,0.0585893467517166,0.0855935892272522,0.110173573470428,0.187122085770427,0.192472733451184,1,0.983203856859814,0.97645094277797,0.969753111391237,0.970188244344815,0.970234970715166,0.964892576621109,0.961051603136398,0.955145539812018,0.961061457852107,0.962714219830175,0.963987153167234,0.951965401022874,0.941410653248283,0.914406410772748,0.889826426529572,0.812877914229573,0.807527266548816,0,1e+05,1679.61431401859,98513.9924348858,6059577.16181522,60.5957716181522,2023,"Total","GMoH report",17.3892183818478
0,1,0.016929,0.00599384,0.0059812,0.00623519,0.00595321,0.00717373,0.00781955,0.00927272,0.00799513,0.00757138,0.00724463,0.00980046,0.0120941,0.0177202,0.0233326,0.0411888,0.0426493,0.152006,0.11550902695,0.0166792524185973,0.023691355610179,0.0294654038167285,0.0306974390869486,0.029329537756334,0.0352367035073702,0.0383480880207925,0.0453131594013889,0.0391922815353213,0.0371536391981203,0.0355787625732474,0.0478304001903756,0.0586958172902742,0.0848424375933938,0.110232946860223,0.186717341872686,0.192700180481478,1,0.983320747581403,0.976308644389821,0.970534596183272,0.969302560913051,0.970670462243666,0.96476329649263,0.961651911979208,0.954686840598611,0.960807718464679,0.96284636080188,0.964421237426753,0.952169599809624,0.941304182709726,0.915157562406606,0.889767053139777,0.813282658127314,0.807299819518522,0,1e+05,1667.92524185973,98524.7351798528,6063438.86345833,60.6343886345833,2023,"Total","GMoH report",17.3506013654167
0,1,0.0170188,0.00659596,0.00685824,0.0067004,0.00654031,0.00779113,0.00845529,0.00987474,0.00892959,0.00806488,0.0075201,0.00986546,0.0131232,0.0192203,0.0234144,0.0411783,0.0432694,0.151502,0.11532983554,0.0167663651932827,0.026040318205459,0.0337131675150539,0.0329500536512873,0.0321754563526554,0.0382113755147151,0.0414013000051976,0.0481841842705408,0.0436729951481378,0.0395274398522117,0.0369066458317025,0.0481399920842317,0.0635316535115917,0.0916954641748026,0.110598033510433,0.186674185924376,0.195228454750091,1,0.983233634806717,0.973959681794541,0.966286832484946,0.967049946348713,0.967824543647345,0.961788624485285,0.958598699994802,0.951815815729459,0.956327004851862,0.960472560147788,0.963093354168297,0.951860007915768,0.936468346488408,0.908304535825197,0.889401966489567,0.813325814075624,0.804771545249909,0,1e+05,1676.63651932827,98516.7296947062,5932721.3077461,59.327213077461,2023,"Total","GMoH report",18.657776922539
0,1,0.0171762,0.00647215,0.00677483,0.00673419,0.00658151,0.00771868,0.00851344,0.00980615,0.00865157,0.00801834,0.00757058,0.0102173,0.0124238,0.0189284,0.0239191,0.039996,0.0435495,0.153254,0.11501575171,0.0169190196260795,0.0255577725251033,0.0333099764309409,0.033113469020148,0.0323748613162463,0.0378627734201435,0.0416800974773315,0.0478575053107426,0.0423420372519308,0.039303821489985,0.0371497864247218,0.0498140863391183,0.0602477354604657,0.090365799979185,0.112847474907358,0.181801652742298,0.196368161839885,1,0.98308098037392,0.974442227474897,0.966690023569059,0.966886530979852,0.967625138683754,0.962137226579856,0.958319902522669,0.952142494689257,0.957657962748069,0.960696178510015,0.962850213575278,0.950185913660882,0.939752264539534,0.909634200020815,0.887152525092642,0.818198347257702,0.803631838160115,0,1e+05,1691.90196260794,98502.693413441,5941699.86445083,59.4169986445083,2023,"Total","GMoH report",18.5679913554917
0,1,0.0172119,0.00599527,0.0063097,0.00623812,0.00605314,0.00738365,0.00807582,0.0094728,0.00838256,0.00766661,0.00728098,0.00972365,0.0122194,0.0186478,0.0232469,0.0404941,0.0415792,0.152097,0.114944514145,0.0169536369993564,0.0236969408824711,0.0310585742845913,0.0307116427183151,0.0298145213210271,0.0362491229090809,0.0395799976582783,0.0462682747181254,0.0410524876478565,0.0376121556778957,0.0357540880008686,0.047464431208694,0.0592859045450069,0.0890858616717919,0.109850302506646,0.183857627150965,0.188320464369699,1,0.983046363000644,0.976303059117529,0.968941425715409,0.969288357281685,0.970185478678973,0.963750877090919,0.960420002341722,0.953731725281875,0.958947512352144,0.962387844322104,0.964245911999131,0.952535568791306,0.940714095454993,0.910914138328208,0.890149697493354,0.816142372849035,0.811679535630301,0,1e+05,1695.36369993564,98499.5090568525,6030598.00376956,60.3059800376956,2023,"Total","GMoH report",17.6790099623044
0,1,0.0169268,0.00623396,0.00634588,0.00607666,0.00606145,0.00743129,0.0078366,0.00928855,0.0083586,0.00767417,0.00742659,0.0100247,0.0120795,0.0186094,0.0233603,0.0420427,0.0420852,0.152561,0.11551341694,0.0166771180683172,0.0246287704602038,0.0312338838036207,0.0299286346573083,0.0298548409360209,0.0364787397649307,0.0384300967593394,0.0453887605700184,0.040937548517406,0.0376485466322284,0.0364560889361688,0.0488980298016193,0.058627036773244,0.0889105691367657,0.110356592245423,0.190220085073229,0.1903940688356,1,0.983322881931683,0.975371229539796,0.968766116196379,0.970071365342692,0.970145159063979,0.963521260235069,0.961569903240661,0.954611239429982,0.959062451482594,0.962351453367772,0.963543911063831,0.951101970198381,0.941372963226756,0.911089430863234,0.889643407754577,0.809779914926771,0.8096059311644,0,1e+05,1667.71180683172,98524.9312824466,6027372.08835597,60.2737208835597,2023,"Total","GMoH report",17.7112691164403
0,1,0.0175018,0.006546,0.00679949,0.00671889,0.00693618,0.00831105,0.00902397,0.0101788,0.00850795,0.00822265,0.00759182,0.0100144,0.0126967,0.0188143,0.0243004,0.041917,0.0433617,0.153567,0.11436603319,0.0172346595275501,0.0258456290248072,0.0334291962853739,0.033039478446649,0.0340897680810785,0.0407094052438698,0.0441244066943069,0.0496310389517937,0.0416537793205738,0.0402851238166231,0.0372520724287352,0.0488490160345588,0.0615304168896916,0.0898455472986476,0.114543375401013,0.189705306652607,0.195604176003475,1,0.98276534047245,0.974154370975193,0.966570803714626,0.966960521553351,0.965910231918922,0.95929059475613,0.955875593305693,0.950368961048206,0.958346220679426,0.959714876183377,0.962747927571265,0.951150983965441,0.938469583110308,0.910154452701352,0.885456624598987,0.810294693347393,0.804395823996525,0,1e+05,1723.46595275501,98473.6400115996,5898007.02430023,58.9800702430023,2023,"Total","GMoH report",19.0049197569977
0,1,0.0168628,0.00603249,0.00636983,0.00614745,0.00617718,0.00757168,0.00785287,0.00934229,0.00830239,0.00818672,0.00746764,0.00984497,0.011653,0.017614,0.0231651,0.0404519,0.042143,0.150952,0.11564112574,0.0166150240209854,0.0238423030900644,0.0313499159128029,0.0302720108177461,0.0304161843853463,0.0371550839842454,0.0385083473851735,0.0456453693069436,0.0406678491399475,0.0401126229682338,0.0366539045898222,0.0480424097921709,0.056615644729906,0.0843554095408679,0.109484926805164,0.183683621298943,0.190630633075724,1,0.983384975979015,0.976157696909936,0.968650084087197,0.969727989182254,0.969583815614654,0.962844916015755,0.961491652614826,0.954354630693056,0.959332150860053,0.959887377031766,0.963346095410178,0.951957590207829,0.943384355270094,0.915644590459132,0.890515073194836,0.816316378701057,0.809369366924276,0,1e+05,1661.50240209853,98530.6356060999,6034386.74855881,60.3438674855881,2023,"Total","GMoH report",17.6411225144119
0,1,0.0171454,0.00631914,0.00621037,0.00616424,0.00607708,0.00754073,0.00785569,0.00930486,0.00847644,0.00765542,0.00722771,0.00968204,0.0117716,0.0183034,0.0232009,0.0402367,0.0420062,0.15252,0.11507721157,0.016889151790402,0.0249610946961239,0.0305771120515707,0.0303534353492075,0.0299306722753227,0.0370060190057568,0.0385219095509002,0.0454666480139034,0.0415027118822324,0.0375582888116635,0.0354971423727526,0.047266118866231,0.05717538557783,0.0875125566753701,0.109644851889493,0.182795755101744,0.190070637018214,1,0.983110848209598,0.975038905303876,0.969422887948429,0.969646564650792,0.970069327724677,0.962993980994243,0.9614780904491,0.954533351986097,0.958497288117768,0.962441711188336,0.964502857627247,0.952733881133769,0.94282461442217,0.91248744332463,0.890355148110507,0.817204244898256,0.809929362981786,0,1e+05,1688.91517904021,98505.440470342,6034977.03970714,60.3497703970714,2023,"Total","GMoH report",17.6352196029286
0,1,0.0176646,0.0068817,0.00712023,0.00693344,0.0071002,0.00822208,0.0089344,0.010399,0.00882833,0.00831106,0.00823059,0.0104071,0.0129279,0.0193313,0.0243565,0.0414593,0.043932,0.152912,0.11404117393,0.0173924069480309,0.0271530812810958,0.0349785123672189,0.0340765310415384,0.0348818300752493,0.0402823874690953,0.0436960060097659,0.0506775113974449,0.0431884453799961,0.0407094532291141,0.0403232398630392,0.0507159842020277,0.0626157738433271,0.0922006060601725,0.114792633080912,0.187828413627258,0.19792220430156,1,0.982607593051969,0.972846918718904,0.965021487632781,0.965923468958462,0.965118169924751,0.959717612530905,0.956303993990234,0.949322488602555,0.956811554620004,0.959290546770886,0.959676760136961,0.949284015797972,0.937384226156673,0.907799393939828,0.885207366919088,0.812171586372741,0.80207779569844,0,1e+05,1739.24069480308,98459.1043557791,5855163.15744336,58.5516315744336,2023,"Total","GMoH report",19.4333584255664
0,1,0.017772,0.0067527,0.00719954,0.00693322,0.00707666,0.0084969,0.00893926,0.0106327,0.00959493,0.00869598,0.00786239,0.0106569,0.0132892,0.0191834,0.023734,0.041861,0.0437865,0.153295,0.1138268626,0.017496447245119,0.0266508693490928,0.0353612383746799,0.0340754682058152,0.0347681932931257,0.0416008052937489,0.0437192555197562,0.0517869132195268,0.046850824056831,0.0425547616103295,0.0385541309655936,0.0519017213639902,0.0643094472345273,0.0915274793801472,0.112023108837148,0.189475875897624,0.197331374433427,1,0.982503552754881,0.973349130650907,0.96463876162532,0.965924531794185,0.965231806706874,0.958399194706251,0.956280744480244,0.948213086780473,0.953149175943169,0.95744523838967,0.961445869034406,0.94809827863601,0.935690552765473,0.908472520619853,0.887976891162852,0.810524124102376,0.802668625566573,0,1e+05,1749.64472451191,98449.5118451439,5833745.0410304,58.337450410304,2023,"Total","GMoH report",19.647539589696
0,1,0.0168123,0.00592784,0.00627537,0.0062492,0.00624026,0.00728926,0.00786851,0.00930294,0.00831933,0.00794399,0.00776662,0.00964345,0.0119236,0.0178948,0.0233227,0.0417667,0.041319,0.151936,0.115741895965,0.0165660226730854,0.0234335394549547,0.0308922000366402,0.0307653528917719,0.0307220165721635,0.0357940202007782,0.0385835621386902,0.0454574794893973,0.0407491362213981,0.0389464740000214,0.0380934564972484,0.0470821637694927,0.0578922887642272,0.0856426067038882,0.110188751985188,0.189089399449981,0.187252305021991,1,0.983433977326915,0.976566460545045,0.96910779996336,0.969234647108228,0.969277983427837,0.964205979799222,0.96141643786131,0.954542520510603,0.959250863778602,0.961053525999979,0.961906543502752,0.952917836230507,0.942107711235773,0.914357393296112,0.889811248014812,0.810910600550019,0.812747694978009,0,1e+05,1656.60226730854,98535.1360199697,6035591.15211883,60.3559115211883,2023,"Total","GMoH report",17.6290784788117
0,1,0.0174056,0.00652182,0.00679155,0.00671703,0.00646889,0.00783254,0.00858898,0.0100395,0.00868702,0.00795523,0.00799662,0.0100323,0.0124641,0.0188913,0.0237082,0.0414709,0.0443269,0.152787,0.11455799548,0.0171414224084149,0.0257513881632977,0.0333908115839673,0.0330304831346747,0.0318296930424368,0.0384105692007803,0.0420421519934287,0.0489684530392804,0.0425118468406459,0.0390005050309074,0.0391994423875374,0.0489341937208361,0.0604372598730411,0.0901966691597558,0.111908148107589,0.187876029881018,0.199523819062046,1,0.982858577591585,0.974248611836702,0.966609188416033,0.966969516865325,0.968170306957563,0.96158943079922,0.957957848006571,0.95103154696072,0.957488153159354,0.960999494969093,0.960800557612463,0.951065806279164,0.939562740126959,0.909803330840244,0.888091851892411,0.812123970118982,0.800476180937954,0,1e+05,1714.14224084149,98482.2264582369,5928741.23540595,59.2874123540595,2023,"Total","GMoH report",18.6975776459405
0,1,0.0172585,0.00626722,0.0062703,0.00616055,0.00622964,0.00778341,0.00823525,0.00972067,0.00835649,0.00803971,0.00761754,0.0100219,0.0121358,0.0183514,0.0232409,0.0400201,0.0430734,0.152449,0.114851526175,0.0169988203271736,0.0247585454969808,0.0308676267992024,0.0303355409578798,0.0306705340358719,0.0381742356806521,0.0403456095474362,0.0474502299334813,0.0409274259360981,0.0394065077636684,0.0373759186123345,0.048884705914489,0.0588922389173666,0.0877319879890446,0.109823507132699,0.181901235875361,0.194430087655905,1,0.983001179672826,0.975241454503019,0.969132373200798,0.96966445904212,0.969329465964128,0.961825764319348,0.959654390452564,0.952549770066519,0.959072574063902,0.960593492236332,0.962624081387666,0.951115294085511,0.941107761082633,0.912268012010955,0.890176492867301,0.818098764124639,0.805569912344095,0,1e+05,1699.88203271736,98495.3520130577,5999288.28690484,59.9928828690484,2023,"Total","GMoH report",17.9921071309516
0,1,0.0172876,0.00657763,0.00706359,0.00710351,0.00692833,0.00814626,0.00886481,0.0103095,0.0093193,0.00840724,0.00853782,0.0109525,0.0128117,0.0193423,0.0252277,0.0422444,0.0425592,0.153774,0.11479345858,0.0170270336590119,0.0259688924676757,0.0347050936194023,0.0348978076853231,0.034051843969674,0.0399183371176793,0.043363037283644,0.050252309537069,0.0455356002025802,0.0411708666085351,0.0417969626410598,0.0533029973050413,0.062070430658821,0.0922506506021453,0.118655017064975,0.191045494301341,0.192332234873888,1,0.982972966340988,0.974031107532324,0.965294906380598,0.965102192314677,0.965948156030326,0.960081662882321,0.956636962716356,0.949747690462931,0.95446439979742,0.958829133391465,0.95820303735894,0.946697002694959,0.937929569341179,0.907749349397855,0.881344982935025,0.808954505698659,0.807667765126112,0,1e+05,1702.70336590118,98492.7558424064,5851005.84738241,58.5100584738241,2023,"Total","GMoH report",19.4749315261759
0,1,0.0174468,0.00648367,0.00659153,0.00649727,0.0062515,0.00776095,0.00832563,0.00970531,0.00880914,0.00810617,0.00781444,0.0103229,0.0123868,0.0186315,0.0233008,0.0409147,0.041176,0.153251,0.11447578294,0.017181355549376,0.0256026813263298,0.0324233512685323,0.0319671027556962,0.0307765017483012,0.0380661757826491,0.040779365233576,0.0473770281376143,0.0430965902572531,0.039725789982543,0.0383235081131507,0.0503159828515542,0.0600736978002206,0.0890114575706797,0.110090980220212,0.185590092596142,0.186664732442381,1,0.982818644450624,0.97439731867367,0.967576648731468,0.968032897244304,0.969223498251699,0.961933824217351,0.959220634766424,0.952622971862386,0.956903409742747,0.960274210017457,0.961676491886849,0.949684017148446,0.93992630219978,0.91098854242932,0.889909019779788,0.814409907403858,0.813335267557619,0,1e+05,1718.1355549376,98478.5493579109,5960223.2377197,59.602232377197,2023,"Total","GMoH report",18.382757622803
0,1,0.0171011,0.00613961,0.00641944,0.00646071,0.00647015,0.00754188,0.00815103,0.00932071,0.00854882,0.00767955,0.0075115,0.0100509,0.0124193,0.0182208,0.0241384,0.0408307,0.0422266,0.151662,0.115165610005,0.0168461895017267,0.0242605394981831,0.031590221176428,0.0317900837205151,0.0318357940921369,0.0370115581740949,0.0399412442987097,0.0455423328079344,0.0418496864095703,0.0376744430766763,0.036865217300616,0.0490226944996341,0.0602265703860125,0.0871348340398182,0.113823223740175,0.18524435798142,0.190972682330733,1,0.983153810498273,0.975739460501817,0.968409778823572,0.968209916279485,0.968164205907863,0.962988441825905,0.96005875570129,0.954457667192066,0.95815031359043,0.962325556923324,0.963134782699384,0.950977305500366,0.939773429613987,0.912865165960182,0.886176776259825,0.81475564201858,0.809027317669267,0,1e+05,1684.61895017268,98509.3912188499,5997356.81880129,59.9735681880129,2023,"Total","GMoH report",18.0114218119871
0,1,0.0168511,0.00592388,0.00621958,0.0061937,0.00624945,0.0070849,0.00783969,0.00937219,0.00853643,0.00773457,0.0073288,0.00952261,0.0121373,0.0176182,0.0229719,0.0408023,0.0419259,0.151582,0.115664472505,0.0166036716466621,0.0234180683465663,0.0306217637268986,0.0304962878547845,0.0307665647301184,0.0348079724892768,0.0384449586061621,0.0457881127684809,0.0417903000718932,0.0379392407173127,0.0359846885366318,0.0465059059864851,0.0588993037029165,0.0843746752416442,0.108621400145021,0.185127436948491,0.189741764399869,1,0.983396328353338,0.976581931653434,0.969378236273101,0.969503712145215,0.969233435269882,0.965192027510723,0.961555041393838,0.954211887231519,0.958209699928107,0.962060759282687,0.964015311463368,0.953494094013515,0.941100696297083,0.915625324758356,0.891378599854979,0.814872563051509,0.810258235600131,0,1e+05,1660.36716466621,98531.6783275995,6049872.42324513,60.4987242324513,2023,"Total","GMoH report",17.4862657675487
0,1,0.0169435,0.00631071,0.00645082,0.00648909,0.00648836,0.0075146,0.00836815,0.00962062,0.00845773,0.00789705,0.00797721,0.0103073,0.0125861,0.0191831,0.0224393,0.0407905,0.0430484,0.152693,0.115480092925,0.0166933195067767,0.0249282105843663,0.0317421920811969,0.0319274989643634,0.0319239645632165,0.0368801510424412,0.040983362683892,0.0469733188724728,0.0414130000673509,0.0387207997704323,0.0391061549737055,0.0502418553118602,0.0610107805376865,0.091526113528909,0.106236801358207,0.185078852652224,0.194328204322598,1,0.983306680493223,0.975071789415634,0.968257807918803,0.968072501035637,0.968076035436783,0.963119848957559,0.959016637316108,0.953026681127527,0.958586999932649,0.961279200229568,0.960893845026294,0.94975814468814,0.938989219462314,0.908473886471091,0.893763198641793,0.814921147347776,0.805671795677402,0,1e+05,1669.33195067768,98523.4426581093,5974300.02052057,59.7430002052057,2023,"Total","GMoH report",18.2419897947943
0,1,0.017334,0.00656069,0.00692504,0.00675095,0.00658248,0.00797448,0.00857238,0.00976138,0.00894359,0.00842026,0.00800939,0.0101592,0.0126392,0.0179601,0.0231381,0.0402666,0.0425967,0.151788,0.1147008697,0.0170720166712394,0.0259028784882617,0.0340359492254397,0.0331945137436065,0.0323795555578293,0.0390930334662109,0.0419626015835921,0.0476442167390202,0.0437399691238589,0.0412333119811441,0.0392608121102311,0.0495378379907119,0.0612602971312469,0.085941696348527,0.10936429501385,0.182919167613441,0.192485393587435,1,0.982927983328761,0.974097121511738,0.96596405077456,0.966805486256394,0.967620444442171,0.960906966533789,0.958037398416408,0.95235578326098,0.956260030876141,0.958766688018856,0.960739187889769,0.950462162009288,0.938739702868753,0.914058303651473,0.89063570498615,0.817080832386558,0.807514606412565,0,1e+05,1707.20166712394,98488.6158488485,5925881.15017143,59.2588115017143,2023,"Total","GMoH report",18.7261784982857
0,1,0.0175984,0.00657299,0.00703249,0.00663686,0.00661675,0.0080404,0.00863809,0.0100179,0.0089101,0.00838608,0.00829456,0.0103634,0.0124074,0.018653,0.0233656,0.0408288,0.0425393,0.154085,0.11417327272,0.017328267334522,0.0259508111555652,0.0345549319662418,0.0326426876304327,0.0325453882556486,0.0394098231449631,0.0422774587655302,0.0488656714743429,0.0435797501700251,0.0410693723938877,0.0406302743783801,0.0505084030398423,0.0601705982967328,0.0891095967304665,0.110380248182658,0.185236536269863,0.192250948107886,1,0.982671732665478,0.974049188844435,0.965445068033758,0.967357312369567,0.967454611744351,0.960590176855037,0.95772254123447,0.951134328525657,0.956420249829975,0.958930627606112,0.95936972562162,0.949491596960158,0.939829401703267,0.910890403269534,0.889619751817342,0.814763463730137,0.807749051892114,0,1e+05,1732.8267334522,98465.0157657627,5906144.68719003,59.0614468719003,2023,"Total","GMoH report",18.9235431280997
0,1,0.0170548,0.00641776,0.00627582,0.00632532,0.00624213,0.00757123,0.00818132,0.00986897,0.00865737,0.00789916,0.00736662,0.0103876,0.0122152,0.0181172,0.0238384,0.0411428,0.0418932,0.153152,0.11525799934,0.0168012837845848,0.0253457145736753,0.0308943810635838,0.0311342645346345,0.0307310814858124,0.0371529168042602,0.040086694805142,0.0481567072520762,0.0423698219366507,0.0387309451679185,0.0361670281183078,0.0506233619144438,0.0592661308947365,0.0866608692491005,0.112488155863178,0.186528262503661,0.189607805686985,1,0.983198716215415,0.974654285426325,0.969105618936416,0.968865735465366,0.969268918514188,0.96284708319574,0.959913305194858,0.951843292747924,0.957630178063349,0.961269054832082,0.963832971881692,0.949376638085556,0.940733869105263,0.9133391307509,0.887511844136822,0.813471737496339,0.810392194313015,0,1e+05,1680.12837845848,98513.519857077,5988944.58726454,59.8894458726454,2023,"Total","GMoH report",18.0955441273546
0,1,0.0173371,0.00626677,0.00646205,0.0063335,0.00653176,0.00775878,0.00816831,0.00939718,0.00850672,0.00804737,0.00768813,0.010281,0.0121273,0.0185586,0.0236933,0.0405865,0.0422508,0.152592,0.114694683805,0.0170750218618844,0.0247567897849586,0.0317965723983334,0.0311739002568088,0.0321340699186701,0.0380557348145882,0.0400242243205995,0.0459073997529734,0.0416478828059426,0.0394433126722518,0.0377157411965857,0.0501168711200372,0.05885220416119,0.0886786223004378,0.111841749680724,0.184238509350604,0.19107167245373,1,0.982924978138116,0.975243210215041,0.968203427601667,0.968826099743191,0.96786593008133,0.961944265185412,0.9599757756794,0.954092600247027,0.958352117194057,0.960556687327748,0.962284258803414,0.949883128879963,0.94114779583881,0.911321377699562,0.888158250319276,0.815761490649396,0.80892832754627,0,1e+05,1707.50218618843,98488.3392371528,5981675.07665896,59.8167507665896,2023,"Total","GMoH report",18.1682392334104
0,1,0.0173606,0.00616292,0.00647406,0.00624836,0.00632585,0.00728208,0.00818473,0.00933682,0.00823706,0.0078731,0.00793848,0.0103607,0.0121874,0.0182116,0.0232099,0.0406758,0.0421065,0.151886,0.11464779073,0.0170978025758008,0.0243515269747535,0.0318547264738124,0.0307612811040025,0.031136832667673,0.0357593930967942,0.0401030680398064,0.0456192531128766,0.0403542980639729,0.0386056349389062,0.0389199861704637,0.0504955762089303,0.0591352380009675,0.0870927540029975,0.109685052263664,0.184606461257913,0.190481252820305,1,0.982902197424199,0.975648473025246,0.968145273526188,0.969238718895998,0.968863167332327,0.964240606903206,0.959896931960194,0.954380746887123,0.959645701936027,0.961394365061094,0.961080013829536,0.94950442379107,0.940864761999032,0.912907245997002,0.890314947736336,0.815393538742087,0.809518747179695,0,1e+05,1709.78025758009,98486.2422715852,6006823.28429078,60.0682328429078,2023,"Total","GMoH report",17.9167571570922
0,1,0.0171614,0.00634837,0.00670047,0.00655809,0.0064536,0.00775014,0.00810566,0.00954347,0.00834513,0.00807083,0.00734516,0.0101053,0.0120986,0.0177095,0.0238655,0.041471,0.0430886,0.151869,0.11504528437,0.0169046677649843,0.0250751078748412,0.0329503922137095,0.0322615151994639,0.0317556542739442,0.0380141623004716,0.0397233402741829,0.0466054067471763,0.0408729253119781,0.0395560251145616,0.0360635683016339,0.0492814894125972,0.0587170157821453,0.0847933791307117,0.112608834642121,0.187876440355086,0.19449202710248,1,0.983095332235016,0.974924892125159,0.96704960778629,0.967738484800536,0.968244345726056,0.961985837699529,0.960276659725817,0.953394593252824,0.959127074688022,0.960443974885438,0.963936431698366,0.950718510587403,0.941282984217855,0.915206620869288,0.887391165357879,0.812123559644914,0.80550797289752,0,1e+05,1690.46677649843,98504.0134545219,5978106.77437722,59.7810677437722,2023,"Total","GMoH report",18.2039222562278
0,1,0.016995,0.0061203,0.0063783,0.00618693,0.00603773,0.00744395,0.00768949,0.00938414,0.00807547,0.00733537,0.00710513,0.00945125,0.0117046,0.0176751,0.0229108,0.0409798,0.0430172,0.152193,0.11537732725,0.0167432788282701,0.0241851591410185,0.0313909477942105,0.0304634617366935,0.0297397485696711,0.0365397498232579,0.0377222871259203,0.0458451565808094,0.039578316236455,0.0360163665630117,0.0349056274481238,0.0461654470465043,0.0568592141064249,0.0846356414351729,0.108348143390994,0.1858579463277,0.194201037792664,1,0.98325672117173,0.975814840858982,0.96860905220579,0.969536538263307,0.970260251430329,0.963460250176742,0.96227771287408,0.95415484341919,0.960421683763545,0.963983633436988,0.965094372551876,0.953834552953496,0.943140785893575,0.915364358564827,0.891651856609006,0.8141420536723,0.805798962207336,0,1e+05,1674.32788282701,98518.8515932337,6054298.86327001,60.5429886327001,2023,"Total","GMoH report",17.4420013672999
0,1,0.0168728,0.00585667,0.00602532,0.0059876,0.00591418,0.00706934,0.00765519,0.00882472,0.00812337,0.00741077,0.00702351,0.00932024,0.011809,0.0173688,0.0231769,0.0415432,0.0417285,0.151968,0.11562117124,0.0166247267074873,0.0231554523141901,0.0296795283604481,0.0294964673797919,0.0291400512295481,0.0347328541127662,0.0375571815975163,0.0431711663619558,0.0398084040127376,0.0363798433703655,0.0345115691228745,0.0455400886113035,0.0573518305816531,0.0832299874834918,0.109537642532,0.188172754104242,0.188932794691762,1,0.983375273292513,0.97684454768581,0.970320471639552,0.970503532620208,0.970859948770452,0.965267145887234,0.962442818402484,0.956828833638044,0.960191595987262,0.963620156629635,0.965488430877126,0.954459911388697,0.942648169418347,0.916770012516508,0.890462357468,0.811827245895758,0.811067205308238,0,1e+05,1662.47267074873,98529.7443665977,6096226.80103648,60.9622680103648,2023,"Total","GMoH report",17.0227219896352
0,1,0.0179592,0.00688322,0.00704519,0.00700052,0.00711066,0.00856244,0.00896412,0.0108755,0.00928668,0.00867123,0.00824776,0.0105851,0.0129594,0.0197755,0.0242437,0.0414662,0.0432256,0.152415,0.11345331436,0.0176777408572185,0.0271589972933016,0.0346162547701399,0.0344005457290325,0.0349323203671454,0.0419149640872519,0.0438381733830342,0.0529381771363832,0.045379830098551,0.0424362145580936,0.0404056595436066,0.0515610527513054,0.0627635549644832,0.0942194101370852,0.114291384880907,0.187856737390088,0.195050105409074,1,0.982322259142782,0.972841002706698,0.96538374522986,0.965599454270967,0.965067679632855,0.958085035912748,0.956161826616966,0.947061822863617,0.954620169901449,0.957563785441906,0.959594340456393,0.948438947248695,0.937236445035517,0.905780589862915,0.885708615119093,0.812143262609912,0.804949894590926,0,1e+05,1767.77408572185,98432.785743343,5827659.0800294,58.276590800294,2023,"Total","GMoH report",19.708399199706
0,1,0.0174938,0.00671789,0.00701696,0.00687597,0.00672698,0.00810835,0.00866201,0.0100151,0.00882334,0.00820339,0.00771195,0.0106992,0.0122574,0.0183162,0.0242796,0.0423899,0.0433484,0.153988,0.11438199679,0.0172269065646609,0.0265153061795391,0.0344799391160506,0.0337988502982862,0.0330786022604156,0.0397362612159246,0.0423920491165792,0.0488523471452637,0.0431645610057391,0.040192659840478,0.0378303849077762,0.0521023659164664,0.0594647906865953,0.0875710766162056,0.114450942256003,0.191640451104331,0.195550045968363,1,0.982773093435339,0.973484693820461,0.965520060883949,0.966201149701714,0.966921397739584,0.960263738784075,0.957607950883421,0.951147652854736,0.956835438994261,0.959807340159522,0.962169615092224,0.947897634083534,0.940535209313405,0.912428923383794,0.885549057743997,0.808359548895669,0.804449954031637,0,1e+05,1722.69065646609,98474.354140672,5894967.73023103,58.9496773023103,2023,"Total","GMoH report",19.0353126976897
0,1,0.018083,0.0068932,0.00708177,0.00685624,0.0066245,0.00815978,0.00861562,0.0103808,0.0090805,0.00828987,0.00802801,0.0102609,0.0128609,0.0189927,0.024618,0.0422714,0.0433161,0.152251,0.11320627765,0.0177975996343158,0.0271978397027224,0.0347928623775022,0.0337035017577708,0.0325828866681668,0.0399832634170863,0.0421698025151363,0.0505910607903684,0.0443946851536556,0.0406077672218515,0.0393502887216003,0.0500213400789595,0.0623013707522316,0.090658858734293,0.115953633618923,0.191155928237729,0.195418573789673,1,0.982202400365684,0.972802160297278,0.965207137622498,0.966296498242229,0.967417113331833,0.960016736582914,0.957830197484864,0.949408939209632,0.955605314846344,0.959392232778149,0.9606497112784,0.94997865992104,0.937698629247768,0.909341141265707,0.884046366381077,0.808844071762271,0.804581426210327,0,1e+05,1779.75996343158,98421.720037139,5873215.85685552,58.7321585685552,2023,"Total","GMoH report",19.2528314314448
0,1,0.0172075,0.00617621,0.00655244,0.00657573,0.00629148,0.00741398,0.0082127,0.0091705,0.00826521,0.00806566,0.00733461,0.0102955,0.0125391,0.0175856,0.0236145,0.0407948,0.0430225,0.152125,0.114953294125,0.0169493705578588,0.0244033989665378,0.0322341688565441,0.0323468889793299,0.0309702777916977,0.0363953146624964,0.040237356652549,0.0448248346349505,0.0404894161812122,0.0395311872113914,0.036012702186048,0.0501857807360792,0.0607898742204072,0.0842251265369304,0.111490517911922,0.185096557400405,0.194222641062249,1,0.983050629442141,0.975596601033462,0.967765831143456,0.96765311102067,0.969029722208302,0.963604685337504,0.959762643347451,0.95517516536505,0.959510583818788,0.960468812788609,0.963987297813952,0.949814219263921,0.939210125779593,0.91577487346307,0.888509482088078,0.814903442599595,0.805777358937751,0,1e+05,1694.93705578588,98499.9015421112,5998998.75891312,59.9899875891312,2023,"Total","GMoH report",17.9950024108688
0,1,0.0166817,0.00614541,0.00619004,0.00608558,0.00616628,0.00730929,0.0080995,0.00946202,0.00827815,0.00760273,0.00751031,0.00983435,0.0118984,0.0185452,0.0233992,0.0408455,0.0417391,0.1529,0.116002501735,0.016439276870943,0.0242831798079528,0.0304785415220915,0.0299719088769417,0.030363328043874,0.0358906127576908,0.0396937511562744,0.0462168383773421,0.0405515210647447,0.0373046078469592,0.0368594846103403,0.0479918288937957,0.0577734703509409,0.0886174300887933,0.110530204119422,0.18530528268974,0.188976253177498,1,0.983560723129057,0.975716820192047,0.969521458477908,0.970028091123058,0.969636671956126,0.964109387242309,0.960306248843726,0.953783161622658,0.959448478935255,0.962695392153041,0.96314051538966,0.952008171106204,0.942226529649059,0.911382569911207,0.889469795880578,0.81469471731026,0.811023746822502,0,1e+05,1643.9276870943,98546.7720372801,6034697.86154725,60.3469786154725,2023,"Total","GMoH report",17.6380113845275
0,1,0.0176423,0.00676748,0.00747852,0.00709668,0.00709981,0.00845466,0.00937844,0.0112477,0.00934052,0.00880142,0.00830403,0.0107179,0.0130952,0.0198104,0.0238417,0.0412743,0.0449031,0.154751,0.114085672465,0.0173708018993239,0.0267084225688673,0.0367063274893607,0.0348648384948755,0.0348799474998527,0.0413982790648049,0.0458179478137637,0.0547003667132971,0.0456369186221779,0.0430596351646724,0.0406757190224157,0.0521910537622052,0.0634003977775583,0.0943778429500556,0.112502851890222,0.187068678144184,0.201855640025884,1,0.982629198100676,0.973291577431133,0.963293672510639,0.965135161505125,0.965120052500147,0.958601720935195,0.954182052186236,0.945299633286703,0.954363081377822,0.956940364835328,0.959324280977584,0.947808946237795,0.936599602222442,0.905622157049944,0.887497148109778,0.812931321855816,0.798144359974116,0,1e+05,1737.08018993239,98461.0957716617,5800416.77221423,58.0041677221423,2023,"Total","GMoH report",19.9808222778577
0,1,0.0174354,0.00618821,0.00639172,0.00645032,0.00647763,0.00785662,0.00838857,0.00986776,0.00824893,0.00799399,0.00746818,0.0104057,0.0123228,0.0179125,0.023077,0.0410456,0.0420079,0.151904,0.11449853107,0.017170306397914,0.0244502336393809,0.0314559558447697,0.0317397708039693,0.0318720122433306,0.0385263821388997,0.0410813162572106,0.0481509450755531,0.0404112755421061,0.0391868027271676,0.0366565065276999,0.0507093346900396,0.0597725859447986,0.0857236861783268,0.109091252892499,0.186128599854528,0.190077598160576,1,0.982829693602086,0.975549766360619,0.96854404415523,0.968260229196031,0.968127987756669,0.9614736178611,0.958918683742789,0.951849054924447,0.959588724457894,0.960813197272832,0.9633434934723,0.94929066530996,0.940227414055201,0.914276313821673,0.890908747107501,0.813871400145472,0.809922401839424,0,1e+05,1717.03063979141,98479.5668462669,5979828.22599119,59.7982822599119,2023,"Total","GMoH report",18.1867077400881
0,1,0.0175637,0.00638608,0.00651371,0.0064905,0.0063063,0.00757282,0.00842605,0.0096401,0.00836879,0.00779481,0.00798511,0.0100611,0.0124421,0.0182216,0.0227653,0.0414712,0.0429536,0.152837,0.114242514835,0.0172946441299872,0.0252221783031635,0.0320466928409376,0.0319343256484469,0.031042098042782,0.0371605741521233,0.0412610801882005,0.0470661929825718,0.0409864328760286,0.0382290789821479,0.039144124647098,0.0490712237761641,0.0603338020051784,0.0871384930859621,0.107697107591375,0.187877261302663,0.19394175823382,1,0.982705355870013,0.974777821696837,0.967953307159062,0.968065674351553,0.968957901957218,0.962839425847877,0.9587389198118,0.952933807017428,0.959013567123971,0.961770921017852,0.960855875352902,0.950928776223836,0.939666197994822,0.912861506914038,0.892302892408625,0.812122738697337,0.80605824176618,0,1e+05,1729.46441299871,98468.1139508599,5975962.91479225,59.7596291479225,2023,"Total","GMoH report",18.2253608520775
0,1,0.0172197,0.00616325,0.00648195,0.00633163,0.00627249,0.00721166,0.00806631,0.00962368,0.00855193,0.0076793,0.00746609,0.00998838,0.0124406,0.0180669,0.0228371,0.040818,0.0430201,0.151886,0.114928949635,0.0169612001498242,0.0243528150255871,0.0318929290710203,0.0311648394194663,0.0308782413497896,0.035419712687009,0.0395343099997645,0.0469879085115392,0.041864592342031,0.037673239725441,0.0366464360261243,0.0487251858211201,0.0603267476577233,0.0864306645658865,0.108018430738457,0.18519207473379,0.194212858513643,1,0.983038799850176,0.975647184974413,0.96810707092898,0.968835160580534,0.96912175865021,0.964580287312991,0.960465690000236,0.953012091488461,0.958135407657969,0.962326760274559,0.963353563973876,0.95127481417888,0.939673252342277,0.913569335434114,0.891981569261543,0.81480792526621,0.805787141486357,0,1e+05,1696.12001498241,98498.8132767944,6010130.79949037,60.1013079949037,2023,"Total","GMoH report",17.8836820050963
0,1,0.0171907,0.00595025,0.00622051,0.00621579,0.00597451,0.00747338,0.00777608,0.00926357,0.00797635,0.00760949,0.00747504,0.00965887,0.0119823,0.0174825,0.0230932,0.0404748,0.041654,0.151874,0.114986817685,0.0169330801838973,0.0235210873005794,0.0306262724154425,0.0306033893955722,0.0294329316389839,0.0366815618728271,0.038138970780238,0.0452694580169938,0.0391020214774704,0.0373371581706795,0.0366895601752686,0.0471556736950429,0.0581690038625446,0.0837520135574545,0.109163654721938,0.183778050412873,0.188627296480956,1,0.983066919816103,0.97647891269942,0.969373727584557,0.969396610604428,0.970567068361016,0.963318438127173,0.961861029219762,0.954730541983006,0.96089797852253,0.96266284182932,0.963310439824731,0.952844326304957,0.941830996137455,0.916247986442545,0.890836345278062,0.816221949587127,0.811372703519044,0,1e+05,1693.30801838973,98501.4000820054,6056581.09830457,60.5658109830457,2023,"Total","GMoH report",17.4191790169543
0,1,0.0176515,0.00695367,0.0070556,0.00696328,0.00728349,0.00866286,0.00901637,0.0105552,0.00929584,0.00879699,0.00828345,0.0101757,0.0132521,0.0189056,0.0239392,0.041963,0.0431962,0.153219,0.114067314325,0.0173797153029789,0.027433157747926,0.034666517301322,0.0342206795659795,0.0357661932233001,0.0423961208513052,0.044088064250338,0.0514191514320121,0.0454235743026365,0.0430384284385264,0.040576957013565,0.0496162985764393,0.064135669244028,0.0902618632933052,0.112936949449355,0.189893724135278,0.194930371695425,1,0.982620284697021,0.972566842252074,0.965333482698678,0.96577932043402,0.9642338067767,0.957603879148695,0.955911935749662,0.948580848567988,0.954576425697364,0.956961571561474,0.959423042986435,0.950383701423561,0.935864330755972,0.909738136706695,0.887063050550645,0.810106275864722,0.805069628304575,0,1e+05,1737.97153029789,98460.2742145365,5829411.58422293,58.2941158422293,2023,"Total","GMoH report",19.6908741577707
0,1,0.017753,0.00667148,0.0069882,0.00689393,0.00695158,0.00819792,0.00902639,0.0103279,0.00906653,0.00864098,0.00822348,0.0106326,0.0126482,0.0193161,0.0242597,0.0413677,0.0422993,0.153087,0.11386477615,0.0174780431396286,0.0263345392955609,0.0343410447772196,0.0338856369766932,0.0341641627242239,0.0401663977121686,0.0441359786100843,0.050339740485597,0.0443278994250642,0.0422913042152552,0.0402891083090076,0.0517864387776324,0.0613025817148845,0.0921314492813417,0.114362500138476,0.187452321499738,0.191270029140901,1,0.982521956860371,0.973665460704439,0.96565895522278,0.966114363023307,0.965835837275776,0.959833602287831,0.955864021389916,0.949660259514403,0.955672100574936,0.957708695784745,0.959710891690992,0.948213561222368,0.938697418285116,0.907868550718658,0.885637499861524,0.812547678500262,0.808729970859099,0,1e+05,1747.80431396286,98451.2090330005,5862688.44586428,58.6268844586427,2023,"Total","GMoH report",19.3581055413572
0,1,0.0171544,0.00621928,0.00646355,0.00626972,0.00658666,0.00733652,0.00812987,0.00936324,0.00827624,0.00780114,0.00782161,0.00980064,0.0124459,0.0183996,0.0234211,0.0405312,0.0421726,0.152709,0.11505925252,0.0168978795835131,0.0245714860959069,0.031803835792902,0.0308648156205193,0.0323997840952283,0.0360219113179442,0.0398396226181632,0.0457453873972661,0.0405423543628206,0.0382595301229418,0.0383579967721671,0.0478312576573819,0.0603516727890858,0.087952282937173,0.110627930445601,0.184010576322403,0.190751756214655,1,0.983102120416487,0.975428513904093,0.968196164207098,0.969135184379481,0.967600215904772,0.963978088682056,0.960160377381837,0.954254612602734,0.959457645637179,0.961740469877058,0.961642003227833,0.952168742342618,0.939648327210914,0.912047717062827,0.889372069554399,0.815989423677597,0.809248243785345,0,1e+05,1689.78795835131,98504.6377810539,6002052.82048184,60.0205282048184,2023,"Total","GMoH report",17.9644617951816
0,1,0.017692,0.006989,0.00702539,0.00658943,0.00700369,0.00815321,0.00874071,0.0104082,0.00897671,0.00858357,0.00804041,0.0107023,0.0129884,0.0186127,0.0236782,0.0414403,0.0435549,0.152321,0.1139864986,0.0174189518185135,0.0275706179029525,0.0345206474711565,0.0324131889016397,0.0344158550503559,0.0399517132304313,0.0427689720458723,0.050721208786764,0.0438983921602773,0.042016226937368,0.0394098711938849,0.0521170687381103,0.0628995874944672,0.0889256346021036,0.111774455235129,0.187750416081178,0.196390119915257,1,0.982581048181487,0.972429382097047,0.965479352528843,0.96758681109836,0.965584144949644,0.960048286769569,0.957231027954128,0.949278791213236,0.956101607839723,0.957983773062632,0.960590128806115,0.94788293126189,0.937100412505533,0.911074365397896,0.888225544764871,0.812249583918822,0.803609880084743,0,1e+05,1741.89518185135,98456.6573508561,5870962.31118206,58.7096231118206,2023,"Total","GMoH report",19.2753668881794
0,1,0.0177618,0.00639363,0.00695848,0.00692633,0.00657098,0.00795562,0.0092045,0.0102229,0.00890675,0.00833494,0.00783469,0.010507,0.0124268,0.0190734,0.024298,0.0418542,0.0426531,0.15329,0.11384721619,0.0174865672283521,0.0252516209573963,0.0341974935624882,0.0340421815418039,0.0323239007368406,0.0390023797196372,0.0449872863079463,0.0498407085513754,0.0435637220466524,0.0408240352882856,0.0384209101977078,0.0511903572898879,0.0602618452535092,0.0910265361628774,0.114532710500639,0.189448012489188,0.192715695428316,1,0.982513432771648,0.974748379042604,0.965802506437512,0.965957818458196,0.96767609926316,0.960997620280363,0.955012713692054,0.950159291448625,0.956436277953348,0.959175964711714,0.961579089802292,0.948809642710112,0.939738154746491,0.908973463837123,0.885467289499361,0.810551987510812,0.807284304571684,0,1e+05,1748.65672283522,98450.4229771315,5890915.84480765,58.9091584480765,2023,"Total","GMoH report",19.0758315519235
0,1,0.0173736,0.00643658,0.00663257,0.00668305,0.00682234,0.00785993,0.00844913,0.00969937,0.00866772,0.00846166,0.00776595,0.0105669,0.0124286,0.0186443,0.0230284,0.042041,0.0431188,0.152612,0.11462184988,0.0171104042401617,0.0254190959112788,0.0326219318831249,0.0328661349421865,0.0335396527142536,0.0385423005393052,0.0413717615214409,0.0473487181588783,0.0424194012681011,0.0414318445457035,0.0380902328897251,0.0514746804966499,0.0602703110308063,0.089069885819537,0.108874014132384,0.190213125026864,0.194615078394327,1,0.982889595759838,0.974580904088721,0.967378068116875,0.967133865057813,0.966460347285746,0.961457699460695,0.958628238478559,0.952651281841122,0.957580598731899,0.958568155454297,0.961909767110275,0.94852531950335,0.939729688969194,0.910930114180463,0.891125985867615,0.809786874973136,0.805384921605673,0,1e+05,1711.04042401617,98485.082194604,5932155.80156005,59.3215580156005,2023,"Total","GMoH report",18.6634319843995
0,1,0.0176758,0.00679832,0.00732241,0.00686901,0.00682796,0.00831729,0.00902972,0.0105678,0.00941408,0.00875867,0.00813697,0.01024,0.0126055,0.019066,0.0242521,0.0419279,0.0429485,0.154361,0.11401882489,0.0174032575716824,0.0268285025096374,0.0359538774210827,0.0337652159843779,0.0335668177772245,0.0407393475794278,0.0441519017248918,0.0514789518320726,0.0459880617686622,0.0428549686787072,0.0398737218047167,0.0499219968798752,0.0611019484713607,0.0909928269055471,0.114328721059955,0.189749956949991,0.193920963723774,1,0.982596742428318,0.973171497490363,0.964046122578917,0.966234784015622,0.966433182222775,0.959260652420572,0.955848098275108,0.948521048167927,0.954011938231338,0.957145031321293,0.960126278195283,0.950078003120125,0.938898051528639,0.909007173094453,0.885671278940045,0.810250043050009,0.806079036276226,0,1e+05,1740.32575716823,98458.1041405899,5844704.41959885,58.4470441959885,2023,"Total","GMoH report",19.5379458040115
0,1,0.0174114,0.00631439,0.0063561,0.00606418,0.00619755,0.00735383,0.0077744,0.00914498,0.00850286,0.00765578,0.00741886,0.00975397,0.0116998,0.0185867,0.0228371,0.0402234,0.0418086,0.152803,0.11454642187,0.0171470442514564,0.0249425658235785,0.0312833989695245,0.029868086369992,0.0305149551000492,0.0361053681513195,0.0381308880596722,0.0447028825821106,0.0416293780660434,0.0375600218399945,0.0364188344152747,0.0476089102931693,0.0568365590656104,0.0888069305594277,0.108018430738457,0.182740853848296,0.189261141589367,1,0.982852955748544,0.975057434176422,0.968716601030476,0.970131913630008,0.969485044899951,0.96389463184868,0.961869111940328,0.955297117417889,0.958370621933957,0.962439978160005,0.963581165584725,0.952391089706831,0.94316344093439,0.911193069440572,0.891981569261543,0.817259146151704,0.810738858410633,0,1e+05,1714.70442514562,98481.7088313195,6034477.33088291,60.3447733088291,2023,"Total","GMoH report",17.6402166911709
0,1,0.0171778,0.00649952,0.00666085,0.00671493,0.00658086,0.00795306,0.00879958,0.0101659,0.00898745,0.00822341,0.00785905,0.0105269,0.0122842,0.0192935,0.0240014,0.0409469,0.0429046,0.153377,0.11501255899,0.0169205711547176,0.0256644665724461,0.0327587472460159,0.0330203270384001,0.0323717156779097,0.0389900740050828,0.0430508270091667,0.049569698504922,0.0439497593385812,0.0402887722681068,0.0385380684822367,0.0512848244536473,0.0595909326624692,0.0920286148008495,0.113213777124321,0.185722589273221,0.193741948040278,1,0.983079428845282,0.974335533427554,0.967241252753984,0.9669796729616,0.96762828432209,0.961009925994917,0.956949172990833,0.950430301495078,0.956050240661419,0.959711227731893,0.961461931517763,0.948715175546353,0.940409067337531,0.90797138519915,0.886786222875679,0.814277410726779,0.806258051959722,0,1e+05,1692.05711547176,98502.5507033359,5914666.97359219,59.1466697359219,2023,"Total","GMoH report",18.8383202640781
0,1,0.0175389,0.00664422,0.00682872,0.00674959,0.00694801,0.00816273,0.00838285,0.0103759,0.00873734,0.00869863,0.00799794,0.0106598,0.0124111,0.0187545,0.0240281,0.0412928,0.0431419,0.152475,0.114292001995,0.0172706123663039,0.0262283461952847,0.0335704912868492,0.0331879375711233,0.0341469171946559,0.0399974294566287,0.0410538787316852,0.0505677843167691,0.0427528348645612,0.0425674536760742,0.0392057861860773,0.0519154784568638,0.0601880017293424,0.0895727687702461,0.113332583383035,0.18714468035735,0.19470918908819,1,0.982729387633696,0.973771653804715,0.966429508713151,0.966812062428877,0.965853082805344,0.960002570543371,0.958946121268315,0.949432215683231,0.957247165135439,0.957432546323926,0.960794213813923,0.948084521543136,0.939811998270658,0.910427231229754,0.886667416616965,0.81285531964265,0.80529081091181,0,1e+05,1727.06123663038,98470.3280496721,5893514.79877525,58.9351479877525,2023,"Total","GMoH report",19.0498420122475
0,1,0.0170162,0.00600666,0.00620665,0.00600597,0.00608648,0.00750167,0.00772036,0.00915797,0.00819798,0.00802244,0.00728559,0.00979553,0.0118935,0.0178989,0.0224603,0.0408428,0.0422055,0.152465,0.11533502371,0.0167638432036095,0.0237414266444635,0.0305590762731235,0.0295856240734588,0.0299762750042799,0.0368178613844699,0.0378708583500711,0.0447649596071659,0.0401666857832075,0.0393235234807184,0.0357763209840053,0.0478069148289636,0.0577503650822361,0.085661388436294,0.106330938078679,0.185294168352075,0.190886363919038,1,0.98323615679639,0.976258573355536,0.969440923726876,0.970414375926541,0.97002372499572,0.96318213861553,0.962129141649929,0.955235040392834,0.959833314216793,0.960676476519282,0.964223679015995,0.952193085171036,0.942249634917764,0.914338611563706,0.893669061921321,0.814705831647925,0.809113636080962,0,1e+05,1676.38432036096,98516.9615049749,6052394.95356394,60.5239495356394,2023,"Total","GMoH report",17.4610404643606
0,1,0.0170612,0.00640541,0.0066485,0.00651658,0.00657669,0.00785954,0.00869734,0.00963593,0.00843894,0.00805672,0.00741847,0.0103279,0.0128999,0.0186139,0.0233144,0.0403292,0.0422837,0.154086,0.11524522846,0.0168074912869695,0.0252975575438659,0.0326990017176997,0.0320605865571338,0.0323515349588782,0.0385404249708123,0.0425612752948184,0.0470463125634512,0.0413228963918083,0.0394882358511336,0.036416954783616,0.050339740485597,0.0624843939172666,0.0889311128942446,0.110151698123192,0.183177495383,0.191206232560684,1,0.98319250871303,0.974702442456134,0.9673009982823,0.967939413442866,0.967648465041122,0.961459575029188,0.957438724705182,0.952953687436549,0.958677103608192,0.960511764148866,0.963583045216384,0.949660259514403,0.937515606082733,0.911068887105755,0.889848301876808,0.816822504617,0.808793767439316,0,1e+05,1680.74912869695,98512.9491886237,5952744.28029632,59.5274428029632,2023,"Total","GMoH report",18.4575471970368
0,1,0.0177467,0.00644135,0.00673125,0.00661742,0.00651121,0.00795325,0.00843719,0.00971843,0.00887352,0.00815317,0.00770073,0.0100839,0.0124138,0.0185846,0.0240404,0.0405154,0.0427256,0.152645,0.113877347485,0.0174719405801482,0.0254376938218019,0.0330992516557309,0.0325486301103381,0.0320345901408229,0.0389909873251408,0.0413145041958593,0.0474395550134271,0.0434047184077854,0.0399515211409481,0.0377763856346296,0.0491796922532194,0.0602007013344364,0.0887973422815842,0.113387309322414,0.183945442088971,0.193011653267848,1,0.982528059419852,0.974562306178198,0.966900748344269,0.967451369889662,0.967965409859177,0.961009012674859,0.958685495804141,0.952560444986573,0.956595281592215,0.960048478859052,0.96222361436537,0.950820307746781,0.939799298665564,0.911202657718416,0.886612690677586,0.816054557911029,0.806988346732152,0,1e+05,1747.19405801482,98451.7717668535,5939986.69562307,59.3998669562307,2023,"Total","GMoH report",18.5851230437693
0,1,0.0172161,0.00654034,0.00659211,0.00627909,0.00639198,0.00743681,0.00830298,0.00991728,0.00824134,0.00830846,0.00780703,0.00961315,0.0123415,0.0186407,0.0238008,0.040817,0.0429835,0.153222,0.114936133255,0.016957709478774,0.0258235701425083,0.0324261579989833,0.0309102297142587,0.0314572152728014,0.0365053417731206,0.0406706803854334,0.0483867379291744,0.0403748429789105,0.0406969769864675,0.0382878637477142,0.0469377020732855,0.0598605767306953,0.0890534532356744,0.112320694061927,0.185187957814694,0.194063661513352,1,0.983042290521226,0.974176429857492,0.967573842001017,0.969089770285741,0.968542784727199,0.963494658226879,0.959329319614567,0.951613262070826,0.95962515702109,0.959303023013532,0.961712136252286,0.953062297926714,0.940139423269305,0.910946546764326,0.887679305938073,0.814812042185306,0.805936338486648,0,1e+05,1695.77094787739,98499.1344077578,5973092.45903275,59.7309245903275,2023,"Total","GMoH report",18.2540654096725
0,1,0.0169727,0.00586354,0.00613866,0.00595859,0.00600756,0.00711506,0.00754852,0.0089225,0.00819098,0.00762139,0.00707051,0.00947288,0.0118327,0.0177189,0.0228639,0.040173,0.0415875,0.151311,0.115421825785,0.0167216465500014,0.0231822993212755,0.0302293802811089,0.0293556542306446,0.029593340577205,0.0349535583380286,0.0370435402390861,0.0436390758640085,0.0401330769239438,0.0373944556736829,0.0347385026736523,0.0462686564248162,0.057463625399343,0.0848364773535504,0.108138339546128,0.182532776885452,0.188354516375577,1,0.983278353449999,0.976817700678725,0.969770619718891,0.970644345769355,0.970406659422795,0.965046441661971,0.962956459760914,0.956360924135991,0.959866923076056,0.962605544326317,0.965261497326348,0.953731343575184,0.942536374600657,0.91516352264645,0.891861660453872,0.817467223114548,0.811645483624423,0,1e+05,1672.16465500015,98520.8396424931,6089182.26798376,60.8918226798376,2023,"Total","GMoH report",17.0931673201624
0,1,0.0178076,0.00652559,0.00723551,0.00688428,0.00714316,0.00823746,0.00884183,0.0104143,0.00873758,0.00870829,0.00797347,0.0106656,0.0131263,0.0187442,0.0236723,0.0407946,0.0430395,0.151937,0.11375582458,0.0175309289518202,0.0257660822230127,0.0355347695489521,0.0338390070021875,0.0350891809161181,0.0403562181677301,0.043253059502253,0.0507501809756629,0.042753984108826,0.0426137184543039,0.039088178944577,0.0519429920597196,0.063546184302476,0.0895257773122589,0.111748160075606,0.185095733931405,0.194291931080637,1,0.98246907104818,0.974233917776987,0.964465230451048,0.966160992997813,0.964910819083882,0.95964378183227,0.956746940497747,0.949249819024337,0.957246015891174,0.957386281545696,0.960911821055423,0.94805700794028,0.936453815697524,0.910474222687741,0.888251839924394,0.814904266068595,0.805708068919363,0,1e+05,1753.09289518202,98446.3316326747,5865909.01186624,58.6590901186624,2023,"Total","GMoH report",19.3258998813376
0,1,0.0169726,0.00635163,0.00631388,0.00644532,0.00666027,0.0076169,0.00847372,0.00957836,0.00876618,0.00808466,0.00775144,0.00971529,0.0127844,0.0189739,0.0234855,0.0411284,0.0424743,0.15274,0.11542202533,0.0167215495422294,0.0250878228633331,0.0310788299922218,0.0317155577040474,0.032755941464358,0.0373728370928683,0.0414896703758567,0.0467718069870684,0.0428909260545968,0.0396224646131026,0.0380204175367229,0.0474245908665015,0.0619422633219666,0.0905731836756418,0.110915249754714,0.186469064335917,0.191985387625903,1,0.983278450457771,0.974912177136667,0.968921170007778,0.968284442295953,0.967244058535642,0.962627162907132,0.958510329624143,0.953228193012932,0.957109073945403,0.960377535386897,0.961979582463277,0.952575409133499,0.938057736678033,0.909426816324358,0.889084750245286,0.813530935664083,0.808014612374097,0,1e+05,1672.15495422293,98520.8485572591,5967508.17490085,59.6750817490085,2023,"Total","GMoH report",18.3099082509915
0,1,0.0174568,0.00680807,0.00721737,0.00724389,0.00688947,0.00819908,0.00925157,0.0104194,0.00962968,0.0086541,0.00816611,0.0109765,0.0129433,0.0187395,0.0242343,0.0416714,0.0423488,0.153662,0.11445582844,0.017191047592291,0.0268664624854928,0.0354472600223316,0.0355751930372731,0.0338640859887576,0.0401719670705774,0.0452121417640499,0.0507744029643823,0.0470165150142441,0.0423541572200059,0.0400136601247958,0.0534166795425043,0.0626880252083034,0.0895043338400127,0.114249602165596,0.188698656965337,0.191472430805735,1,0.982808952407709,0.973133537514507,0.964552739977668,0.964424806962727,0.966135914011242,0.959828032929423,0.95478785823595,0.949225597035618,0.952983484985756,0.957645842779994,0.959986339875204,0.946583320457496,0.937311974791697,0.910495666159987,0.885750397834404,0.811301343034663,0.808527569194265,0,1e+05,1719.1047592291,98477.6568001636,5833297.53383294,58.3329753383294,2023,"Total","GMoH report",19.6520146616706
0,1,0.0166404,0.00576346,0.00615626,0.00602975,0.00602987,0.00730179,0.00791662,0.00915751,0.00809683,0.00760202,0.00733904,0.00963608,0.0125236,0.0182265,0.0228279,0.0405341,0.0413969,0.152787,0.11608491382,0.0163991892354519,0.0227911284852409,0.0303147365006759,0.029701025602188,0.0297016079137232,0.0358544459134344,0.0388148931024188,0.0447627614118582,0.0396809257253971,0.0373011890372869,0.0360340614540654,0.047047027693459,0.0607170110994862,0.0871609044381454,0.107977264508799,0.18402253083246,0.187572228078629,1,0.983600810764548,0.977208871514759,0.969685263499324,0.970298974397812,0.970298392086277,0.964145554086566,0.961185106897581,0.955237238588142,0.960319074274603,0.962698810962713,0.963965938545935,0.952952972306541,0.939282988900514,0.912839095561855,0.892022735491201,0.81597746916754,0.81242777192137,0,1e+05,1639.91892354518,98550.4509233664,6064150.47364446,60.6415047364446,2023,"Total","GMoH report",17.3434852635554
0,1,0.0167503,0.00576729,0.00604439,0.00601332,0.0058886,0.00711914,0.0077489,0.0087776,0.0079827,0.00731208,0.00736105,0.00947062,0.011566,0.0174222,0.0225171,0.0399527,0.0419205,0.153112,0.115865613865,0.0165058562542741,0.0228061012012066,0.0297720650690433,0.0296212941979342,0.0290158432633979,0.0349732513190119,0.0380081957302644,0.0429456017159453,0.0391325416494376,0.0359040664838617,0.03614017589556,0.0462578731533901,0.0562048371342628,0.0834751960964223,0.106585508610184,0.181622706259105,0.189719644144139,1,0.983494143745726,0.977193898798793,0.970227934930957,0.970378705802066,0.970984156736602,0.965026748680988,0.961991804269736,0.957054398284055,0.960867458350562,0.964095933516138,0.96385982410444,0.95374212684661,0.943795162865737,0.916524803903578,0.893414491389816,0.818377293740895,0.810280355855861,0,1e+05,1650.58562542741,98540.6604912995,6101062.14562286,61.0106214562286,2023,"Total","GMoH report",16.9743685437714
0,1,0.0175743,0.00670703,0.00699724,0.00686904,0.00705364,0.00805091,0.00881711,0.010042,0.00875053,0.0079495,0.00786361,0.0107047,0.0122842,0.0187218,0.0243668,0.0418587,0.042364,0.151734,0.114221363065,0.0173049154284879,0.026473009462687,0.0343847049183921,0.0337653609623381,0.0346570540432951,0.039460321262364,0.0431347406178768,0.0489803483545588,0.0428159934129015,0.0389729611140595,0.0385599980346371,0.0521284514153356,0.0595909326624692,0.08942357431593,0.114838389808062,0.189466451605457,0.191534573337794,1,0.982695084571512,0.973526990537313,0.965615295081608,0.966234639037662,0.965342945956705,0.960539678737636,0.956865259382123,0.951019651645441,0.957184006587098,0.96102703888594,0.961440001965363,0.947871548584664,0.940409067337531,0.91057642568407,0.885161610191938,0.810533548394543,0.808465426662206,0,1e+05,1730.49154284879,98467.1675599479,5892065.50026325,58.9206550026325,2023,"Total","GMoH report",19.0643349973675
0,1,0.0174962,0.00665425,0.00708716,0.00698071,0.0067563,0.00822037,0.00912565,0.00997613,0.0092755,0.00905583,0.00775761,0.0107583,0.0133571,0.0192102,0.0238692,0.0413975,0.0424788,0.153028,0.11437720771,0.0172292324657898,0.0262674200403924,0.0348188825213745,0.0343048691423237,0.0332203828189016,0.0402741783806624,0.0446105004660549,0.0486668821426262,0.0453264365934438,0.0442767433482124,0.0380501053064344,0.052382629882342,0.0646274129560131,0.0916494875363243,0.112625309883332,0.187574691746102,0.192003775096118,1,0.98277076753421,0.973732579959608,0.965181117478625,0.965695130857676,0.966779617181098,0.959725821619338,0.955389499533945,0.951333117857374,0.954673563406556,0.955723256651788,0.961949894693566,0.947617370117658,0.935372587043987,0.908350512463676,0.887374690116668,0.812425308253898,0.807996224903882,0,1e+05,1722.92324657898,98474.1399034634,5860476.48019371,58.6047648019371,2023,"Total","GMoH report",19.3802251980629
0,1,0.0172542,0.00658099,0.00687406,0.00650072,0.00658065,0.00798422,0.00832792,0.00972097,0.00851631,0.00830647,0.00759058,0.0104009,0.0122119,0.018883,0.0233196,0.0404556,0.0423867,0.152471,0.11486010661,0.0169946512159417,0.0259819856248455,0.0337896203065882,0.0319838055883394,0.0323706993926051,0.0391398471244795,0.040790353008435,0.0474516596014112,0.0416938555035905,0.040687427754941,0.0372461012224571,0.050686536018805,0.0592505941725603,0.0901588271665358,0.110174912760949,0.183698879069763,0.19162737035268,1,0.983005348784058,0.974018014375154,0.966210379693412,0.96801619441166,0.967629300607395,0.96086015287552,0.959209646991565,0.952548340398589,0.95830614449641,0.959312572245059,0.962753898777543,0.949313463981195,0.94074940582744,0.909841172833464,0.889825087239051,0.816301120930237,0.80837262964732,0,1e+05,1699.46512159417,98495.7356234521,5943375.83980217,59.4337583980217,2023,"Total","GMoH report",18.5512316019783
0,1,0.0175235,0.00718091,0.00760635,0.00742523,0.00704499,0.00846543,0.00936483,0.0105961,0.00992772,0.00874494,0.00831519,0.0108509,0.013086,0.0191513,0.0238855,0.0418671,0.0443485,0.152478,0.114322731925,0.0172556888513621,0.0283169569611758,0.0373220387758925,0.036449534556316,0.0346152890863489,0.0414499214780551,0.0457529778510772,0.0516132520498855,0.0484364414292354,0.042789226944314,0.0407292709340546,0.0528215953768143,0.0633572670097752,0.0913813222099037,0.112697886575502,0.1895008702843,0.19961134109826,1,0.982744311148638,0.971683043038824,0.962677961224108,0.963550465443684,0.965384710913651,0.958550078521945,0.954247022148923,0.948386747950114,0.951563558570765,0.957210773055686,0.959270729065945,0.947178404623186,0.936642732990225,0.908618677790096,0.887302113424498,0.8104991297157,0.80038865890174,0,1e+05,1725.56888513621,98471.7028639373,5789209.93574012,57.8920993574012,2023,"Total","GMoH report",20.0928906425988
0,1,0.0171051,0.00617005,0.00616224,0.00622343,0.00620028,0.00746288,0.00799646,0.00909746,0.00812536,0.00767837,0.00738847,0.0099139,0.0124593,0.018434,0.0229731,0.0416232,0.0435342,0.15378,0.115157628205,0.016850068862025,0.0243793563052575,0.0303437365324753,0.0306404285936929,0.0305281916595429,0.0366309686909394,0.0391986734394705,0.0444757589059585,0.0398179618144778,0.0376687632458892,0.0362723569471664,0.0483706456404625,0.0604146881886286,0.08810947485147,0.10862676609931,0.188500966434734,0.196305944389407,1,0.983149931137975,0.975620643694743,0.969656263467525,0.969359571406307,0.969471808340457,0.963369031309061,0.96080132656053,0.955524241094042,0.960182038185522,0.962331236754111,0.963727643052834,0.951629354359537,0.939585311811372,0.91189052514853,0.89137323390069,0.811499033565266,0.803694055610593,0,1e+05,1685.00688620251,98509.0345103217,6027051.15077234,60.2705115077234,2023,"Total","GMoH report",17.7144784922766
0,1,0.0168827,0.00646151,0.00682547,0.00670058,0.0065819,0.00789263,0.00853187,0.010414,0.00890043,0.00842795,0.00798599,0.010782,0.0131741,0.0190989,0.0238903,0.0407044,0.0426367,0.152962,0.115601416285,0.0166343321877792,0.0255162924424405,0.0335547821034902,0.0329509242401375,0.0323767486944205,0.0386995469861762,0.0417684426921209,0.05074875613405,0.0435334832002989,0.0412701922089318,0.0391483540893157,0.0524949973465244,0.0637702121212341,0.0911426873227298,0.112719257789103,0.184724273231672,0.192648734278021,1,0.983365667812221,0.97448370755756,0.96644521789651,0.967049075759862,0.96762325130558,0.961300453013824,0.958231557307879,0.94925124386595,0.956466516799701,0.958729807791068,0.960851645910684,0.947505002653476,0.936229787878766,0.90885731267727,0.887280742210897,0.815275726768328,0.807351265721979,0,1e+05,1663.43321877792,98528.8620172083,5907985.25597659,59.0798525597659,2023,"Total","GMoH report",18.9051374402341
0,1,0.0170981,0.00622084,0.0062274,0.00618209,0.00630363,0.00749933,0.0080136,0.00957455,0.00834638,0.00750398,0.00763256,0.010232,0.0118195,0.0186287,0.0230543,0.0407895,0.041888,0.153041,0.115171596355,0.0168432799623704,0.0245775736929361,0.0306596748520656,0.0304399930582858,0.0310291591537098,0.0368065881237154,0.0392810435730574,0.0467536374025193,0.0408789224481432,0.0368289899892512,0.0374482352440149,0.0498839680961017,0.0574013615188207,0.0889986759149576,0.108989791617766,0.185074735219419,0.189586501556956,1,0.98315672003763,0.975422426307064,0.969340325147934,0.969560006941714,0.96897084084629,0.963193411876285,0.960718956426943,0.953246362597481,0.959121077551857,0.963171010010749,0.962551764755985,0.950116031903898,0.942598638481179,0.911001324085042,0.891010208382234,0.814925264780581,0.810413498443044,0,1e+05,1684.32799623704,98509.658747875,6016979.45579877,60.1697945579877,2023,"Total","GMoH report",17.8151954420123
0,1,0.0172766,0.00639404,0.00633892,0.0063574,0.00614436,0.00781712,0.00809095,0.00935893,0.00867304,0.00814701,0.00750009,0.010117,0.0121686,0.01806,0.0231636,0.0409082,0.0421414,0.15193,0.11481540853,0.0170163690071779,0.0252532198048776,0.0312001616778427,0.0312896971975901,0.0302570248667247,0.038336399413541,0.0396526803645119,0.045724811719632,0.0424448845463356,0.0399219389111781,0.0368102495388406,0.0493371403770144,0.0590467104966269,0.0863990814715591,0.109478225442831,0.185563344024901,0.190624085417018,1,0.982983630992822,0.974746780195122,0.968799838322157,0.96871030280241,0.969742975133275,0.961663600586459,0.960347319635488,0.954275188280368,0.957555115453664,0.960078061088822,0.963189750461159,0.950662859622986,0.940953289503373,0.913600918528441,0.890521774557169,0.814436655975099,0.809375914582982,0,1e+05,1701.6369007178,98493.7372352078,5995363.21725258,59.9536321725258,2023,"Total","GMoH report",18.0313578274742
0,1,0.0179895,0.0067589,0.0072157,0.00676603,0.00680293,0.00844715,0.00903053,0.0105,0.00883666,0.00837286,0.00822424,0.0104688,0.0126391,0.0190936,0.0243851,0.0416942,0.042971,0.152733,0.113392852225,0.0177070788339508,0.0266750125158137,0.0354392033509514,0.0332674289443492,0.033445825967871,0.0413622668195873,0.0441557748757776,0.05115712545676,0.043228315190717,0.0410059571539597,0.0402927567456553,0.0510089926445079,0.0612598272921786,0.0911185472648592,0.114919680262102,0.188792155296583,0.194012700605683,1,0.982292921166049,0.973324987484186,0.964560796649049,0.966732571055651,0.966554174032129,0.958637733180413,0.955844225124222,0.94884287454324,0.956771684809283,0.95899404284604,0.959707243254345,0.948991007355492,0.938740172707821,0.908881452735141,0.885080319737898,0.811207844703417,0.805987299394317,0,1e+05,1770.70788339508,98430.0777339604,5859046.80211621,58.5904680211621,2023,"Total","GMoH report",19.3945219788379
0,1,0.0176525,0.00638383,0.00678445,0.00667095,0.00670984,0.00755214,0.00853188,0.00973839,0.00876145,0.00792389,0.00754028,0.00982011,0.0125539,0.0189656,0.0238901,0.0409291,0.0424334,0.152201,0.114065318875,0.0173806841418912,0.0252134038324249,0.0333564864635312,0.0328076052641577,0.0329957101603443,0.0370609758054515,0.0417684906255052,0.0475346720623371,0.0428682792861215,0.0388498452493184,0.0370038514965932,0.047924002558098,0.0608594416390198,0.0905353566020695,0.112718367331532,0.185649348160509,0.191818248803097,1,0.982619315858109,0.974786596167575,0.966643513536469,0.967192394735842,0.967004289839656,0.962939024194548,0.958231509374495,0.952465327937663,0.957131720713878,0.961150154750682,0.962996148503407,0.952075997441902,0.93914055836098,0.90946464339793,0.887281632668468,0.814350651839491,0.808181751196903,0,1e+05,1738.06841418913,98460.1849137019,5946337.82750572,59.4633782750572,2023,"Total","GMoH report",18.5216117249428
0,1,0.0174651,0.00644248,0.00638147,0.00618526,0.00616047,0.00766544,0.00805457,0.00933095,0.0082144,0.00769947,0.0075095,0.00984688,0.0121517,0.0181504,0.0225559,0.0406683,0.0418307,0.152959,0.114439266205,0.0171990918493523,0.0254420995647916,0.0314063040325141,0.0304553641360595,0.0303351529999953,0.0376065236238814,0.0394779061045683,0.0455912263658538,0.0402455180414998,0.0377703213595053,0.0368555825078924,0.0480515064552889,0.058967123027759,0.0868127831517081,0.106759366038908,0.184575563978621,0.189351713224092,1,0.982800908150648,0.974557900435208,0.968593695967486,0.96954463586394,0.969664847000005,0.962393476376119,0.960522093895432,0.954408773634146,0.9597544819585,0.962229678640495,0.963144417492108,0.951948493544711,0.941032876972241,0.913187216848292,0.893240633961092,0.815424436021379,0.810648286775908,0,1e+05,1719.90918493523,98476.915960128,6015079.59111663,60.1507959111663,2023,"Total","GMoH report",17.8341940888337
0,1,0.0168338,0.00621193,0.00634497,0.00641979,0.00626758,0.00757785,0.00808669,0.00942957,0.00866328,0.00793986,0.00723322,0.00974109,0.0120228,0.0183185,0.0234517,0.040779,0.0426945,0.151632,0.11569899379,0.0165868852006018,0.0245428036435254,0.0312294747982238,0.0315919163286807,0.0308544432711072,0.0371847979471897,0.039632216380299,0.0460619881460931,0.042398132761035,0.0389266202130873,0.0355237227454086,0.0475475378854486,0.0583598771718458,0.0875815915385048,0.110764462629386,0.18503150104701,0.192884709432803,1,0.983413114799398,0.975457196356475,0.968770525201776,0.968408083671319,0.969145556728893,0.96281520205281,0.960367783619701,0.953938011853907,0.957601867238965,0.961073379786913,0.964476277254591,0.952452462114551,0.941640122828154,0.912418408461495,0.889235537370614,0.81496849895299,0.807115290567197,0,1e+05,1658.68852006018,98533.2200727218,6008292.77410013,60.0829277410013,2023,"Total","GMoH report",17.9020622589987
0,1,0.0176212,0.00689355,0.0072943,0.00704852,0.00725179,0.00853295,0.00862971,0.0105628,0.00899981,0.00876938,0.00822222,0.0101465,0.0127041,0.019515,0.0237752,0.0421279,0.0424119,0.154497,0.11412777646,0.0173503586182209,0.0271992018837091,0.0358183259623324,0.034632333265823,0.0356132995756753,0.0417736194840587,0.0422373106448868,0.0514552219538643,0.0440088712999647,0.0429062470383667,0.0402830595551609,0.0494774428161645,0.0615651746614584,0.0930360058639143,0.11220666051246,0.190568837659872,0.191730376149466,1,0.982649641381779,0.972800798116291,0.964181674037668,0.965367666734177,0.964386700424325,0.958226380515941,0.957762689355113,0.948544778046136,0.955991128700035,0.957093752961633,0.959716940444839,0.950522557183835,0.938434825338542,0.906963994136086,0.88779333948754,0.809431162340128,0.808269623850534,0,1e+05,1735.03586182209,98462.979923166,5837433.13923163,58.3743313923163,2023,"Total","GMoH report",19.6106586076837
0,1,0.0176718,0.00669853,0.00699709,0.00694574,0.00663559,0.00793169,0.00863433,0.00998908,0.00933368,0.00837504,0.0079661,0.0106788,0.0125006,0.0187093,0.023621,0.0411455,0.0420988,0.153036,0.11402680669,0.0173993823752418,0.026439903032677,0.034383980484971,0.0341359513924387,0.0326365432007562,0.0388873441041072,0.0422594450153026,0.0487285173546573,0.0456042610517659,0.0410164147152578,0.039052754628387,0.052005606327865,0.0606088815385966,0.0893665366400985,0.111519495020313,0.18653936172986,0.19044973657472,1,0.982600617624758,0.973560096967323,0.965616019515029,0.965864048607561,0.967363456799244,0.961112655895893,0.957740554984697,0.951271482645343,0.954395738948234,0.958983585284742,0.960947245371613,0.947994393672135,0.939391118461403,0.910633463359901,0.888480504979687,0.81346063827014,0.80955026342528,0,1e+05,1739.93823752418,98458.4613635385,5893367.59020952,58.9336759020952,2023,"Total","GMoH report",19.0513140979048
0,1,0.0172433,0.00641138,0.00679661,0.00644121,0.006471,0.0077461,0.00828419,0.0100314,0.00917764,0.00781079,0.00807915,0.0100233,0.0122894,0.019088,0.0228254,0.0407018,0.0425772,0.153761,0.114881857015,0.0169840828527211,0.0253208369843506,0.033415273544192,0.0316956540898006,0.0318399098582679,0.0379947226963054,0.04058050839539,0.0489299112214333,0.0448589517257101,0.038305950659128,0.0395959950416482,0.0488913678808009,0.0596154060715604,0.0910930401252243,0.107966077723808,0.184713563684106,0.192405754295522,1,0.983015917147279,0.97467916301565,0.966584726455808,0.968304345910199,0.968160090141732,0.962005277303695,0.95941949160461,0.951070088778567,0.95514104827429,0.961694049340872,0.960404004958352,0.951108632119199,0.94038459392844,0.908906959874776,0.892033922276192,0.815286436315894,0.807594245704478,0,1e+05,1698.4082852721,98496.7080125096,5946471.30920227,59.4647130920227,2023,"Total","GMoH report",18.5202769079773
0,1,0.0178742,0.00665887,0.00716381,0.00707394,0.00700538,0.00827319,0.00913619,0.0106582,0.0093513,0.00857101,0.00776039,0.0107824,0.0133887,0.0190286,0.0250255,0.0410432,0.0430199,0.152423,0.11362292761,0.0175954306467629,0.0262854176420517,0.0351888346854795,0.0347550619428009,0.0344240167046441,0.0405277162578322,0.0446608744144584,0.0519078883606853,0.0456883855016461,0.041956035989925,0.0380634813499173,0.0524968937325455,0.0647753554947196,0.0908224402821192,0.117759993223936,0.186118729412448,0.194212043296475,1,0.982404569353237,0.973714582357948,0.96481116531452,0.965244938057199,0.965575983295356,0.959472283742168,0.955339125585542,0.948092111639315,0.954311614498354,0.958043964010075,0.961936518650083,0.947503106267454,0.93522464450528,0.909177559717881,0.882240006776064,0.813881270587552,0.805787956703525,0,1e+05,1759.5430646763,98440.3813695881,5839177.59458206,58.3917759458206,2023,"Total","GMoH report",19.5932140541794
0,1,0.0170303,0.00612604,0.00631462,0.00630725,0.00619094,0.00768045,0.00830158,0.00955859,0.00869553,0.00817522,0.00755833,0.00991713,0.0122522,0.0178389,0.0230711,0.039988,0.0425524,0.15092,0.115306887865,0.0167775199999168,0.0242075669530854,0.0310824158874716,0.0310467017263413,0.0304829054040447,0.037678775128903,0.040663962162478,0.0466775217680088,0.0425526063375345,0.040057404758672,0.0370907889430208,0.0483860237799772,0.0594403134780118,0.0853864970446744,0.109064882947571,0.181768593688919,0.192304459313745,1,0.983222480000083,0.975792433046915,0.968917584112528,0.968953298273659,0.969517094595955,0.962321224871097,0.959336037837522,0.953322478231991,0.957447393662466,0.959942595241328,0.962909211056979,0.951613976220023,0.940559686521988,0.914613502955326,0.890935117052429,0.818231406311081,0.807695540686255,0,1e+05,1677.75199999168,98515.7043617366,6004172.25807497,60.0417225807497,2023,"Total","GMoH report",17.9432674192503
0,1,0.0176078,0.00682046,0.00696897,0.00691499,0.00673768,0.00817543,0.00891834,0.0102994,0.00957341,0.00849718,0.00842087,0.0110719,0.0128437,0.018751,0.0243102,0.0416882,0.0422895,0.153328,0.11415451549,0.0173373752594343,0.0269146987475604,0.0342481639324983,0.033987393779718,0.0331303458287907,0.0400584131190846,0.0436191734515992,0.0502043142154242,0.046748200768209,0.0416021476574208,0.041236237511565,0.0538684351812907,0.0622206418555012,0.0895568010583856,0.114586922492082,0.188767551408437,0.191229952327604,1,0.982662624740566,0.97308530125244,0.965751836067502,0.966012606220282,0.966869654171209,0.959941586880915,0.956380826548401,0.949795685784576,0.953251799231791,0.958397852342579,0.958763762488435,0.946131564818709,0.937779358144499,0.910443198941614,0.885413077507918,0.811232448591563,0.808770047672396,0,1e+05,1733.73752594343,98464.1764413175,5857331.6000311,58.573316000311,2023,"Total","GMoH report",19.411673999689
0,1,0.017089,0.00621213,0.00673877,0.006311,0.00638493,0.00740195,0.00828318,0.00966062,0.00849908,0.00767521,0.00771449,0.00983327,0.0124573,0.0184984,0.0238558,0.04169,0.0422022,0.15066,0.11518975495,0.0168344542593394,0.0245435841294439,0.0331356167497876,0.0310648739512344,0.0314230648267395,0.0363373322096274,0.0405756612359098,0.0471640159115123,0.0416112565051554,0.0376535526896521,0.0378426089295968,0.0479866849267752,0.0604052831650694,0.0884036832637831,0.112565641428052,0.188774932645068,0.190872863138175,1,0.983165545740661,0.975456415870556,0.966864383250212,0.968935126048766,0.96857693517326,0.963662667790373,0.95942433876409,0.952835984088488,0.958388743494845,0.962346447310348,0.962157391070403,0.952013315073225,0.939594716834931,0.911596316736217,0.887434358571948,0.811225067354932,0.809127136861825,0,1e+05,1683.44542593394,98510.4702401511,5987169.45121335,59.8716945121335,2023,"Total","GMoH report",18.1132954878665
0,1,0.0169163,0.00580963,0.00599307,0.00602999,0.00583486,0.00696326,0.00761179,0.00906733,0.00794885,0.00732286,0.00712532,0.00965734,0.0118653,0.0175933,0.0231455,0.0405623,0.0426473,0.152252,0.115534369165,0.0166669312751104,0.0229716069265032,0.0295230162426171,0.0297021902249142,0.0287548487086595,0.0342205829587664,0.0373482327388028,0.0443317240709494,0.0389698365371051,0.0359560472495946,0.0350030796414234,0.0471483801559616,0.0576173812166259,0.0842604514967075,0.109397358591785,0.184138769931063,0.192692014612989,1,0.98333306872489,0.977028393073497,0.970476983757383,0.970297809775086,0.97124515129134,0.965779417041234,0.962651767261197,0.955668275929051,0.961030163462895,0.964043952750405,0.964996920358577,0.952851619844038,0.942382618783374,0.915739548503293,0.890602641408215,0.815861230068937,0.807307985387011,0,1e+05,1666.69312751104,98525.8672115676,6096535.61489776,60.9653561489776,2023,"Total","GMoH report",17.0196338510224
0,1,0.0173235,0.00656385,0.00660759,0.00658472,0.00657348,0.00762196,0.00838226,0.0100329,0.00863759,0.00801953,0.00748011,0.0104732,0.0124405,0.0182642,0.024102,0.0411046,0.0424324,0.152277,0.114721821925,0.0170618376694915,0.0259151931192879,0.0325010657080946,0.0323903957827043,0.0323359998787919,0.0373972000919676,0.0410510485935408,0.0489370487099938,0.0422750633391314,0.0393095399134448,0.0367139883220312,0.0510298845332655,0.0603262773660686,0.0873333170756665,0.113661336187993,0.186371214446641,0.191814161892303,1,0.982938162330508,0.974084806880712,0.967498934291905,0.967609604217296,0.967664000121208,0.962602799908032,0.958948951406459,0.951062951290006,0.957724936660869,0.960690460086555,0.963286011677969,0.948970115466734,0.939673722633931,0.912666682924334,0.886338663812007,0.813628785553359,0.808185838107697,0,1e+05,1706.18376694915,98489.5527433341,5949319.72981942,59.4931972981942,2023,"Total","GMoH report",18.4917927018058
0,1,0.0172273,0.00648215,0.0066708,0.00676455,0.00656987,0.00775155,0.00875151,0.0097242,0.00871284,0.00795139,0.00758636,0.0103011,0.0127042,0.0191996,0.0233882,0.0409334,0.0427063,0.153608,0.114913784215,0.0169685692666795,0.0255967559764939,0.0328068796677804,0.0332602730498516,0.0323185286701152,0.0380209468241139,0.0428206858489648,0.0474670522268394,0.0426355090777182,0.0389820463658673,0.0372257795869322,0.0502123928012867,0.0615656443525411,0.0916012324439241,0.110481114022545,0.185667041780006,0.192932876717589,1,0.98303143073332,0.974403244023506,0.96719312033222,0.966739726950148,0.967681471329885,0.961979053175886,0.957179314151035,0.95253294777316,0.957364490922282,0.961017953634133,0.962774220413068,0.949787607198713,0.938434355647459,0.908398767556076,0.889518885977455,0.814332958219994,0.807067123282411,0,1e+05,1696.85692666796,98498.1353240469,5936240.05763813,59.3624005763813,2023,"Total","GMoH report",18.6225894236187
0,1,0.0174059,0.00687952,0.00718946,0.00720755,0.00723109,0.00792192,0.00894119,0.0103456,0.00898591,0.00857987,0.00840765,0.0109635,0.013285,0.0187222,0.0239067,0.0415273,0.042741,0.154095,0.114557396845,0.0171417131949047,0.0271445964121809,0.035312603621911,0.0353998839166906,0.0355134476594113,0.0388403741578781,0.0437284881965546,0.0504238378576497,0.0439423940057006,0.0419984959121946,0.0411728330749926,0.0533551033120946,0.0642897758205597,0.0894253994653257,0.112792272450518,0.188107507735082,0.193074506314075,1,0.982858286805095,0.972855403587819,0.964687396378089,0.964600116083309,0.964486552340589,0.961159625842122,0.956271511803445,0.94957616214235,0.9560576059943,0.958001504087805,0.958827166925007,0.946644896687905,0.93571022417944,0.910574600534674,0.887207727549482,0.811892492264918,0.806925493685925,0,1e+05,1714.17131949046,98482.1996846167,5843253.75419783,58.4325375419783,2023,"Total","GMoH report",19.5524524580217
0,1,0.0168131,0.00642109,0.00644325,0.00642601,0.00622422,0.0074876,0.00823685,0.00963814,0.00845087,0.00808664,0.00763871,0.0101389,0.0117715,0.0181609,0.023529,0.0402392,0.0419131,0.152371,0.115740299605,0.0165667989682513,0.0253586990225861,0.0317055333063103,0.0316220411188743,0.0306442584836522,0.0367500753397159,0.0403532900079941,0.0470568487592488,0.0413801052743504,0.0396319761901541,0.0374778440447915,0.0494412990330837,0.0571749137567802,0.0868608231903079,0.111109274689573,0.182806074515854,0.189689330323088,1,0.983433201031749,0.974641300977414,0.96829446669369,0.968377958881126,0.969355741516348,0.963249924660284,0.959646709992006,0.952943151240751,0.95861989472565,0.960368023809846,0.962522155955209,0.950558700966916,0.94282508624322,0.913139176809692,0.888890725310427,0.817193925484146,0.810310669676912,0,1e+05,1656.67989682512,98535.064730783,5995247.02683588,59.9524702683588,2023,"Total","GMoH report",18.0325197316412
0,1,0.0169301,0.00599593,0.00618893,0.00600434,0.00612857,0.00724312,0.00769179,0.00897632,0.00812082,0.00734408,0.0074177,0.00954247,0.0119318,0.0179077,0.0224592,0.0408546,0.0421206,0.151182,0.115506831955,0.0166803195904322,0.0236995186898045,0.0304731593743828,0.0295777133810934,0.0301804426120526,0.0355714787766089,0.0377333573482066,0.0438965268209172,0.0397961564421046,0.036058361275313,0.0364132437054158,0.0466006370474837,0.0579309487638488,0.085701699202958,0.10632600733988,0.185342741121449,0.190538961541263,1,0.983319680409568,0.976300481310196,0.969526840625617,0.970422286618907,0.969819557387947,0.964428521223391,0.962266642651793,0.956103473179083,0.960203843557895,0.963941638724687,0.963586756294584,0.953399362952516,0.942069051236151,0.914298300797042,0.89367399266012,0.814657258878551,0.809461038458737,0,1e+05,1668.03195904322,98524.6371281456,6072892.72481423,60.7289272481423,2023,"Total","GMoH report",17.2560627518577
0,1,0.0174004,0.00637336,0.00656756,0.00646544,0.00625023,0.00760386,0.0082383,0.00947931,0.008815,0.00804696,0.00768991,0.00977643,0.0124653,0.0183531,0.0234575,0.0409422,0.0423164,0.152737,0.11456837182,0.0171363820831732,0.0251725722695996,0.0323073488696442,0.03181298759373,0.0307703456561735,0.037310049026523,0.0403602503733726,0.0462993356123414,0.0431246407299145,0.0394413427317287,0.0377243086540945,0.0477159215819221,0.0604429027120584,0.0877397585914865,0.110790339054096,0.185703250902272,0.191339954837759,1,0.982863617916827,0.9748274277304,0.967692651130356,0.96818701240627,0.969229654343826,0.962689950973477,0.959639749626627,0.953700664387659,0.956875359270085,0.960558657268271,0.962275691345906,0.952284078418078,0.939557097287942,0.912260241408513,0.889209660945904,0.814296749097728,0.808660045162241,0,1e+05,1713.63820831732,98482.6905310981,5978064.95054103,59.7806495054103,2023,"Total","GMoH report",18.2043404945897
0,1,0.0169704,0.00584563,0.0062499,0.00620684,0.00599762,0.00715891,0.00776982,0.00887569,0.00819194,0.00752738,0.00690309,0.00973286,0.0120589,0.0180105,0.0231234,0.0406075,0.0422565,0.151152,0.11542641532,0.0167194153666357,0.0231123079979954,0.0307687460353836,0.0305599974633613,0.0295450993037841,0.0351651889430591,0.0381088526855666,0.0434151025217469,0.0401376862071309,0.0369417141984423,0.0339298971654406,0.0475083204212618,0.0585299820001461,0.0861724765286996,0.109298611232562,0.184325051207708,0.191094986732812,1,0.983280584633364,0.976887692002005,0.969231253964616,0.969440002536639,0.970454900696216,0.964834811056941,0.961891147314433,0.956584897478253,0.959862313792869,0.963058285801558,0.966070102834559,0.952491679578738,0.941470017999854,0.9138275234713,0.890701388767438,0.815674948792293,0.808905013267188,0,1e+05,1671.94153666358,98521.0446815381,6071298.12852845,60.7129812852845,2023,"Total","GMoH report",17.2720087147155
0,1,0.017684,0.00703523,0.00745478,0.00702911,0.00711967,0.00875003,0.00965265,0.0108275,0.00935124,0.00919824,0.00862296,0.0110585,0.0134923,0.0192074,0.0244349,0.0435311,0.044821,0.153677,0.1140024622,0.0174112016330551,0.0277504582866954,0.0365919378832665,0.0345386107642276,0.0349758094468882,0.0428135993042007,0.0471260224973523,0.0527106875756857,0.0456880990515627,0.0449573781158003,0.0422049705674884,0.0538049936931118,0.0652602237091235,0.0916367411453138,0.115140861413611,0.19629333771634,0.201523758995191,1,0.982588798366945,0.972249541713305,0.963408062116734,0.965461389235772,0.965024190553112,0.957186400695799,0.952873977502648,0.947289312424314,0.954311900948437,0.9550426218842,0.957795029432512,0.946195006306888,0.934739776290876,0.908363258854686,0.884859138586389,0.80370666228366,0.798476241004809,0,1e+05,1741.1201633055,98457.3718222974,5776659.92534785,57.7665992534785,2023,"Total","GMoH report",20.2183907465215
0,1,0.0174022,0.00664786,0.00685209,0.00670454,0.00673303,0.00813162,0.00837765,0.00992313,0.00890064,0.00793824,0.00764673,0.0107591,0.0129188,0.0183635,0.0244233,0.0415969,0.0417858,0.153263,0.11456478001,0.0171381268167232,0.026242526712735,0.0336834450082338,0.0329700769998781,0.0331078594723423,0.0398480274574168,0.041028934859682,0.0484145893402014,0.0435344879871061,0.0389188324193388,0.0375164545046148,0.0523864230883747,0.0625730773217398,0.0877872950197615,0.115089345943071,0.188393079752145,0.189167691673205,1,0.982861873183277,0.973757473287265,0.966316554991766,0.967029923000122,0.966892140527658,0.960151972542583,0.958971065140318,0.951585410659799,0.956465512012894,0.961081167580661,0.962483545495385,0.947613576911625,0.93742692267826,0.912212704980238,0.884910654056929,0.811606920247855,0.810832308326795,0,1e+05,1713.81268167232,98482.5298911818,5913337.14415458,59.1333714415458,2023,"Total","GMoH report",18.8516185584542
0,1,0.0172711,0.00645127,0.00669537,0.00638325,0.00631409,0.00777417,0.00831839,0.00984205,0.00871045,0.00773235,0.00770914,0.00982704,0.0127354,0.0184554,0.0244323,0.0406517,0.0418532,0.152865,0.114826383505,0.0170110365985286,0.0254763701155296,0.0329257252178701,0.0314149266732819,0.0310798476124714,0.0381297814915545,0.0407446257808765,0.0480285026878038,0.0426240630744822,0.0379285577904231,0.0378168613046055,0.0479570113284863,0.0617121768571341,0.0882072498048776,0.115129315087471,0.184507174260306,0.18944391485679,1,0.982988963401471,0.97452362988447,0.96707427478213,0.968585073326718,0.968920152387529,0.961870218508445,0.959255374219123,0.951971497312196,0.957375936925518,0.962071442209577,0.962183138695395,0.952042988671514,0.938287823142866,0.911792750195122,0.884870684912529,0.815492825739694,0.81055608514321,0,1e+05,1701.10365985286,98494.2279213752,5963782.15852387,59.6378215852386,2023,"Total","GMoH report",18.3471684147613
0,1,0.0170855,0.00623617,0.0067888,0.00645568,0.00635593,0.0078234,0.00866701,0.00990662,0.00827266,0.00820423,0.00791375,0.0101455,0.012604,0.0183212,0.0234626,0.0420398,0.0424713,0.152344,0.115196739025,0.0168310597179967,0.0246373940447598,0.0333775167851229,0.0317657265854914,0.0312825753521057,0.0383666067224196,0.0424160002540944,0.0483359844249405,0.0405251725648247,0.0401966927192303,0.0388010945941391,0.0494726871317618,0.0610948997101337,0.0875939349954054,0.110813091876355,0.190208212020728,0.191973129104645,1,0.983168940282003,0.97536260595524,0.966622483214877,0.968234273414509,0.968717424647894,0.96163339327758,0.957583999745906,0.95166401557506,0.959474827435175,0.95980330728077,0.961198905405861,0.950527312868238,0.938905100289866,0.912406065004595,0.889186908123645,0.809791787979272,0.808026870895355,0,1e+05,1683.10597179967,98510.7823475852,5953951.3907691,59.539513907691,2023,"Total","GMoH report",18.445476092309
0,1,0.0175372,0.00620961,0.00607086,0.00623788,0.00640318,0.00754046,0.0078926,0.00916879,0.00818109,0.00785587,0.00738802,0.00952822,0.0123466,0.0183638,0.0234284,0.0400507,0.0412697,0.152985,0.11429539426,0.0172689649865554,0.0245337499617994,0.029900495691811,0.0307104792886375,0.0315114660274066,0.037004718500833,0.0386994027349356,0.0448166635583325,0.0400855904422226,0.0385227752146855,0.0362701878175014,0.046532666295866,0.0598845728326607,0.0877886662278142,0.11066050364123,0.182027661812605,0.187049779307303,1,0.982731035013445,0.9754662500382,0.970099504308189,0.969289520711363,0.968488533972593,0.962995281499167,0.961300597265064,0.955183336441668,0.959914409557777,0.961477224785314,0.963729812182499,0.953467333704134,0.940115427167339,0.912211333772186,0.88933949635877,0.817972338187395,0.812950220692697,0,1e+05,1726.89649865554,98470.4798175045,6028634.9817284,60.286349817284,2023,"Total","GMoH report",17.698640182716
0,1,0.0171071,0.00588781,0.00642909,0.00629513,0.00614264,0.00732672,0.00787949,0.00942502,0.00834034,0.00763138,0.0076626,0.00970697,0.011943,0.0176169,0.0230841,0.0396195,0.0427721,0.151602,0.115153637305,0.0168520085312411,0.0232771372767413,0.031636957876219,0.0309879668013742,0.0302486830735133,0.0359746593594449,0.0386363629119964,0.0460402737478037,0.040849943946268,0.037442554103661,0.0375928525206874,0.0473849395337355,0.0579837501790296,0.0843687120899561,0.109122985240996,0.180244506897442,0.193201423486259,1,0.983147991468759,0.976722862723259,0.968363042123781,0.969012033198626,0.969751316926487,0.964025340640555,0.961363637088004,0.953959726252196,0.959150056053732,0.962557445896339,0.962407147479313,0.952615060466264,0.94201624982097,0.915631287910044,0.890877014759004,0.819755493102558,0.806798576513742,0,1e+05,1685.20085312412,98508.8561547026,6038774.19768937,60.3877419768937,2023,"Total","GMoH report",17.5972480231063
0,1,0.0173619,0.00632251,0.00643151,0.00634554,0.00637859,0.00749795,0.00829862,0.00939415,0.00844964,0.00801121,0.00742029,0.0101675,0.0122737,0.0182313,0.0226569,0.0413846,0.0419728,0.151777,0.114645196645,0.0170990627561074,0.0249742402327718,0.0316486780269571,0.0312322364852337,0.0313923526335381,0.0367999397297581,0.0406497577679787,0.0458929371609243,0.0413742071115548,0.0392695583045378,0.0364257263672361,0.049577306831965,0.0595415133199134,0.0871828579066177,0.107211783363764,0.18752172141937,0.189933860183251,1,0.982900937243893,0.975025759767228,0.968351321973043,0.968767763514766,0.968607647366462,0.963200060270242,0.959350242232021,0.954107062839076,0.958625792888445,0.960730441695462,0.963574273632764,0.950422693168035,0.940458486680087,0.912817142093382,0.892788216636236,0.81247827858063,0.810066139816749,0,1e+05,1709.90627561075,98486.1262656012,5995902.33005202,59.9590233005202,2023,"Total","GMoH report",18.0259666994798
0,1,0.0172178,0.00635301,0.006699,0.00647434,0.00642526,0.00766568,0.0083477,0.00975456,0.00884584,0.00806306,0.00761017,0.0101103,0.0122493,0.0184767,0.0233884,0.0402227,0.0422304,0.152549,0.11493274099,0.0169593578541583,0.0250932052324524,0.0329432823783683,0.0318560822314147,0.0316184087573691,0.0376076789196481,0.0408852553840759,0.0476117215144598,0.0432722514676926,0.0395186959584139,0.0373404324038333,0.0493052722645591,0.0594266624588568,0.0883045579359616,0.110482006592528,0.182737964216748,0.190988226951381,1,0.983040642145842,0.974906794767548,0.967056717621632,0.968143917768585,0.968381591242631,0.962392321080352,0.959114744615924,0.95238827848554,0.956727748532307,0.960481304041586,0.962659567596167,0.950694727735441,0.940573337541143,0.911695442064038,0.889517993407472,0.817262035783252,0.809011773048619,0,1e+05,1695.93578541583,98498.982762945,5965479.03099312,59.6547903099312,2023,"Total","GMoH report",18.3301996900688
0,1,0.017749,0.00665641,0.00710928,0.0065993,0.00688376,0.00805609,0.00862896,0.0104655,0.00896709,0.00839976,0.00775985,0.0101995,0.0128034,0.0188907,0.023596,0.0422736,0.0429571,0.153626,0.11387275795,0.0174741685070898,0.0262758345443611,0.0349256592726159,0.0324609511132951,0.0338364942360934,0.0394852090064383,0.0422337173557156,0.0509933234340036,0.0438523794176201,0.041134989893236,0.0380608831399168,0.0497294609086554,0.0620314658261051,0.0901939336442657,0.111408039735975,0.19116492596438,0.193956028698942,1,0.98252583149291,0.973724165455639,0.965074340727384,0.967539048886705,0.966163505763907,0.960514790993562,0.957766282644284,0.949006676565996,0.95614762058238,0.958865010106764,0.961939116860083,0.950270539091345,0.937968534173895,0.909806066355734,0.888591960264025,0.80883507403562,0.806043971301058,0,1e+05,1747.41685070898,98451.5663253696,5887246.12708194,58.8724612708194,2023,"Total","GMoH report",19.1125287291806
0,1,0.0171757,0.0060866,0.00636806,0.00634752,0.00623604,0.00771173,0.00844439,0.0095286,0.00848587,0.00787702,0.00771191,0.0100029,0.0121833,0.0183506,0.0237375,0.0410492,0.0431877,0.151661,0.115016749435,0.0169185347724231,0.024053590828131,0.031341341147727,0.0312418296535931,0.0307015596154393,0.0378293261270653,0.0413490316270472,0.0465344789106304,0.0415479242892784,0.0386244853902286,0.0378301924022774,0.0487942890160045,0.0591159321593087,0.0877283312131021,0.112038703206584,0.186143405316232,0.194895751845099,1,0.983081465227577,0.975946409171869,0.968658658852273,0.968758170346407,0.969298440384561,0.962170673872935,0.958650968372953,0.95346552108937,0.958452075710722,0.961375514609771,0.962169807597723,0.951205710983996,0.940884067840691,0.912271668786898,0.887961296793416,0.813856594683768,0.805104248154901,0,1e+05,1691.85347724232,98502.7380102304,5992970.10672679,59.9297010672679,2023,"Total","GMoH report",18.0552889327321
0,1,0.0168403,0.00609979,0.00605302,0.00623563,0.00600764,0.00744125,0.00775662,0.00904465,0.00794351,0.00744327,0.00708235,0.00991594,0.0118756,0.017798,0.0235041,0.0401342,0.04207,0.152454,0.115686023365,0.0165931923107078,0.0241050880499279,0.029813939076232,0.0306995720685554,0.0295937288273689,0.0365267385175163,0.0380453418512249,0.0442232895601984,0.0389441665587473,0.036536472918058,0.0347956623518558,0.0483803581778254,0.057665955448684,0.0851990674919459,0.110998217018442,0.182372558187935,0.190331847897392,1,0.983406807689292,0.975894911950072,0.970186060923768,0.969300427931445,0.970406271172631,0.963473261482484,0.961954658148775,0.955776710439802,0.961055833441253,0.963463527081942,0.965204337648144,0.951619641822175,0.942334044551316,0.914800932508054,0.889001782981558,0.817627441812065,0.809668152102608,0,1e+05,1659.31923107078,98532.6408122649,6064076.09750207,60.6407609750207,2023,"Total","GMoH report",17.3442290249793
0,1,0.0176573,0.00665853,0.00686059,0.00677371,0.00666344,0.00797774,0.00894376,0.0101346,0.00882849,0.008368,0.00808938,0.0106258,0.0131884,0.0190817,0.0242123,0.0422579,0.0428377,0.152295,0.114055740715,0.0173853345432562,0.026284093154417,0.033724524658434,0.033304561398523,0.0327712764147178,0.0391087023522411,0.0437407823510988,0.0494208486677301,0.0431892112019884,0.0409826431062179,0.0396451385233304,0.0517541761866887,0.0638372229230056,0.0910643437783134,0.114151805593567,0.191100712955043,0.193469074561628,1,0.982614665456744,0.973715906845583,0.966275475341566,0.966695438601477,0.967228723585282,0.960891297647759,0.956259217648901,0.95057915133227,0.956810788798012,0.959017356893782,0.96035486147667,0.948245823813311,0.936162777076994,0.908935656221687,0.885848194406433,0.808899287044957,0.806530925438372,0,1e+05,1738.53345432562,98459.7562665653,5887839.00676419,58.8783900676419,2023,"Total","GMoH report",19.1065999323581
0,1,0.0175357,0.00636672,0.00646201,0.00623354,0.00638765,0.00771736,0.00846692,0.00979965,0.00867067,0.00783346,0.0075492,0.00990143,0.01256,0.0184147,0.0233935,0.0414902,0.042773,0.153632,0.114298387435,0.0172675114118091,0.0251466763060574,0.0317963787070777,0.0306894403647715,0.03143624074206,0.0378564209284589,0.0414570658500326,0.0478265415795255,0.042433532115236,0.0384149941988575,0.0370468154519749,0.0483112732736746,0.0608881132441342,0.0880212860590223,0.110504766842193,0.187955247930758,0.193205096065027,1,0.982732488588191,0.974853323693943,0.968203621292922,0.969310559635228,0.96856375925794,0.962143579071541,0.958542934149967,0.952173458420475,0.957566467884764,0.961585005801142,0.962953184548025,0.951688726726325,0.939111886755866,0.911978713940978,0.889495233157807,0.812044752069242,0.806794903934973,0,1e+05,1726.75114118091,98470.6137297576,5972463.68698101,59.7246368698101,2023,"Total","GMoH report",18.2603531301899
0,1,0.0172641,0.00648469,0.00652813,0.00658484,0.00631769,0.00765483,0.00813294,0.0091462,0.00828925,0.00780523,0.00786483,0.0101427,0.0120257,0.0182534,0.0242608,0.0412389,0.041749,0.151671,0.114840351655,0.0170042498168441,0.0256066575279896,0.0321164983097234,0.0323909765056661,0.0310972923674576,0.0375554485641689,0.0398543670599095,0.0447087129246221,0.0406047918234438,0.0382792050018584,0.0385658650685817,0.0494593710920614,0.058373543203737,0.0872839288335731,0.114367389115374,0.186923229116925,0.18901683987966,1,0.982995750183156,0.97439334247201,0.967883501690277,0.967609023494334,0.968902707632542,0.962444551435831,0.960145632940091,0.955291287075378,0.959395208176556,0.961720794998142,0.961434134931418,0.950540628907939,0.941626456796263,0.912716071166427,0.885632610884626,0.813076770883075,0.81098316012034,0,1e+05,1700.42498168441,98494.8524211752,5986251.46526454,59.8625146526454,2023,"Total","GMoH report",18.1224753473546
0,1,0.0174158,0.00661423,0.0067681,0.00665503,0.00642276,0.00773946,0.00862565,0.00993118,0.00861959,0.00843054,0.00752025,0.0104328,0.0119404,0.0184573,0.023188,0.0409541,0.0428518,0.153487,0.11453764189,0.0171513090569675,0.0261115050005603,0.0332774374391699,0.0327305923155555,0.0316063007888633,0.0379627716189157,0.042217858815275,0.0484529134866004,0.0421888240845232,0.0412826131953796,0.036907368406846,0.0508380421837631,0.0579714929635452,0.0882159302753232,0.109587228371315,0.185752213212214,0.193526592869217,1,0.982848690943033,0.97388849499944,0.96672256256083,0.967269407684444,0.968393699211137,0.962037228381084,0.957782141184725,0.9515470865134,0.957811175915477,0.95871738680462,0.963092631593154,0.949161957816237,0.942028507036455,0.911784069724677,0.890412771628685,0.814247786787786,0.806473407130783,0,1e+05,1715.13090569674,98481.3161437744,5939268.53206066,59.3926853206066,2023,"Total","GMoH report",18.5923046793934
0,1,0.0170937,0.00617769,0.00652623,0.00637328,0.00625215,0.00749811,0.00801812,0.00967936,0.00853314,0.00794387,0.00725661,0.0100521,0.0122871,0.0180767,0.0233435,0.040771,0.0424405,0.151688,0.115180376335,0.0168390126083169,0.0244091753629047,0.0321073009237313,0.03136662922326,0.0307796524892237,0.0368007105603508,0.0393027642988012,0.0472533446644713,0.0417745302131426,0.038945897140212,0.0356365486615429,0.0490284039515954,0.0596045813706032,0.0864755199225405,0.110281603473302,0.184998559342607,0.191847265338503,1,0.983160987391683,0.975590824637095,0.967892699076269,0.96863337077674,0.969220347510776,0.963199289439649,0.960697235701199,0.952746655335529,0.958225469786857,0.961054102859788,0.964363451338457,0.950971596048405,0.940395418629397,0.91352448007746,0.889718396526698,0.815001440657394,0.808152734661497,0,1e+05,1683.90126083168,98510.0511201019,6002219.5518112,60.022195518112,2023,"Total","GMoH report",17.962794481888
0,1,0.0170052,0.00599464,0.00614277,0.00628679,0.00607026,0.00741918,0.007745,0.00922707,0.00814759,0.00767082,0.00721052,0.00962877,0.0118274,0.018169,0.0234366,0.0411388,0.0431415,0.152916,0.11535697366,0.0167531731110458,0.0236944802419251,0.0302493135603522,0.0309475481592695,0.0298975847184672,0.0364203766744609,0.0379894296680523,0.0450951106435847,0.039924724289074,0.0376324211774588,0.0354142127762318,0.0470121764152454,0.0574386259874889,0.0868978810002655,0.11069709137094,0.186511818955848,0.194707559549264,1,0.983246826888954,0.976305519758075,0.969750686439648,0.96905245184073,0.970102415281533,0.963579623325539,0.962010570331948,0.954904889356415,0.960075275710926,0.962367578822541,0.964585787223768,0.952987823584755,0.942561374012511,0.913102118999735,0.88930290862906,0.813488181044152,0.805292440450736,0,1e+05,1675.31731110459,98517.9422238246,6047641.28034537,60.4764128034537,2023,"Total","GMoH report",17.5085771965463
0,1,0.0170601,0.00647786,0.00689864,0.00671645,0.00693938,0.00789454,0.00870367,0.00985773,0.00899294,0.00826857,0.0077246,0.0104928,0.0129031,0.0189296,0.0237525,0.0416369,0.0417182,0.153393,0.115247423455,0.0168064243778079,0.0255800322643916,0.0339083954667433,0.0330276781280915,0.0341052271716736,0.0387087309381489,0.042591592094096,0.0481031796082021,0.0439760158207132,0.0405055427117498,0.0378912628769517,0.0511229429602663,0.0624994096677889,0.0903712700176832,0.112105533300688,0.188557160871295,0.188890564165117,1,0.983193575622192,0.974419967735608,0.966091604533257,0.966972321871909,0.965894772828326,0.961291269061851,0.957408407905904,0.951896820391798,0.956023984179287,0.95949445728825,0.962108737123048,0.948877057039734,0.937500590332211,0.909628729982317,0.887894466699311,0.811442839128705,0.811109435834883,0,1e+05,1680.64243778079,98513.0472729226,5909124.46039618,59.0912446039618,2023,"Total","GMoH report",18.8937453960381
0,1,0.0170314,0.00636281,0.00660138,0.00665539,0.00658767,0.00789569,0.00826937,0.0100068,0.00870208,0.00828384,0.00770731,0.0101115,0.0124737,0.0184975,0.0241027,0.0411501,0.0427548,0.154537,0.11530469287,0.0167785869687968,0.0251314270098154,0.0324710162075692,0.0327323338810288,0.0324046717894815,0.0387142605012571,0.0405093823227542,0.048812848957627,0.0425839770622161,0.0405788286893745,0.037808054017967,0.049310980062739,0.0604824016658517,0.0883995722794043,0.113664449672214,0.186558271209731,0.193130825459148,1,0.983221413031203,0.974868572990185,0.967528983792431,0.967267666118971,0.967595328210519,0.961285739498743,0.959490617677246,0.951187151042373,0.957416022937784,0.959421171310625,0.962191945982033,0.950689019937261,0.939517598334148,0.911600427720596,0.886335550327786,0.813441728790269,0.806869174540852,0,1e+05,1677.85869687967,98515.6062848433,5942547.8316974,59.425478316974,2023,"Total","GMoH report",18.559511683026
0,1,0.0176415,0.00647438,0.00674558,0.00675643,0.00647338,0.00791303,0.00862567,0.00999456,0.00889137,0.00823398,0.00790766,0.0107387,0.0126129,0.0185231,0.024098,0.0410857,0.042272,0.151881,0.114087268825,0.0173700268134425,0.0255664659681305,0.0331685472771456,0.0332210114047859,0.0318514339118591,0.038797632916997,0.0422179546380432,0.0487545981097896,0.0434901328438406,0.0403395131390092,0.0387718141895153,0.052289691718847,0.0611367216100127,0.0885165000450393,0.113643544652415,0.186293502600515,0.191158382172057,1,0.982629973186558,0.97443353403187,0.966831452722854,0.966778988595214,0.968148566088141,0.961202367083003,0.957782045361957,0.95124540189021,0.956509867156159,0.959660486860991,0.961228185810485,0.947710308281153,0.938863278389987,0.911483499954961,0.886356455347585,0.813706497399485,0.808841617827943,0,1e+05,1737.00268134425,98461.167210512,5920948.65078387,59.2094865078387,2023,"Total","GMoH report",18.7755034921613
0,1,0.0174725,0.00664389,0.00705673,0.00695105,0.00672099,0.00817481,0.00839094,0.0103765,0.00883261,0.00864871,0.00785073,0.0107164,0.0127528,0.0186461,0.0243261,0.0412791,0.0425346,0.152231,0.114424499875,0.01720626373159,0.0262270605888487,0.0346719731178502,0.0341616024826573,0.0330496343451564,0.040055436052019,0.0410926843773762,0.0505706345270745,0.0432089309118468,0.0423283362377432,0.0384980554037503,0.0521839400618042,0.0617938872855617,0.0890781020054886,0.114657571146342,0.187088398249543,0.192231748658749,1,0.98279373626841,0.973772939411151,0.96532802688215,0.965838397517343,0.966950365654844,0.959944563947981,0.958907315622624,0.949429365472925,0.956791069088153,0.957671663762257,0.96150194459625,0.947816059938196,0.938206112714438,0.910921897994511,0.885342428853658,0.812911601750457,0.807768251341251,0,1e+05,1720.626373159,98476.2554390615,5886520.03980758,58.8652003980758,2023,"Total","GMoH report",19.1197896019242
0,1,0.0172938,0.0065053,0.00688235,0.00643451,0.00636871,0.00770527,0.0084955,0.00973131,0.00885885,0.00814681,0.00768034,0.00967963,0.0122247,0.0186582,0.0236583,0.0412499,0.0433171,0.151041,0.11478108679,0.0170330445473699,0.0256869967599549,0.0338296807418656,0.0316632069456897,0.0313444900814337,0.0377982359658976,0.0415940934477858,0.0475009342097874,0.0433345150777585,0.0399209784342061,0.0376782456568791,0.0472546316252043,0.0593108564333966,0.0891333311995322,0.111685761851001,0.18696842764157,0.195422644423145,1,0.98296695545263,0.974313003240045,0.966170319258134,0.96833679305431,0.968655509918566,0.962201764034102,0.958405906552214,0.952499065790213,0.956665484922241,0.960079021565794,0.962321754343121,0.952745368374796,0.940689143566603,0.910866668800468,0.888314238148999,0.81303157235843,0.804577355576855,0,1e+05,1703.30445473699,98492.202681712,5953849.3365156,59.538493365156,2023,"Total","GMoH report",18.446496634844
0,1,0.0177737,0.00639583,0.00676665,0.00673459,0.00641492,0.00780895,0.00858092,0.0101638,0.00902389,0.00814552,0.00777686,0.0100975,0.0121784,0.0185412,0.0238135,0.0417494,0.0428485,0.154206,0.113823470335,0.0174980938961053,0.0252602001086778,0.0332704266684597,0.0331154033395586,0.0315683292335823,0.0382970996590438,0.0420035277222441,0.0495597124855972,0.0441240241492985,0.0399147833351203,0.0381427234492904,0.0492443870055292,0.0590928588203555,0.0885991629975735,0.11237726028076,0.189018479708178,0.193513131465953,1,0.982501906103895,0.974739799891322,0.96672957333154,0.966884596660441,0.968431670766418,0.961702900340956,0.957996472277756,0.950440287514403,0.955875975850701,0.96008521666488,0.96185727655071,0.950755612994471,0.940907141179645,0.911400837002426,0.88762273971924,0.810981520291822,0.806486868534047,0,1e+05,1749.80938961054,98449.3599875397,5927235.67968684,59.2723567968684,2023,"Total","GMoH report",18.7126332031316
0,1,0.0168445,0.00609492,0.00607463,0.00602325,0.00589241,0.00715255,0.00792271,0.00894152,0.00794701,0.00746165,0.00746202,0.00953853,0.0120515,0.0179466,0.02249,0.0401505,0.0422071,0.152142,0.115677642475,0.0165972676332554,0.024086074604345,0.0299187861108191,0.0296694832130919,0.0290343443475575,0.0351344968857496,0.0388441722207621,0.0437300668320497,0.0389609915268162,0.0366250418904454,0.0366268247528935,0.0465818442040118,0.0584951152950541,0.0858798707777501,0.106464058320907,0.182439869999012,0.19089290967965,1,0.983402732366745,0.975913925395655,0.970081213889181,0.970330516786908,0.970965655652443,0.96486550311425,0.961155827779238,0.95626993316795,0.961039008473184,0.963374958109555,0.963373175247106,0.953418155795988,0.941504884704946,0.91412012922225,0.893535941679093,0.817560130000988,0.80910709032035,0,1e+05,1659.72676332554,98532.2665158086,6076910.47454673,60.7691047454673,2023,"Total","GMoH report",17.2158852545327
0,1,0.0171321,0.00646729,0.0064673,0.00665525,0.00636006,0.00786412,0.00839852,0.00974761,0.00872873,0.00817902,0.00744996,0.0102293,0.0120886,0.0185423,0.0234148,0.0406859,0.0431292,0.151532,0.115103751055,0.0168762537814361,0.0255388260118437,0.0318219940447854,0.0327316566059334,0.0313025842155846,0.0385624506514572,0.0411290422893795,0.0475786057666084,0.0427116048338467,0.0400756511199424,0.0365687114069173,0.0498711330468106,0.0586699073937013,0.0886041864824655,0.110599818428643,0.184648067932285,0.194657449791167,1,0.983123746218564,0.974461173988156,0.968178005955215,0.967268343394067,0.968697415784415,0.961437549348543,0.95887095771062,0.952421394233392,0.957288395166153,0.959924348880058,0.963431288593083,0.950128866953189,0.941330092606299,0.911395813517535,0.889400181571357,0.815351932067715,0.805342550208833,0,1e+05,1687.62537814361,98506.6266332563,5962310.09475881,59.6231009475881,2023,"Total","GMoH report",18.3618890524119
0,1,0.0172862,0.00643287,0.00685535,0.00675265,0.00660191,0.00777283,0.00872282,0.00989298,0.00875369,0.00832631,0.00801408,0.0105172,0.0124903,0.0188764,0.0240254,0.0415997,0.0416489,0.154779,0.11479625221,0.0170256763519403,0.0254046306275499,0.0336992004652268,0.0332027338973698,0.0324735808545513,0.0381233345046554,0.0426833030756638,0.0482710389428967,0.0428311240444092,0.0407826279918137,0.0392833502216394,0.0512387787892931,0.0605604543912911,0.0901287348726259,0.113320569946989,0.18840456639803,0.188606379411338,1,0.98297432364806,0.97459536937245,0.966300799534773,0.96679726610263,0.967526419145449,0.961876665495345,0.957316696924336,0.951728961057103,0.957168875955591,0.959217372008186,0.960716649778361,0.948761221210707,0.939439545608709,0.909871265127374,0.886679430053011,0.81159543360197,0.811393620588662,0,1e+05,1702.56763519403,98492.8807484603,5917571.43493197,59.1757143493197,2023,"Total","GMoH report",18.8092756506803
0,1,0.0169285,0.00620679,0.00641266,0.00626652,0.0061514,0.00753244,0.00817708,0.00918572,0.00845253,0.00806447,0.00704111,0.00990518,0.0125505,0.0187047,0.0233281,0.0417483,0.0425619,0.153028,0.115510024675,0.0166787673397621,0.0245227449438203,0.0315573830795527,0.030849305524856,0.0302911672839242,0.0369660879021066,0.0400663359147946,0.0448975589861738,0.0413880653401755,0.0395254700807448,0.0345965546330197,0.0483291282144812,0.060843460376366,0.0893455459181614,0.110212858536913,0.189013970172607,0.192343263168384,1,0.983321232660238,0.97547725505618,0.968442616920447,0.969150694475144,0.969708832716076,0.963033912097893,0.959933664085205,0.955102441013826,0.958611934659825,0.960474529919255,0.96540344536698,0.951670871785519,0.939156539623634,0.910654454081839,0.889787141463087,0.810986029827393,0.807656736831616,0,1e+05,1667.87673397621,98524.7797487202,6008115.8904718,60.081158904718,2023,"Total","GMoH report",17.9038310952819
0,1,0.0173864,0.00646673,0.00693998,0.00656182,0.0066983,0.00806084,0.00883086,0.00984278,0.00887881,0.0082277,0.00786789,0.0103263,0.012663,0.0186946,0.0243448,0.0408545,0.0433602,0.152426,0.11459630812,0.0171228117315979,0.0255366428511504,0.0341081257240933,0.0322795682093316,0.0329398967244269,0.0395080302241205,0.0432005548700507,0.0480319794824738,0.0434300324832192,0.0403093665618477,0.0385805805894649,0.0503321381056978,0.0613721123531792,0.0892994559757876,0.114740654298109,0.185342329498735,0.195598071274778,1,0.982877188268402,0.97446335714885,0.965891874275907,0.967720431790668,0.967060103275573,0.96049196977588,0.956799445129949,0.951968020517526,0.956569967516781,0.959690633438152,0.961419419410535,0.949667861894302,0.938627887646821,0.910700544024212,0.885259345701891,0.814657670501265,0.804401928725222,0,1e+05,1712.28117315979,98483.9399277477,5913398.62909114,59.1339862909114,2023,"Total","GMoH report",18.8510037090886
0,1,0.0174476,0.00662115,0.0068011,0.0069034,0.00676834,0.00816352,0.00879043,0.0104742,0.00892943,0.00865843,0.00810514,0.0101405,0.0126948,0.0191659,0.023826,0.0416297,0.0420594,0.152268,0.11447418658,0.017182130919523,0.0261384665839553,0.0334369793985316,0.0339313950190635,0.0332785978377767,0.0400012230392368,0.0430070244061242,0.0510346326273369,0.0436722297047684,0.0423748997420658,0.0397208425260216,0.0494489083618906,0.0615214923958334,0.0914478014552233,0.112432932382629,0.188527628463394,0.190288454447524,1,0.982817869080477,0.973861533416045,0.966563020601468,0.966068604980936,0.966721402162223,0.959998776960763,0.956992975593876,0.948965367372663,0.956327770295232,0.957625100257934,0.960279157473978,0.950551091638109,0.938478507604167,0.908552198544777,0.887567067617371,0.811472371536606,0.809711545552476,0,1e+05,1718.2130919523,98478.47795412,5885970.6716598,58.859706716598,2023,"Total","GMoH report",19.125283283402
0,1,0.0176196,0.00705291,0.00743102,0.00701557,0.00750037,0.0083197,0.00900865,0.0103723,0.00961028,0.00883967,0.00829675,0.0108736,0.0131727,0.0189926,0.0243437,0.042471,0.0428104,0.153899,0.11413096918,0.0173488083836581,0.0278192269915185,0.0364774385612563,0.0344732266630488,0.0368115984778124,0.0407509116018649,0.0440511465955549,0.0505506828799117,0.0469240176296357,0.0432427215294445,0.0406407839396224,0.0529291733516098,0.0637636513738686,0.090658403036235,0.114735767256589,0.191971903243376,0.193357698915834,1,0.982651191616342,0.972180773008481,0.963522561438744,0.965526773336951,0.963188401522188,0.959249088398135,0.955948853404445,0.949449317120088,0.953075982370364,0.956757278470555,0.959359216060378,0.94707082664839,0.936236348626131,0.909341596963765,0.885264232743411,0.808028096756624,0.806642301084166,0,1e+05,1734.88083836582,98463.1227931287,5808384.33971042,58.0838433971042,2023,"Total","GMoH report",19.9011466028958
0,1,0.0168422,0.00692127,0.00687224,0.00717571,0.00699934,0.00815266,0.00905056,0.0106935,0.00944297,0.00870179,0.00808955,0.0108799,0.0130801,0.0196735,0.0243386,0.0408593,0.0423321,0.152668,0.11568223201,0.0165950359129809,0.0273070806439035,0.0337808251553362,0.035246257690568,0.0343948469302186,0.0399490719967377,0.0442515468014516,0.0520753311167574,0.0461259354385789,0.0425825881506416,0.0396459551586165,0.0529590276866792,0.063329606049771,0.093756217631087,0.114713108823944,0.185362087178381,0.191404150863118,1,0.983404964087019,0.972692919356096,0.966219174844664,0.964753742309432,0.965605153069781,0.960050928003262,0.955748453198548,0.947924668883243,0.953874064561421,0.957417411849358,0.960354044841383,0.947040972313321,0.936670393950229,0.906243782368913,0.885286891176056,0.814637912821619,0.808595849136882,0,1e+05,1659.50359129808,98532.4714881719,5843479.12279703,58.4347912279703,2023,"Total","GMoH report",19.5501987720297
0,1,0.0178518,0.0068436,0.00728245,0.00687111,0.00695159,0.00840466,0.00887187,0.0106781,0.00900933,0.00856171,0.0082882,0.0109318,0.0125566,0.0191967,0.0240755,0.0420441,0.0428863,0.153319,0.11366762569,0.017573737287416,0.0270047801728186,0.0357611775317105,0.0337753643899662,0.0341642110306044,0.0411584921680375,0.0433968225791615,0.0520022859753174,0.044054398465678,0.041911465467481,0.0405997528216588,0.0532049357095265,0.0608721324540681,0.0915880301538633,0.11354346101107,0.190225816835922,0.193667313710088,1,0.982426262712584,0.972995219827181,0.96423882246829,0.966224635610034,0.965835788969396,0.958841507831963,0.956603177420838,0.947997714024683,0.955945601534322,0.958088534532519,0.959400247178341,0.946795064290474,0.939127867545932,0.908411969846137,0.88645653898893,0.809774183164078,0.806332686289912,0,1e+05,1757.3737287416,98442.3827704544,5842479.85332497,58.4247985332497,2023,"Total","GMoH report",19.5601914667503
0,1,0.0170839,0.00608818,0.00631142,0.00639176,0.0062826,0.00763842,0.00817999,0.00935296,0.00828359,0.00827882,0.00740395,0.00972557,0.0121167,0.0182127,0.0231964,0.0407476,0.0416699,0.150646,0.115199931745,0.0168295079202346,0.0240597597043266,0.0310669092195341,0.0314561496030333,0.0309272412847609,0.0374764478775087,0.0400803086893113,0.045696310587323,0.0405776288976003,0.040554736589079,0.0363469720899859,0.0474735809141714,0.0588022761513911,0.0870977854091949,0.109624751061209,0.184902197992683,0.188692505420904,1,0.983170492079765,0.975940240295673,0.968933090780466,0.968543850396967,0.969072758715239,0.962523552122491,0.959919691310689,0.954303689412677,0.9594223711024,0.959445263410921,0.963653027910014,0.952526419085829,0.941197723848609,0.912902214590805,0.890375248938791,0.815097802007317,0.811307494579096,0,1e+05,1682.95079202345,98510.9250243478,6012758.2304344,60.127582304344,2023,"Total","GMoH report",17.857407695656
0,1,0.0174062,0.00685969,0.00731582,0.00702866,0.00711481,0.00843847,0.00940591,0.0106142,0.00929741,0.00862772,0.00821935,0.0105136,0.0125821,0.0191293,0.0245032,0.0422016,0.041903,0.15275,0.11455679821,0.0171420039812303,0.0270674118906556,0.0359221009387752,0.0345364378026845,0.0349523516474382,0.0413206424948169,0.0459490680044164,0.0516991375359157,0.0454310717480475,0.0422277764220205,0.040269281698675,0.0512216891230887,0.0609919819594694,0.0912811392570264,0.11544412386055,0.190870408429097,0.189647954415335,1,0.98285799601877,0.972932588109344,0.964077899061225,0.965463562197316,0.965047648352562,0.958679357505183,0.954050931995584,0.948300862464084,0.954568928251952,0.95777222357798,0.959730718301325,0.948778310876911,0.939008018040531,0.908718860742974,0.88455587613945,0.809129591570903,0.810352045584664,0,1e+05,1714.20039812304,98482.1729109762,5827934.59529749,58.2793459529749,2023,"Total","GMoH report",19.7056440470251
0,1,0.0171821,0.00608674,0.00613961,0.0061696,0.00603579,0.00723752,0.00790204,0.00946751,0.00800431,0.00770452,0.00743689,0.00953608,0.0118007,0.0179043,0.0220959,0.0420682,0.0416429,0.152696,0.115003978555,0.0169247408648123,0.0240541374389695,0.030233987765931,0.0303794277070465,0.029730334855457,0.0355444655492451,0.0387447927448463,0.0462430340321751,0.0392363992429394,0.0377946263632299,0.0365057273041722,0.0465701581164717,0.0573126757676711,0.0856861247898143,0.104696112897567,0.190324479345042,0.188581770475649,1,0.983075259135188,0.97594586256103,0.969766012234069,0.969620572292954,0.970269665144543,0.964455534450755,0.961255207255154,0.953756965967825,0.960763600757061,0.96220537363677,0.963494272695828,0.953429841883528,0.942687324232329,0.914313875210186,0.895303887102433,0.809675520654958,0.811418229524351,0,1e+05,1692.47408648123,98502.1671670653,6052126.50247087,60.5212650247087,2023,"Total","GMoH report",17.4637249752913
0,1,0.0172192,0.00602329,0.00639927,0.00611626,0.00601729,0.00751919,0.00815081,0.0095254,0.00851456,0.00781078,0.00769692,0.00978939,0.0118937,0.0177712,0.0236946,0.040433,0.0421418,0.151418,0.11492994736,0.0169607153358133,0.023806374603825,0.0314925270412026,0.0301207343926589,0.0296405603810616,0.036902262197763,0.0399401877948007,0.0465192146811895,0.0416854664861884,0.0383059025560825,0.037758048307061,0.0477776645217681,0.0577513081651892,0.0850762331151597,0.111847543018013,0.183605678956845,0.190625722336137,1,0.983039284664187,0.976193625396175,0.968507472958797,0.969879265607341,0.970359439618938,0.963097737802237,0.960059812205199,0.95348078531881,0.958314533513812,0.961694097443918,0.962241951692939,0.952222335478232,0.942248691834811,0.91492376688484,0.888152456981987,0.816394321043155,0.809374277663863,0,1e+05,1696.07153358133,98498.857878492,6023517.55078641,60.2351755078641,2023,"Total","GMoH report",17.7498144921359
0,1,0.0173994,0.00687987,0.00693955,0.00701095,0.0068277,0.00846878,0.00896778,0.0105497,0.00908499,0.00822441,0.00807981,0.0104961,0.0128257,0.0192918,0.0240489,0.0424774,0.0437823,0.153959,0.11457036727,0.0171354127842028,0.0271459586666955,0.0341060484290603,0.0344509158783075,0.0335655610470968,0.0414659842546596,0.0438556797799572,0.0513930469319549,0.044416149318996,0.0402935728414673,0.0395991656632069,0.0511386100866732,0.0621361509227744,0.092020879015521,0.113425126205964,0.191998054589907,0.197314313797553,1,0.982864587215797,0.972854041333304,0.96589395157094,0.965549084121692,0.966434438952903,0.95853401574534,0.956144320220043,0.948606953068045,0.955583850681004,0.959706427158533,0.960400834336793,0.948861389913327,0.937863849077226,0.907979120984479,0.886574873794036,0.808001945410093,0.802685686202447,0,1e+05,1713.54127842028,98482.7797751806,5854541.94693578,58.5454194693578,2023,"Total","GMoH report",19.4395705306422
0,1,0.0173954,0.00665907,0.00693914,0.00710206,0.00670001,0.00851198,0.00866488,0.0103914,0.00910854,0.00856207,0.00801229,0.0107532,0.0131555,0.0185823,0.0238471,0.0414458,0.0419108,0.154329,0.11457834907,0.0171315355700803,0.0262861967515947,0.0341040677483124,0.0348908084621336,0.0329481673728014,0.0416730985465836,0.0424057971411686,0.0506414120763739,0.0445287209110814,0.0419131908157798,0.0392747483170176,0.0523584478465414,0.0636830442775178,0.0887868407240344,0.11252689944086,0.187772995008674,0.189679908252978,1,0.98286846442992,0.973713803248405,0.965895932251688,0.965109191537866,0.967051832627199,0.958326901453416,0.957594202858831,0.949358587923626,0.955471279088919,0.95808680918422,0.960725251682982,0.947641552153459,0.936316955722482,0.911213159275966,0.88747310055914,0.812227004991326,0.810320091747022,0,1e+05,1713.15355700803,98483.1367492573,5867919.10636235,58.6791910636235,2023,"Total","GMoH report",19.3057989363764
0,1,0.0175506,0.00612555,0.00661134,0.00627386,0.0062106,0.00742411,0.00820297,0.00930969,0.00861541,0.00798468,0.00752268,0.0101755,0.0119856,0.0183435,0.023278,0.0398949,0.042288,0.151487,0.11426865523,0.017281950072099,0.0242056541109217,0.0325192110972606,0.0308848814442554,0.0305782271560614,0.0364441367988753,0.0401906433948778,0.0454897122030021,0.0421687963261102,0.0391420579811967,0.0369190740500627,0.0496153475768299,0.0581845579068783,0.0876958767137532,0.109989179688054,0.18138378053485,0.191223817964765,1,0.982718049927901,0.975794345889078,0.967480788902739,0.969115118555745,0.969421772843939,0.963555863201125,0.959809356605122,0.954510287796998,0.95783120367389,0.960857942018803,0.963080925949937,0.95038465242317,0.941815442093122,0.912304123286247,0.890010820311946,0.81861621946515,0.808776182035235,0,1e+05,1728.19500720991,98469.2835122392,6004046.97040988,60.0404697040988,2023,"Total","GMoH report",17.9445202959012
0,1,0.0168988,0.00602079,0.00620875,0.00611717,0.00608988,0.00738058,0.00803366,0.00950733,0.00809903,0.0079226,0.00747169,0.00930294,0.0119829,0.018287,0.0235696,0.0414289,0.041443,0.151824,0.11556928954,0.016649952840303,0.0237966112024765,0.0305692578015614,0.0301251483654335,0.0299927690884589,0.0362343241791251,0.0393774376359048,0.046433015008547,0.0396914935083281,0.0388436433774446,0.0366734189558052,0.0454574794893973,0.0581718318891391,0.0874375727670236,0.111290328673257,0.187703614330643,0.187761500352254,1,0.983350047159697,0.976203388797524,0.969430742198439,0.969874851634566,0.970007230911541,0.963765675820875,0.960622562364095,0.953566984991453,0.960308506491672,0.961156356622555,0.963326581044195,0.954542520510603,0.941828168110861,0.912562427232976,0.888709671326743,0.812296385669357,0.812238499647746,0,1e+05,1664.9952840303,98527.4270380325,6039847.52668728,60.3984752668728,2023,"Total","GMoH report",17.5865147331272
0,1,0.0172496,0.00647889,0.00645482,0.00637303,0.00608071,0.00769968,0.00833794,0.0092666,0.00815814,0.00766146,0.00764838,0.0101263,0.0119826,0.0181441,0.0234316,0.040815,0.0413675,0.151633,0.11486928568,0.0169901911991645,0.0255840475404612,0.0317615620845633,0.0313654181233435,0.0299482829410932,0.037771332074629,0.0408384290717635,0.0452839298393761,0.0399753879709467,0.0375873647707586,0.0375243978646499,0.04938137349397,0.0581704178768715,0.08678395797047,0.110674781948253,0.185179723920465,0.187451500167094,1,0.983009808800835,0.974415952459539,0.968238437915437,0.968634581876657,0.970051717058907,0.962228667925371,0.959161570928237,0.954716070160624,0.960024612029053,0.962412635229241,0.96247560213535,0.95061862650603,0.941829582123129,0.91321604202953,0.889325218051747,0.814820276079535,0.812548499832906,0,1e+05,1699.01911991645,98496.145992745,6003725.31733795,60.0372531733795,2023,"Total","GMoH report",17.9477368266205
0,1,0.0172848,0.00602067,0.00624579,0.00626645,0.00606601,0.0074045,0.0079414,0.00948848,0.00837974,0.00781255,0.00729352,0.00975755,0.012218,0.0185604,0.0230819,0.0403264,0.0418279,0.152168,0.11479904584,0.0170243190412951,0.0237961425567853,0.0307488232678054,0.0308489662387825,0.029876965077673,0.0363496230404917,0.0389340233670816,0.0463430863793775,0.0410389604538168,0.0383144167583857,0.0358145643957213,0.0476259680877143,0.0592793133730211,0.0886868418512597,0.109113152796184,0.183165942355489,0.18934023858611,1,0.982975680958705,0.976203857443215,0.969251176732195,0.969151033761218,0.970123034922327,0.963650376959508,0.961065976632918,0.953656913620622,0.958961039546183,0.961685583241614,0.964185435604279,0.952374031912286,0.940720686626979,0.91131315814874,0.890886847203816,0.816834057644511,0.81065976141389,0,1e+05,1702.43190412951,98493.0056540721,6030960.12104019,60.3096012104019,2023,"Total","GMoH report",17.6753887895981
0,1,0.0171705,0.00580076,0.00625942,0.00637172,0.00586826,0.00741878,0.00774408,0.00911625,0.00810324,0.00758862,0.00709082,0.00958917,0.0120453,0.0179475,0.0236247,0.0411688,0.0410645,0.150638,0.115027125775,0.0169134922673861,0.0229369366704787,0.0308148916276206,0.0313590719354191,0.0289170678190012,0.0364184488500996,0.037985002749764,0.0445655727436884,0.0397117160843908,0.0372366627900455,0.034836550723497,0.046823357170308,0.0584659016860525,0.0858839926067269,0.111535989284855,0.186635138296271,0.186206325832163,1,0.983086507732614,0.977063063329521,0.969185108372379,0.968640928064581,0.971082932180999,0.9635815511499,0.962014997250236,0.955434427256312,0.960288283915609,0.962763337209954,0.965163449276503,0.953176642829692,0.941534098313948,0.914116007393273,0.888464010715145,0.813364861703729,0.813793674167837,0,1e+05,1691.34922673862,98503.2018134949,6060651.44617268,60.6065144617268,2023,"Total","GMoH report",17.3784755382732
0,1,0.0167402,0.0062321,0.00650209,0.00634496,0.00615661,0.00785076,0.00813847,0.00952598,0.00879561,0.00775587,0.00759822,0.00967044,0.0119485,0.017997,0.0229993,0.0408619,0.0406263,0.152642,0.11588576791,0.0164960542878993,0.0246215125433571,0.0319904382287432,0.0312294263475053,0.0303164338504795,0.0384981996846101,0.0398809257064153,0.0465219813404756,0.0430318221861531,0.0380417331576367,0.0372828909802403,0.0472108263412903,0.0580096783942653,0.086110665866023,0.108743915179056,0.185372789075218,0.184402519776963,1,0.983503945712101,0.975378487456643,0.968009561771257,0.968770573652495,0.96968356614952,0.96150180031539,0.960119074293585,0.953478018659524,0.956968177813847,0.961958266842363,0.96271710901976,0.95278917365871,0.941990321605735,0.913889334133977,0.891256084820944,0.814627210924782,0.815597480223037,0,1e+05,1649.60542878993,98541.5603630739,6003319.78138557,60.0331978138557,2023,"Total","GMoH report",17.9517921861443
0,1,0.0180416,0.00715806,0.0074036,0.00716986,0.00709224,0.008197,0.00926898,0.0107288,0.00953432,0.00856934,0.00837489,0.0109957,0.0131151,0.0191644,0.0243527,0.0412302,0.0428123,0.153175,0.11328888928,0.0177575207382234,0.028228122806527,0.0363452851177555,0.0352180291537296,0.0348434055141901,0.0401619806123024,0.0452952969951449,0.0522427450911648,0.0465617631264701,0.0419480326154674,0.0410156951618646,0.0535076157731091,0.0634936849318749,0.0914409716092302,0.114775751397364,0.186887479596818,0.193365450779032,1,0.982242479261777,0.971771877193473,0.963654714882245,0.96478197084627,0.96515659448581,0.959838019387698,0.954704703004855,0.947757254908835,0.95343823687353,0.958051967384533,0.958984304838135,0.946492384226891,0.936506315068125,0.90855902839077,0.885224248602636,0.813112520403182,0.806634549220968,0,1e+05,1775.75207382234,98425.4209062577,5807638.54507585,58.0763854507585,2023,"Total","GMoH report",19.9086045492415
0,1,0.0169834,0.00666205,0.00689384,0.00664476,0.00654642,0.0078868,0.00836011,0.00966617,0.00902459,0.00801171,0.00796459,0.0102499,0.0124602,0.0188358,0.0237402,0.0415118,0.0428518,0.152325,0.11540047447,0.0167320262763765,0.0262978054109243,0.033885202095957,0.0326809080239962,0.0322050308547791,0.0386715137631323,0.0409447925753571,0.0471904721837295,0.0441273714130488,0.0392719610915089,0.0390454965711607,0.0499690554464486,0.0604189204194732,0.0899436008096729,0.112050732972704,0.188043898260477,0.193526592869217,1,0.983267973723624,0.973702194589076,0.966114797904043,0.967319091976004,0.967794969145221,0.961328486236868,0.959055207424643,0.95280952781627,0.955872628586951,0.960728038908491,0.960954503428839,0.950030944553551,0.939581079580527,0.910056399190327,0.887949267027296,0.811956101739523,0.806473407130783,0,1e+05,1673.20262763764,98519.8857494762,5930267.63859047,59.3026763859047,2023,"Total","GMoH report",18.6823136140953
0,1,0.017286,0.0062614,0.00655743,0.00656535,0.0063332,0.00763133,0.00845922,0.00964254,0.00827328,0.00795307,0.00779305,0.009849,0.0127141,0.0185172,0.0238214,0.0406251,0.041683,0.153564,0.1147966513,0.0170254824506384,0.0247358380473013,0.0322583207986139,0.0322966529243085,0.0311724466521564,0.0374423133766485,0.0414201447086933,0.04707782546217,0.0405281482050454,0.0389901220745808,0.0382206121462835,0.0480616031758038,0.0616121426430548,0.0884895531175302,0.112412445431024,0.184397575172181,0.188746227498002,1,0.982974517549362,0.975264161952699,0.967741679201386,0.967703347075692,0.968827553347844,0.962557686623352,0.958579855291307,0.95292217453783,0.959471851794955,0.961009877925419,0.961779387853717,0.951938396824196,0.938387857356945,0.91151044688247,0.887587554568976,0.815602424827819,0.811253772501998,0,1e+05,1702.54824506384,98492.8985921462,5974007.74611651,59.7400774611651,2023,"Total","GMoH report",18.2449125388349
0,1,0.0178655,0.00666436,0.00719175,0.00701581,0.0068141,0.00812374,0.00897904,0.0101057,0.00933785,0.008543,0.00789999,0.0103074,0.0127696,0.0192483,0.0242265,0.0422085,0.0434069,0.15362,0.113640288025,0.0175870052098301,0.0263068039757128,0.0353236527999401,0.0344743856510144,0.0334998221546402,0.039810181098507,0.0439095362931069,0.0492833920620952,0.0456241708407859,0.0418217910966532,0.0387349359827148,0.0502423305063472,0.0618727735763486,0.0918229125794905,0.114214929996122,0.19089863718133,0.195788112453821,1,0.98241299479017,0.973693196024287,0.96467634720006,0.965525614348986,0.96650017784536,0.960189818901493,0.956090463706893,0.950716607937905,0.954375829159214,0.958178208903347,0.961265064017285,0.949757669493653,0.938127226423651,0.90817708742051,0.885785070003878,0.80910136281867,0.804211887546179,0,1e+05,1758.70052098301,98441.1587127712,5861198.67278405,58.6119867278405,2023,"Total","GMoH report",19.3730032721595
0,1,0.0169049,0.00637718,0.00632019,0.00622642,0.00639014,0.00730602,0.00823725,0.00962991,0.00843412,0.00801797,0.0076248,0.0100205,0.012321,0.0183033,0.02391,0.0404759,0.0419094,0.152818,0.115557117295,0.0166558711008911,0.0251874699408848,0.0311094065987713,0.0306549239214919,0.0314483023628477,0.0358748441773583,0.0403552101137268,0.04701761158017,0.0412997817126542,0.0393020434859769,0.037410873921312,0.0488780439026829,0.0597641158223811,0.0875120994742332,0.112806963742304,0.18378258606203,0.189674173031848,1,0.983344128899109,0.974812530059115,0.968890593401229,0.969345076078508,0.968551697637152,0.964125155822642,0.959644789886273,0.95298238841983,0.958700218287346,0.960697956514023,0.962589126078688,0.951121956097317,0.940235884177619,0.912487900525767,0.887193036257696,0.81621741393797,0.810325826968152,0,1e+05,1665.58711008911,98526.8833349565,5998941.42480813,59.9894142480813,2023,"Total","GMoH report",17.9955757519187
0,1,0.0175362,0.00673818,0.00694304,0.0069079,0.00674875,0.00825716,0.00882849,0.0107591,0.00916413,0.00876751,0.00800436,0.0102684,0.0128677,0.0192748,0.0236784,0.0416353,0.0436587,0.152865,0.11429738971,0.0172679959371808,0.0265943252983227,0.0341229082084805,0.0339531377985043,0.0331838757955618,0.0404507786219842,0.0431892112019884,0.0523864230883747,0.0447943958332809,0.042897293867607,0.0392366395300286,0.0500569870845525,0.0623332849724016,0.0919435177120113,0.111775346583635,0.1885505981972,0.196812099030178,1,0.982732004062819,0.973405674701677,0.96587709179152,0.966046862201496,0.966816124204438,0.959549221378016,0.956810788798012,0.947613576911625,0.955205604166719,0.957102706132393,0.960763360469971,0.949943012915448,0.937666715027598,0.908056482287989,0.888224653416365,0.8114494018028,0.803187900969822,0,1e+05,1726.79959371808,98470.5690923962,5864235.29288661,58.6423529288661,2023,"Total","GMoH report",19.3426370711339
0,1,0.0173672,0.00656106,0.00678801,0.00685819,0.00663889,0.00803513,0.00863037,0.0101648,0.0087517,0.00798172,0.00782428,0.0107112,0.0125953,0.0181023,0.023694,0.0413267,0.0429139,0.152602,0.11463462076,0.0171042003823812,0.0259043203992032,0.0333736975187641,0.03371292587228,0.0326525089619441,0.0393845010354868,0.0422404727284465,0.0495644677456476,0.042821595604373,0.0391278315116667,0.0383708395194126,0.0521592788314514,0.0610540158843302,0.0865926831782557,0.111844869174451,0.187283932741889,0.193779874598652,1,0.982895799617619,0.974095679600797,0.966626302481236,0.96628707412772,0.967347491038056,0.960615498964513,0.957759527271554,0.950435532254352,0.957178404395627,0.960872168488333,0.961629160480587,0.947840721168549,0.93894598411567,0.913407316821744,0.888155130825549,0.812716067258111,0.806220125401348,0,1e+05,1710.42003823812,98485.6533141856,5915486.67548154,59.1548667548154,2023,"Total","GMoH report",18.8301232451846
0,1,0.017741,0.00637837,0.00695791,0.00651679,0.0066775,0.00781927,0.00834461,0.00986852,0.00885129,0.00818315,0.00771768,0.010155,0.0126933,0.0185731,0.0239219,0.0414658,0.0425844,0.151996,0.11388872155,0.0174664191543483,0.025192110792568,0.0341947401882421,0.0320616031628116,0.0328392891172981,0.0383467411924895,0.0408704304925195,0.0481545642978387,0.0432983347074678,0.0400954816483728,0.0378579609302201,0.0495178651973035,0.0615144466847414,0.088744833339744,0.112859939531315,0.187855095456998,0.192435160389747,1,0.982533580845652,0.974807889207432,0.965805259811758,0.967938396837188,0.967160710882702,0.96165325880751,0.95912956950748,0.951845435702161,0.956701665292532,0.959904518351627,0.96214203906978,0.950482134802696,0.938485553315259,0.911255166660256,0.887140060468685,0.812144904543002,0.807564839610253,0,1e+05,1746.64191543483,98452.2808993197,5932886.4471028,59.328864471028,2023,"Total","GMoH report",18.656125528972
0,1,0.0173802,0.00667005,0.00689981,0.00691142,0.0069495,0.00794895,0.00883271,0.0103071,0.00895256,0.00820193,0.00776864,0.0106572,0.0128184,0.0186504,0.0245843,0.04238,0.0426177,0.153659,0.11460867991,0.0171168018902517,0.0263289689216878,0.0339140487679264,0.0339701451485436,0.0341541149454662,0.0389703172419,0.0432094095406407,0.0502409049221912,0.043782877896644,0.0401856502736281,0.0381031753692486,0.0519031445205393,0.0621018830556002,0.0890977292748317,0.115804093556921,0.191599981916,0.1925711511311,1,0.982883198109748,0.973671031078312,0.966085951232074,0.966029854851456,0.965845885054534,0.9610296827581,0.956790590459359,0.949759095077809,0.956217122103356,0.959814349726372,0.961896824630751,0.948096855479461,0.9378981169444,0.910902270725168,0.884195906443079,0.808400018084,0.8074288488689,0,1e+05,1711.68018902518,98484.4932178671,5883154.82182932,58.8315482182932,2023,"Total","GMoH report",19.1534417817068
0,1,0.0167718,0.00626466,0.00659148,0.00647349,0.00606571,0.00750313,0.00798274,0.00944287,0.00826853,0.00815721,0.00741192,0.00982165,0.0122342,0.0182165,0.0231569,0.0423819,0.042356,0.152206,0.11582271169,0.0165267212080415,0.0247485574047377,0.0324231093086358,0.031851966532922,0.0298755095573079,0.0368248950627692,0.0391327338994782,0.0461254582354798,0.0405053507308046,0.0399709219886132,0.0363853860731419,0.0479313379368806,0.059355579910643,0.0871151664269583,0.109448292111035,0.191607748870376,0.191501867274322,1,0.983473278791959,0.975251442595262,0.967576890691364,0.968148033467078,0.970124490442692,0.963175104937231,0.960867266100522,0.95387454176452,0.959494649269195,0.960029078011387,0.963614613926858,0.95206866206312,0.940644420089357,0.912884833573042,0.890551707888965,0.808392251129624,0.808498132725678,0,1e+05,1652.67212080414,98538.7448457619,6003391.30835479,60.0339130835479,2023,"Total","GMoH report",17.9510769164521
0,1,0.0175848,0.0066422,0.0071666,0.00687263,0.00676143,0.00802183,0.00882924,0.010373,0.00907785,0.00834328,0.00837797,0.0104913,0.0130394,0.0187676,0.0240164,0.0427121,0.0432351,0.153214,0.11420041084,0.0173150896257579,0.0262204766993353,0.0352022980273922,0.0337827098372284,0.033245187480042,0.0393205922339988,0.0431928009845871,0.0505540081827996,0.0443820167726021,0.0408640494830722,0.0410304698855328,0.0511158214558993,0.0631387707807052,0.0896325312655516,0.113280524055202,0.192956551221437,0.195088791478834,1,0.982684910374242,0.973779523300665,0.964797701972608,0.966217290162772,0.966754812519958,0.960679407766001,0.956807199015413,0.9494459918172,0.955617983227398,0.959135950516928,0.958969530114467,0.948884178544101,0.936861229219295,0.910367468734448,0.886719475944798,0.807043448778563,0.804911208521166,0,1e+05,1731.50896257578,98466.2300723235,5869485.71142514,58.6948571142514,2023,"Total","GMoH report",19.2901328857486
0,1,0.0175104,0.0063307,0.00659078,0.00640203,0.00656122,0.00786559,0.00835873,0.00957656,0.00860222,0.00830456,0.00749388,0.0101796,0.0126196,0.018732,0.0235624,0.0408953,0.0420209,0.153992,0.11434887232,0.0172429938324055,0.0250061866681203,0.0324197218638357,0.0315058957751761,0.0322766642622727,0.0385695199244437,0.0409381721801319,0.0467632229735022,0.0421055959999434,0.0406782623245746,0.0367803315230158,0.0496348428834589,0.06116820432185,0.0894701145362666,0.111258223109511,0.185510256063061,0.190130828655387,1,0.982757006167594,0.97499381333188,0.967580278136164,0.968494104224824,0.967723335737727,0.961430480075556,0.959061827819868,0.953236777026498,0.957894404000057,0.959321737675425,0.963219668476984,0.950365157116541,0.93883179567815,0.910529885463733,0.888741776890489,0.814489743936939,0.809869171344613,0,1e+05,1724.29938324056,98472.8723067751,5957880.74690973,59.5788074690973,2023,"Total","GMoH report",18.4061825309027
0,1,0.0184524,0.00681214,0.00726676,0.00710622,0.00691419,0.00836443,0.00913172,0.0105117,0.00943266,0.00892102,0.00823862,0.0104209,0.0130524,0.0190137,0.0243161,0.0414937,0.0429439,0.153283,0.11246915842,0.0181550730237774,0.0268823079099881,0.0356855049992295,0.0349108888584409,0.0339835285665511,0.0409655170015665,0.0446395112068064,0.0512126694561933,0.0460767345721761,0.0436319952444607,0.0403617864473479,0.0507815269641483,0.0631997296226822,0.0907545505075371,0.114613138648286,0.187969613156428,0.193902207480451,1,0.981844926976223,0.973117692090012,0.96431449500077,0.965089111141559,0.966016471433449,0.959034482998434,0.955360488793194,0.948787330543807,0.953923265427824,0.956368004755539,0.959638213552652,0.949218473035852,0.936800270377318,0.909245449492463,0.885386861351714,0.812030386843572,0.806097792519549,0,1e+05,1815.50730237774,98388.681276026,5827454.44175724,58.2745444175724,2023,"Total","GMoH report",19.7104455824276
0,1,0.0179015,0.00593044,0.00640449,0.00632841,0.00633392,0.00755322,0.00829204,0.00941283,0.00827411,0.0079505,0.00741958,0.00986721,0.0117508,0.0184579,0.0226757,0.0411569,0.0414149,0.151863,0.113568451825,0.0176218681889124,0.0234436971216834,0.0315178112328434,0.0311492371404697,0.0311759352997161,0.0370661775166443,0.0406181810451166,0.0459820958712994,0.0405321317092578,0.0389777681360851,0.0364223044950368,0.0481483258931594,0.057077241865711,0.0882186714601397,0.107295971828993,0.186586223631547,0.187646135189365,1,0.982378131811088,0.976556302878317,0.968482188767157,0.96885076285953,0.968824064700284,0.962933822483356,0.959381818954883,0.954017904128701,0.959467868290742,0.961022231863915,0.963577695504963,0.951851674106841,0.942922758134289,0.91178132853986,0.892704028171007,0.813413776368453,0.812353864810635,0,1e+05,1762.18681889125,98437.9420099566,6011653.8109845,60.116538109845,2023,"Total","GMoH report",17.868451890155
0,1,0.0167122,0.0060814,0.0061809,0.00624607,0.00653784,0.0072885,0.0079333,0.00930059,0.00802619,0.00814676,0.00742441,0.00986101,0.01194,0.0183604,0.0236117,0.0413552,0.0416898,0.151856,0.11594164051,0.0164688795490679,0.0240332879256183,0.0304342227810318,0.0307501805494389,0.0321635004505362,0.0357903549940644,0.0388950840737934,0.045446257480352,0.0393415432475058,0.039920738314816,0.0364455826296711,0.0481188000781045,0.0579696072243531,0.087773125754732,0.11147803519119,0.187400986778903,0.188774112510635,1,0.983531120450932,0.975966712074382,0.969565777218968,0.969249819450561,0.967836499549464,0.964209645005936,0.961104915926207,0.954553742519648,0.960658456752494,0.960079261685184,0.963554417370329,0.951881199921895,0.942030392775647,0.912226874245268,0.88852196480881,0.812599013221097,0.811225887489365,0,1e+05,1646.88795490678,98544.0549363213,6027848.54711443,60.2784854711443,2023,"Total","GMoH report",17.7065045288557
0,1,0.0174109,0.00620197,0.00636846,0.00634982,0.00645672,0.00750036,0.00829295,0.00965989,0.00867829,0.00812994,0.00741255,0.0100741,0.0124071,0.0188164,0.0229757,0.0409532,0.0417408,0.153711,0.114547419595,0.0171465596122318,0.0245039346646557,0.0313432789542771,0.0312529731156273,0.0317707627026071,0.0368115503014525,0.0406225480993488,0.0471605360241639,0.0424700318678538,0.0398399588131172,0.0363884224970488,0.0491330713156476,0.0601691871939159,0.0898551250619603,0.108638392229152,0.185748510272745,0.188983222740575,1,0.982853440387768,0.975496065335344,0.968656721045723,0.968747026884373,0.968229237297393,0.963188449698547,0.959377451900651,0.952839463975836,0.957529968132146,0.960160041186883,0.963611577502951,0.950866928684352,0.939830812806084,0.91014487493804,0.891361607770848,0.814251489727255,0.811016777259425,0,1e+05,1714.65596122319,98481.7534546281,5984176.64641806,59.8417664641806,2023,"Total","GMoH report",18.1432235358194
0,1,0.0178075,0.00642885,0.0067453,0.00668033,0.00661644,0.00800035,0.00845732,0.00976391,0.0088776,0.00790028,0.00842771,0.0105248,0.0125536,0.0189907,0.0241856,0.0421622,0.0421853,0.153618,0.113756024125,0.0175308320963358,0.0253889564151015,0.0331671933271263,0.0328529781610042,0.0325438882894159,0.039217368318434,0.0414110340830714,0.0476562711440351,0.0434242423649522,0.0387363303599596,0.0412690412215175,0.0512748559892119,0.060858031538205,0.0906497447318043,0.114033102490985,0.190709201284054,0.190803719617093,1,0.982469167903664,0.974611043584898,0.966832806672874,0.967147021838996,0.967456111710584,0.960782631681566,0.958588965916929,0.952343728855965,0.956575757635048,0.96126366964004,0.958730958778482,0.948725144010788,0.939141968461795,0.909350255268196,0.885966897509015,0.809290798715946,0.809196280382907,0,1e+05,1753.08320963358,98446.3405662546,5918033.20592166,59.1803320592166,2023,"Total","GMoH report",18.8046579407834
0,1,0.0171528,0.00614013,0.00627894,0.00619851,0.00632489,0.00759507,0.00824549,0.00928057,0.00837358,0.00803368,0.00734331,0.0098932,0.011982,0.0184205,0.0229931,0.0410685,0.0423738,0.151799,0.11506244524,0.016896327986638,0.0242625693402339,0.0309095027175172,0.030519609734659,0.0311321809500767,0.037267722595369,0.0403947634547047,0.0453506502886272,0.0410094110397641,0.0393775337369209,0.0360546488415386,0.0482720864849673,0.0581675898461583,0.0880477892455078,0.10871619418851,0.186222774920449,0.191574636653437,1,0.983103672013362,0.975737430659766,0.969090497282483,0.969480390265341,0.968867819049923,0.962732277404631,0.959605236545295,0.954649349711373,0.958990588960236,0.960622466263079,0.963945351158461,0.951727913515033,0.941832410153842,0.911952210754492,0.89128380581149,0.813777225079551,0.808425363346563,0,1e+05,1689.63279866379,98504.7804827082,6014522.08456967,60.1452208456967,2023,"Total","GMoH report",17.8397691543033
0,1,0.0171038,0.0060365,0.00639822,0.00612684,0.00605963,0.00735901,0.00783571,0.00907707,0.00800376,0.0077269,0.00735903,0.00958485,0.0122381,0.0178173,0.0230852,0.0406911,0.0423277,0.152122,0.11516022229,0.016848808073126,0.0238579628149353,0.0314874410621188,0.0301720516674052,0.0298460105477612,0.0361303411455168,0.0384258161209081,0.0443782879348383,0.0392337560810714,0.0379023311927665,0.036130437565113,0.0468027564984398,0.0593739394781802,0.0852875168165607,0.109127901425056,0.184669488446669,0.191386160079959,1,0.983151191926874,0.976142037185065,0.968512558937881,0.969827948332595,0.970153989452239,0.963869658854483,0.961574183879092,0.955621712065162,0.960766243918929,0.962097668807233,0.963869562434887,0.95319724350156,0.94062606052182,0.914712483183439,0.890872098574944,0.815330511553331,0.808613839920041,0,1e+05,1684.8808073126,98509.1504409897,6049431.84339114,60.4943184339114,2023,"Total","GMoH report",17.4906715660886
0,1,0.0171475,0.0063597,0.00679347,0.00657379,0.00653711,0.00789646,0.00818705,0.00969849,0.00853387,0.00793143,0.00767863,0.0100723,0.0123523,0.01841,0.0233973,0.041396,0.0423361,0.15147,0.115073021125,0.016891188288665,0.0251192976060299,0.033400093664237,0.0323375001620247,0.032159966896995,0.0387179628869542,0.0401142074448467,0.0473445240181383,0.0417780293222689,0.0388860941653846,0.0376700147368529,0.0491245080440693,0.0599113913030193,0.0879998087999809,0.110521725103112,0.187568532564862,0.191420505809949,1,0.983108811711335,0.97488070239397,0.966599906335763,0.967662499837975,0.967840033103005,0.961282037113046,0.959885792555153,0.952655475981862,0.958221970677731,0.961113905834615,0.962329985263147,0.950875491955931,0.940088608696981,0.912000191200019,0.889478274896888,0.812431467435138,0.808579494190051,0,1e+05,1689.1188288665,98505.2531778103,5961057.13518514,59.6105713518514,2023,"Total","GMoH report",18.3744186481486
0,1,0.0171399,0.00609402,0.00624041,0.00608973,0.00626891,0.00731289,0.00765027,0.00940773,0.008133,0.00729268,0.00736611,0.00976723,0.0117336,0.0179527,0.0232396,0.0410703,0.0425138,0.151227,0.115088186545,0.0168838180663863,0.0240825607858398,0.030722743707353,0.0299920414140983,0.0308608896506504,0.0359079723698408,0.0375334965434955,0.0459577546325273,0.0398546552226848,0.03581051346172,0.0361645695072671,0.0476720893469202,0.0569960770750796,0.0859078072710142,0.109817701368208,0.186230176912841,0.192146775987551,1,0.983116181933614,0.97591743921416,0.969277256292647,0.970007958585902,0.96913911034935,0.964092027630159,0.962466503456505,0.954042245367473,0.960145344777315,0.96418948653828,0.963835430492733,0.95232791065308,0.94300392292492,0.914092192728986,0.890182298631792,0.813769823087159,0.807853224012449,0,1e+05,1688.38180663863,98505.930993683,6051335.89897848,60.5133589897848,2023,"Total","GMoH report",17.4716310102152
0,1,0.0177897,0.00703688,0.00707521,0.00709756,0.00734849,0.00809569,0.00894379,0.0103646,0.00933175,0.00902735,0.00798861,0.011207,0.0129654,0.0194149,0.0239003,0.041153,0.0437904,0.152646,0.113791543135,0.0175135915291047,0.0277568763834299,0.0347611931465932,0.0348690864175162,0.0360796231256436,0.0396754496476059,0.0437409258617181,0.0505141037994018,0.045595046072043,0.0441405690841945,0.0391609461842574,0.0545078269581987,0.0627917011933687,0.0925808787432206,0.112763779596287,0.186570192200892,0.197347216163306,1,0.982486408470895,0.97224312361657,0.965238806853407,0.965130913582484,0.963920376874356,0.960324550352394,0.956259074138282,0.949485896200598,0.954404953927957,0.955859430915805,0.960839053815743,0.945492173041801,0.937208298806631,0.907419121256779,0.887236220403713,0.813429807799108,0.802652783836694,0,1e+05,1751.35915291047,98447.9307076828,5829507.28664223,58.2950728664223,2023,"Total","GMoH report",19.6899171335777
0,1,0.0180794,0.00715593,0.00739233,0.00747428,0.00725665,0.00839687,0.00959254,0.0106641,0.00959527,0.00887769,0.00833696,0.0111081,0.0131573,0.0193656,0.024166,0.0416546,0.043992,0.154313,0.11321346127,0.0177941146373206,0.0282198415781119,0.0362909630625594,0.0366858983099498,0.0356367415977124,0.0411211280830825,0.0468394273001164,0.0519358765472804,0.0468524453419592,0.0434246730360857,0.0408337271257542,0.0540398012104359,0.0636914802183091,0.092356645371008,0.113945955121344,0.188629757280916,0.198165732715905,1,0.982205885362679,0.971780158421888,0.963709036937441,0.96331410169005,0.964363258402288,0.958878871916917,0.953160572699884,0.94806412345272,0.953147554658041,0.956575326963914,0.959166272874246,0.945960198789564,0.936308519781691,0.907643354628992,0.886054044878656,0.811370242719084,0.801834267284095,0,1e+05,1779.41146373206,98422.0418671006,5779785.80922521,57.7978580922521,2023,"Total","GMoH report",20.1871319077478
0,1,0.0173423,0.00641466,0.00686948,0.00675107,0.0067945,0.00789238,0.00883484,0.00997652,0.00847272,0.00828534,0.00798852,0.010409,0.0125514,0.0185699,0.0229586,0.0419637,0.04211,0.151779,0.114684307465,0.0170800627874822,0.0253336267950853,0.0337674873032993,0.0331950939920084,0.0334050730774384,0.038698344891856,0.0432196042783438,0.0486687383950671,0.0414848756607296,0.0405860274091644,0.0391605136340601,0.0507250084671632,0.0608476907362331,0.088730221642789,0.108561925446131,0.189896591054876,0.190495578023569,1,0.982919937212518,0.974666373204915,0.966232512696701,0.966804906007992,0.966594926922562,0.961301655108144,0.956780395721656,0.951331261604933,0.95851512433927,0.959413972590836,0.96083948636594,0.949274991532837,0.939152309263767,0.911269778357211,0.891438074553869,0.810103408945124,0.809504421976431,0,1e+05,1708.00627874822,98487.8752384759,5920531.82046153,59.2053182046154,2023,"Total","GMoH report",18.7796717953846
0,1,0.0177738,0.00679001,0.00708365,0.00706543,0.00691609,0.00812914,0.00905764,0.010166,0.00878324,0.00816869,0.00852854,0.011191,0.0126585,0.0194948,0.0245142,0.041055,0.0432827,0.1537,0.11382327079,0.0174981907577637,0.0267961477772618,0.0348019381274586,0.0347139770626064,0.0339927084230068,0.0398361165781988,0.0442853970408669,0.0495701740271012,0.0429726032799192,0.0400260490337953,0.0417524807446745,0.0544321252167484,0.0613509718084082,0.0929441795226067,0.115492956419361,0.186167258051717,0.195282604080872,1,0.982501809242236,0.973203852222738,0.965198061872541,0.965286022937394,0.966007291576993,0.960163883421801,0.955714602959133,0.950429825972899,0.957027396720081,0.959973950966205,0.958247519255325,0.945567874783252,0.938649028191592,0.907055820477393,0.884507043580639,0.813832741948283,0.804717395919128,0,1e+05,1749.81907577637,98449.3510547192,5855831.96870865,58.5583196870865,2023,"Total","GMoH report",19.4266703129135
0,1,0.0174482,0.00666708,0.00680009,0.00681798,0.00659795,0.00824581,0.00877663,0.00986617,0.00914981,0.00825109,0.00743089,0.0109479,0.0125115,0.0182213,0.0246891,0.0419547,0.0423067,0.153255,0.11447298931,0.0171827124463671,0.026317399583174,0.0334320968316403,0.0335185775220653,0.0324544184248838,0.0403962994745739,0.0429409577548501,0.0481433732381475,0.0447259648000325,0.040421643454767,0.0364768120551684,0.0532812066931112,0.0606601270510034,0.0871371209452986,0.116269054232849,0.1898597299678,0.191300290047607,1,0.982817287553633,0.973682600416826,0.96656790316836,0.966481422477935,0.967545581575116,0.959603700525426,0.95705904224515,0.951856626761853,0.955274035199967,0.959578356545233,0.963523187944832,0.946718793306889,0.939339872948997,0.912862879054701,0.883730945767151,0.8101402700322,0.808699709952393,0,1e+05,1718.27124463671,98478.4244011823,5900495.27388484,59.0049527388484,2023,"Total","GMoH report",18.9800372611516
0,1,0.0172221,0.00618144,0.00656978,0.00645189,0.00651249,0.0075926,0.00825613,0.00970942,0.00820304,0.0075647,0.00724107,0.00977277,0.012097,0.0179448,0.0235874,0.0413168,0.0420014,0.151472,0.114924160555,0.0169635272507326,0.0244238113511234,0.0323180930958518,0.0317473735944493,0.0320407867418785,0.0372558284914888,0.0404458348243295,0.0473966158747339,0.0401909794694327,0.0371214680761116,0.0355615900920799,0.0476984842111398,0.0587094785936321,0.0858716270665408,0.11136969607689,0.187243268327877,0.190050981738972,1,0.983036472749267,0.975576188648877,0.967681906904148,0.968252626405551,0.967959213258122,0.962744171508511,0.95955416517567,0.952603384125266,0.959809020530567,0.962878531923888,0.96443840990792,0.95230151578886,0.941290521406368,0.914128372933459,0.88863030392311,0.812756731672123,0.809949018261028,0,1e+05,1696.35272507326,98498.599187861,5998206.50710791,59.9820650710791,2023,"Total","GMoH report",18.0029249289209
0,1,0.0169495,0.00590757,0.00606688,0.00591882,0.00594369,0.00704754,0.00764678,0.00885642,0.00790052,0.0072015,0.00717138,0.00999731,0.0119643,0.0177076,0.0226871,0.0401132,0.042035,0.152369,0.115468120225,0.0166991402588527,0.0233543451425327,0.0298811860745698,0.0291625798478622,0.0292833225218995,0.0346276014836007,0.0375166952134394,0.0433228858189386,0.0387374843258351,0.0353706948525484,0.0352253638259153,0.0487676858172557,0.0580841592341861,0.0847846675521346,0.107347018633878,0.182285830100074,0.190188559729433,1,0.983300859741147,0.976645654857467,0.97011881392543,0.970837420152138,0.9707166774781,0.965372398516399,0.96248330478656,0.956677114181061,0.961262515674165,0.964629305147452,0.964774636174085,0.951232314182744,0.941915840765814,0.915215332447865,0.892652981366122,0.817714169899926,0.809811440270567,0,1e+05,1669.91402588527,98522.9078076211,6094623.85037325,60.9462385037325,2023,"Total","GMoH report",17.0387514962675
0,1,0.0169411,0.00576632,0.0062365,0.00586829,0.00567513,0.00718348,0.0077066,0.00900042,0.00811352,0.00740896,0.00693016,0.00914148,0.0118741,0.0178102,0.0228865,0.040989,0.0417844,0.151443,0.115484882005,0.0166909911875893,0.0228023091770919,0.030703789541314,0.0289172135127876,0.0279786931971896,0.0352837497238346,0.0378046369619722,0.0440117885453516,0.039761093923083,0.036371119574788,0.034060685007963,0.0446861559966983,0.0576588816825336,0.0852549794140976,0.108239444862865,0.185895793319108,0.189161953206134,1,0.983309008812411,0.977197690822908,0.969296210458686,0.971082786487212,0.97202130680281,0.964716250276165,0.962195363038028,0.955988211454648,0.960238906076917,0.963628880425212,0.965939314992037,0.955313844003302,0.942341118317466,0.914745020585902,0.891760555137135,0.814104206680892,0.810838046793866,0,1e+05,1669.09911875894,98523.6565960256,6097587.34562619,60.9758734562619,2023,"Total","GMoH report",17.0091165437381
0,1,0.0171712,0.00653103,0.00689681,0.00688967,0.00676034,0.00775898,0.00873411,0.0103416,0.00873955,0.00837667,0.00798393,0.010318,0.0130332,0.0187475,0.0234262,0.041516,0.0419393,0.15385,0.11502572896,0.0169141710690117,0.0257872849369169,0.0338995530586735,0.0338650524108906,0.033239917146298,0.0380566971204411,0.0427373678208555,0.0504048334363369,0.0427634174378281,0.041024233828049,0.0391384533209433,0.0502926998084413,0.0631096967507697,0.0895408330796005,0.110650687179962,0.188061134817311,0.189796653069777,1,0.983085828930988,0.974212715063083,0.966100446941326,0.966134947589109,0.966760082853702,0.961943302879559,0.957262632179145,0.949595166563663,0.957236582562172,0.958975766171951,0.960861546679057,0.949707300191559,0.93689030324923,0.9104591669204,0.889349312820038,0.811938865182689,0.810203346930223,0,1e+05,1691.41710690118,98503.1393787955,5903443.038148,59.03443038148,2023,"Total","GMoH report",18.95055961852
0,1,0.0167141,0.00603844,0.00607354,0.0060272,0.00594834,0.00734278,0.00804351,0.00902376,0.00784985,0.00791287,0.00704776,0.00974315,0.0118301,0.0179277,0.0231514,0.0404708,0.0424013,0.15294,0.115937849155,0.016470723594322,0.0238655387523525,0.0299134979343889,0.0296886514006943,0.0293058964103659,0.0360520935218245,0.039424766246129,0.0441234025133405,0.038493823155752,0.0387968636537504,0.0346286637224094,0.0475573539179362,0.0574513616173271,0.0857933082683919,0.109423719264547,0.183761556952243,0.191687049744203,1,0.983529276405678,0.976134461247647,0.970086502065611,0.970311348599306,0.970694103589634,0.963947906478175,0.960575233753871,0.955876597486659,0.961506176844248,0.96120313634625,0.965371336277591,0.952442646082064,0.942548638382673,0.914206691731608,0.890576280735453,0.816238443047757,0.808312950255797,0,1e+05,1647.0723594322,98543.885667323,6065664.51155553,60.6566451155553,2023,"Total","GMoH report",17.3283448844447
0,1,0.0178737,0.00658977,0.00699473,0.00691069,0.00677415,0.00815495,0.00861841,0.0103587,0.00920295,0.00839427,0.0084393,0.0101715,0.0133843,0.0195687,0.0244542,0.0412754,0.0428982,0.152968,0.113623925335,0.0175949464299952,0.0260161984715957,0.0343725826621883,0.0339666180802475,0.0333066887362434,0.0399600690865075,0.0421831703569107,0.0504860747438765,0.0449798810101442,0.0411086570827745,0.0413246227774849,0.0495963273898845,0.0647547572561416,0.0932800754679746,0.115226566258503,0.187073197372888,0.193715847117916,1,0.982405053570005,0.973983801528404,0.965627417337812,0.966033381919752,0.966693311263757,0.960039930913492,0.957816829643089,0.949513925256123,0.955020118989856,0.958891342917226,0.958675377222515,0.950403672610115,0.935245242743858,0.906719924532025,0.884773433741497,0.812926802627112,0.806284152882084,0,1e+05,1759.49464299952,98440.426044944,5869796.84360375,58.6979684360375,2023,"Total","GMoH report",19.2870215639625
0,1,0.0169538,0.0068586,0.00701688,0.00683035,0.00690434,0.00823784,0.00904798,0.0104472,0.00970748,0.00855991,0.00840453,0.0106367,0.0129223,0.0188548,0.0233815,0.0410795,0.0444218,0.153006,0.11545953979,0.0167033117575109,0.0270631690968645,0.0344795527890637,0.033578369951996,0.0339359368838386,0.0403580422628142,0.0442392112534085,0.0509064259666042,0.0473873701305136,0.0419028386803786,0.0411578686455804,0.0518058907058234,0.0625894992835214,0.0900302443710804,0.110451212440789,0.186268008374907,0.199908285327137,1,0.983296688242489,0.972936830903136,0.965520447210936,0.966421630048004,0.966064063116161,0.959641957737186,0.955760788746592,0.949093574033396,0.952612629869486,0.958097161319621,0.95884213135442,0.948194109294177,0.937410500716479,0.90996975562892,0.889548787559211,0.813731991625093,0.800091714672863,0,1e+05,1670.33117575108,98522.524493098,5854191.42081873,58.5419142081873,2023,"Total","GMoH report",19.4430757918127
0,1,0.0179457,0.00676313,0.00718232,0.00708982,0.00673392,0.00822821,0.00909782,0.0100302,0.0088065,0.00816572,0.00815823,0.00996863,0.0129865,0.0190866,0.0241123,0.0420213,0.0423541,0.154112,0.113480252935,0.0176646689410774,0.0266914840469945,0.0352781525484702,0.0348317233774109,0.0331121633523951,0.0403118148057431,0.0444774797382201,0.0489242011929853,0.0430839529214922,0.0400117873691108,0.0399758201617054,0.0486311842932958,0.0628906756031977,0.0910866632338042,0.113707147847398,0.190132466467114,0.191494099410404,1,0.982335331058923,0.973308515953005,0.96472184745153,0.965168276622589,0.966887836647605,0.959688185194257,0.95552252026178,0.951075798807015,0.956916047078508,0.959988212630889,0.960024179838295,0.951368815706704,0.937109324396802,0.908913336766196,0.886292852152602,0.809867533532886,0.808505900589596,0,1e+05,1766.46689410774,98433.9922158369,5868413.78859595,58.6841378859595,2023,"Total","GMoH report",19.3008521140405
0,1,0.0174076,0.00671106,0.00696979,0.00713509,0.0067857,0.00799885,0.00894378,0.0102099,0.00917967,0.00826491,0.00844182,0.0109371,0.0129124,0.0182467,0.0247113,0.0414244,0.0423956,0.153687,0.11455400458,0.0171433609819126,0.0264887054172451,0.0342521247093058,0.0350502335723506,0.0333625297054444,0.0392101595384399,0.0437408780248473,0.0497789058723351,0.0448686514655041,0.0404879762995061,0.04133670739201,0.0532300442087122,0.0625430478716551,0.087253288549557,0.116367518358942,0.187685139289989,0.191663750724465,1,0.982856639018087,0.973511294582755,0.965747875290694,0.964949766427649,0.966637470294556,0.96078984046156,0.956259121975153,0.950221094127665,0.955131348534496,0.959512023700494,0.95866329260799,0.946769955791288,0.937456952128345,0.912746711450443,0.883632481641058,0.812314860710011,0.808336249275535,0,1e+05,1714.33609819126,98482.0479670526,5868240.20942709,58.6824020942709,2023,"Total","GMoH report",19.3025879057291
0,1,0.0168954,0.00591928,0.00632685,0.00586424,0.00592775,0.00722098,0.00765181,0.00876527,0.0079729,0.00785364,0.00725755,0.00946948,0.0115168,0.0177001,0.0230488,0.0401638,0.0423508,0.151672,0.11557607407,0.0166466541082736,0.0234000965529521,0.0311416781834624,0.0288975446568045,0.0292059362780692,0.0354646757148907,0.0375409102194346,0.04288656910603,0.0390854392534406,0.0385120505483291,0.0356410826515064,0.0462524337589214,0.0559724414653302,0.0847502789680922,0.108965206850841,0.182494789439749,0.191480607698686,1,0.983353345891726,0.976599903447048,0.968858321816538,0.971102455343196,0.970794063721931,0.964535324285109,0.962459089780565,0.95711343089397,0.96091456074656,0.961487949451671,0.964358917348494,0.953747566241079,0.94402755853467,0.915249721031908,0.891034793149159,0.81750521056025,0.808519392301314,0,1e+05,1664.66541082737,98527.7300819962,6084123.7614045,60.841237614045,2023,"Total","GMoH report",17.143752385955
0,1,0.0167942,0.00608992,0.00668103,0.00656264,0.00633557,0.00739879,0.00823938,0.00967782,0.00843592,0.00814257,0.0075271,0.0100922,0.0122234,0.0187573,0.0233291,0.0412626,0.0420104,0.15164,0.11577801361,0.016548458683614,0.0240665532322794,0.032856364114156,0.0322835369231172,0.0311839300704095,0.0363221010057492,0.0403654346133879,0.0472460041893408,0.0413084138143384,0.0399006161008885,0.0369403654382739,0.0492191755902697,0.0593047362182739,0.0895855427475533,0.110217322645667,0.187020608589987,0.190087835037366,1,0.983451541316386,0.975933446767721,0.967143635885844,0.967716463076883,0.96881606992959,0.963677898994251,0.959634565386612,0.952753995810659,0.958691586185662,0.960099383899112,0.963059634561726,0.95078082440973,0.940695263781726,0.910414457252447,0.889782677354333,0.812979391410013,0.809912164962634,0,1e+05,1654.8458683614,98536.7488991082,5986077.21248704,59.8607721248704,2023,"Total","GMoH report",18.1242178751296
0,1,0.0174328,0.00679384,0.00691338,0.00700942,0.00643958,0.00809937,0.00861773,0.00976758,0.00927492,0.00838178,0.00814005,0.0108595,0.0131685,0.0191969,0.0241373,0.0411598,0.0427354,0.15379,0.11450371924,0.0171677863827987,0.0268110598976499,0.0339796150227353,0.0344435271301583,0.0316877603308221,0.0396931267009797,0.0421799122617611,0.0476737569136143,0.0453236665466821,0.041048746102238,0.0398885137589413,0.0528623531888638,0.063743968865003,0.0915889406624906,0.113818331941095,0.186598144255211,0.193051651166814,1,0.982832213617201,0.97318894010235,0.966020384977265,0.965556472869842,0.968312239669178,0.96030687329902,0.957820087738239,0.952326243086386,0.954676333453318,0.958951253897762,0.960111486241059,0.947137646811136,0.936256031134997,0.908411059337509,0.886181668058905,0.813401855744789,0.806948348833186,0,1e+05,1716.77863827987,98479.798900915,5884967.80805268,58.8496780805268,2023,"Total","GMoH report",19.1353119194732
0,1,0.017312,0.00612266,0.0064597,0.00615547,0.00632888,0.00758303,0.00826964,0.00926536,0.00822271,0.00791867,0.00730278,0.00965191,0.0122499,0.0181119,0.0233798,0.0406057,0.0420509,0.153929,0.1147447696,0.0170506890083213,0.0241943721705723,0.0317851929723906,0.0303109053289372,0.0311515145071647,0.0372097434969263,0.040510678188072,0.0452780074033141,0.0402854118527605,0.0388247490608851,0.0358592200131804,0.0471224948029658,0.0594294868234049,0.0866366157002468,0.110443625321756,0.184317633657486,0.190253656309715,1,0.982949310991679,0.975805627829428,0.968214807027609,0.969689094671063,0.968848485492835,0.962790256503074,0.959489321811928,0.954721992596686,0.95971458814724,0.961175250939115,0.96414077998682,0.952877505197034,0.940570513176595,0.913363384299753,0.889556374678244,0.815682366342514,0.809746343690285,0,1e+05,1705.06890083214,98490.578837346,6013032.36125895,60.1303236125895,2023,"Total","GMoH report",17.8546663874105
0,1,0.0172595,0.00657446,0.00692819,0.00662767,0.00647964,0.00812558,0.00863651,0.010085,0.00886018,0.00823399,0.00783647,0.0102444,0.0126109,0.0187202,0.0240011,0.0414963,0.0434131,0.152169,0.114849530725,0.0169997898830938,0.0259565395381362,0.0340511676028146,0.0325982243166088,0.0318817444337434,0.0398190184501545,0.0422698891981042,0.0491849250765085,0.0433408800045042,0.0403395611423733,0.0384294714987112,0.0499429120787511,0.0611273235874283,0.0894162736834764,0.113212442137532,0.187980284319484,0.195813339750224,1,0.983000210116906,0.974043460461864,0.965948832397185,0.967401775683391,0.968118255566257,0.960180981549846,0.957730110801896,0.950815074923491,0.956659119995496,0.959660438857627,0.961570528501289,0.950057087921249,0.938872676412572,0.910583726316524,0.886787557862468,0.812019715680516,0.804186660249776,0,1e+05,1699.97898830938,98495.2628007403,5914865.21856245,59.1486521856245,2023,"Total","GMoH report",18.8363378143755
0,1,0.0179706,0.00628365,0.00682012,0.00678404,0.00679018,0.008168,0.00867995,0.010026,0.00905254,0.00818671,0.00787351,0.0104507,0.0125094,0.0184668,0.0235223,0.0410517,0.0425314,0.153072,0.11343056623,0.0176887791047776,0.0248226463564447,0.0335289218242205,0.0333545042720948,0.0333841883793753,0.0400227357362655,0.0424779830769775,0.0489042158302157,0.0442610135118584,0.0401125749537509,0.0386076065592002,0.0509230463000794,0.0606502542729935,0.0882593314451708,0.111079392985918,0.186153686744661,0.192218676460021,1,0.982311220895222,0.975177353643555,0.96647107817578,0.966645495727905,0.966615811620625,0.959977264263735,0.957522016923023,0.951095784169784,0.955738986488142,0.959887425046249,0.9613923934408,0.949076953699921,0.939349745727006,0.911740668554829,0.888920607014082,0.81384631325534,0.807781323539979,0,1e+05,1768.87791047776,98431.7669124995,5909818.04454095,59.0981804454095,2023,"Total","GMoH report",18.8868095545905
0,1,0.0175933,0.00651326,0.00684734,0.00667039,0.00664883,0.00805469,0.00868234,0.00966662,0.00894953,0.00873246,0.00803619,0.0105358,0.0127551,0.0180983,0.024638,0.0413336,0.0424777,0.152025,0.114183449515,0.0173233257332995,0.0257180236505556,0.0336604879854935,0.0328048963682849,0.0327005982041065,0.0394784826514309,0.0424894307887148,0.047192617255465,0.0437683838394435,0.0427294666051236,0.0393895943396589,0.0513270706233171,0.061804687573818,0.0865743773653229,0.116042370207094,0.187312273527327,0.191999280415714,1,0.9826766742667,0.974281976349444,0.966339512014507,0.967195103631715,0.967299401795894,0.960521517348569,0.957510569211285,0.952807382744535,0.956231616160557,0.957270533394876,0.960610405660341,0.948672929376683,0.938195312426182,0.913425622634677,0.883957629792906,0.812687726472673,0.808000719584286,0,1e+05,1732.33257332996,98465.4711356,5909312.45408019,59.0931245408019,2023,"Total","GMoH report",18.8918654591981
0,1,0.0172131,0.006453,0.00687249,0.00663025,0.00687071,0.00801226,0.00878915,0.0100241,0.00884157,0.00829871,0.00768437,0.0101305,0.0119395,0.0188533,0.0227145,0.0423625,0.0424187,0.153311,0.114942119605,0.0169548005681855,0.0254831149188572,0.03378203328517,0.0326107071473409,0.0337734313684069,0.0392746041503753,0.0430008966725267,0.0488951746982677,0.0432518151224202,0.0406501896613879,0.0376976433999665,0.0494013490827919,0.057967250045213,0.0900234043757086,0.107469698815631,0.191528441041001,0.191758169354053,1,0.983045199431815,0.974516885081143,0.96621796671483,0.967389292852659,0.966226568631593,0.960725395849625,0.956999103327473,0.951104825301732,0.95674818487758,0.959349810338612,0.962302356600033,0.950598650917208,0.942032749954787,0.909976595624291,0.892530301184369,0.808471558958999,0.808241830645947,0,1e+05,1695.48005681855,98499.4020146602,5919406.96878068,59.1940696878068,2023,"Total","GMoH report",18.7909203121932
0,1,0.0178211,0.00676856,0.00701232,0.0068104,0.00679195,0.00823347,0.00864552,0.0105659,0.00924882,0.00837335,0.00825106,0.0102184,0.0124327,0.0193269,0.0232055,0.0419232,0.0427011,0.153328,0.113728886005,0.017544004274518,0.0267126279499265,0.0344575318997715,0.0334819365483282,0.0333927453579158,0.0403370649643205,0.0423130541110545,0.0514699345464394,0.0451990063160109,0.041008307716456,0.0404214994567314,0.0498193157596051,0.0602895939143526,0.0921805875082185,0.109665398961025,0.189730704339578,0.192911650772948,1,0.982455995725482,0.973287372050074,0.965542468100228,0.966518063451672,0.966607254642084,0.95966293503568,0.957686945888946,0.94853006545356,0.954800993683989,0.958991692283544,0.959578500543269,0.950180684240395,0.939710406085647,0.907819412491781,0.890334601038975,0.810269295660422,0.807088349227052,0,1e+05,1754.40042745179,98445.125578769,5873580.17241708,58.7358017241708,2023,"Total","GMoH report",19.2491882758292
0,1,0.0173257,0.00659401,0.00685182,0.00675119,0.0067176,0.00835667,0.00876242,0.0102395,0.0090896,0.00883058,0.00795427,0.0104699,0.0129801,0.0185712,0.0241371,0.0404247,0.0424455,0.151939,0.114717431935,0.0170639704293645,0.0260327199684023,0.0336821400970997,0.033195674240068,0.0330332397712811,0.0409282894779213,0.0428729235921443,0.049919620124342,0.0444381866466417,0.0431992146967088,0.0389958903972252,0.0510142156586878,0.0628606559977103,0.0887361576716219,0.113817442520355,0.183571448195344,0.191867698959533,1,0.982936029570636,0.973967280031598,0.9663178599029,0.966804325759932,0.966966760228719,0.959071710522079,0.957127076407856,0.950080379875658,0.955561813353358,0.956800785303291,0.961004109602775,0.948985784341312,0.93713934400229,0.911263842328378,0.886182557479645,0.816428551804656,0.808132301040467,0,1e+05,1706.39704293644,98489.3564436907,5888504.02826659,58.8850402826659,2023,"Total","GMoH report",19.0999497173341
0,1,0.0176156,0.00633342,0.00701422,0.00684751,0.00665179,0.00796193,0.00858895,0.0103851,0.00910068,0.00871292,0.00773349,0.0102443,0.0136651,0.0187847,0.0239755,0.0408844,0.0423483,0.151562,0.11413895098,0.0173449327768054,0.0250167962446563,0.0344667073302746,0.033661309614504,0.0327149180875363,0.0390327107237678,0.0420420082334581,0.0506114866256109,0.0444911506869165,0.0426358922052183,0.0379340436322756,0.0499424367383045,0.0660684210488146,0.0897105362254161,0.113098516305777,0.185465396371475,0.191470386570944,1,0.982655067223195,0.974983203755344,0.965533292669725,0.966338690385496,0.967285081912464,0.960967289276232,0.957957991766542,0.949388513374389,0.955508849313084,0.957364107794782,0.962065956367724,0.950057563261696,0.933931578951185,0.910289463774584,0.886901483694223,0.814534603628525,0.808529613429056,0,1e+05,1734.49327768054,98463.4799655158,5895709.28531609,58.9570928531609,2023,"Total","GMoH report",19.0278971468391
0,1,0.0172803,0.00700121,0.00724818,0.00737931,0.0068925,0.00841796,0.00915098,0.010978,0.00932796,0.00885414,0.00811309,0.0110014,0.0133593,0.0195156,0.0246665,0.0419776,0.0432392,0.154916,0.114808025365,0.0170199562328733,0.027618119491273,0.0355958865181423,0.036228202163728,0.033878727182241,0.0412222812140779,0.0447315560627522,0.0534237842414923,0.0455769500817877,0.043311974289902,0.0397590285575011,0.0535346108310093,0.0646377134855802,0.0930387332437697,0.11616880540377,0.189953518006342,0.195105487059809,1,0.982980043767127,0.972381880508727,0.964404113481858,0.963771797836272,0.966121272817759,0.958777718785922,0.955268443937248,0.946576215758508,0.954423049918212,0.956688025710098,0.960240971442499,0.946465389168991,0.93536228651442,0.90696126675623,0.88383119459623,0.810046481993658,0.804894512940191,0,1e+05,1701.99562328734,98493.4071334022,5805951.49716659,58.0595149716659,2023,"Total","GMoH report",19.9254750283341
0,1,0.0175588,0.00652224,0.00672214,0.00655782,0.00647779,0.00805501,0.00837592,0.00996187,0.00855362,0.00823591,0.00767583,0.00998156,0.0126566,0.0183493,0.023608,0.0412553,0.0422568,0.152582,0.11425229254,0.0172898960075962,0.0257530251781245,0.0330551958641838,0.0322602084003697,0.0318727869485809,0.0394800201080732,0.0410206360845174,0.0485990075125767,0.0418726922551806,0.0403487777447114,0.0376565370578874,0.048692726570434,0.0613420456621801,0.087722388922367,0.11146153991426,0.186990615183546,0.191096213783485,1,0.982710103992404,0.974246974821875,0.966944804135816,0.96773979159963,0.968127213051419,0.960519979891927,0.958979363915483,0.951400992487423,0.958127307744819,0.959651222255289,0.962343462942113,0.951307273429566,0.93865795433782,0.912277611077633,0.88853846008574,0.813009384816454,0.808903786216515,0,1e+05,1728.98960075963,98468.551424905,5941534.16823129,59.4153416823128,2023,"Total","GMoH report",18.5696483176871
0,1,0.0179025,0.00692106,0.00710053,0.00692885,0.00718771,0.00832558,0.00886847,0.0102505,0.00943153,0.00886394,0.00818006,0.0106014,0.0130472,0.0190312,0.0252306,0.0426071,0.0427918,0.154019,0.113566456375,0.0176228365711939,0.0273062634249206,0.0348834230208445,0.0340543561853626,0.0353041598431348,0.0407791253244531,0.04338055218589,0.0499719074077911,0.0460713418920131,0.0433588738591131,0.0400806448017083,0.0516384016225955,0.0631753465463511,0.0908342863252188,0.118667847516148,0.192527865007136,0.193281808741716,1,0.982377163428806,0.972693736575079,0.965116576979156,0.965945643814637,0.964695840156865,0.959220874675547,0.95661944781411,0.950028092592209,0.953928658107987,0.956641126140887,0.959919355198292,0.948361598377404,0.936824653453649,0.909165713674781,0.881332152483852,0.807472134992864,0.806718191258284,0,1e+05,1762.28365711939,98437.8526529472,5833029.04632,58.3302904632,2023,"Total","GMoH report",19.6546995368
0,1,0.0175026,0.00658383,0.00668604,0.0067415,0.00662302,0.0078423,0.0086431,0.00974093,0.00882965,0.00815974,0.00779519,0.00986197,0.012394,0.0184277,0.0232934,0.0417435,0.0420221,0.151035,0.11436443683,0.017235434817416,0.0259930523246271,0.0328805975243212,0.033148818106832,0.0325757257914222,0.0384575116411417,0.042301460614409,0.0475467754710275,0.0431947633935063,0.0399830713337871,0.0382309070393891,0.0481233718756585,0.0601075670354079,0.0880806887306935,0.110057940898677,0.188994291936384,0.190135742081674,1,0.982764565182584,0.974006947675373,0.967119402475679,0.966851181893168,0.967424274208578,0.961542488358858,0.957698539385591,0.952453224528973,0.956805236606494,0.960016928666213,0.961769092960611,0.951876628124341,0.939892432964592,0.911919311269306,0.889942059101323,0.811005708063616,0.809864257918326,0,1e+05,1723.5434817416,98473.5685978998,5937555.62975831,59.3755562975831,2023,"Total","GMoH report",18.6094337024169
0,1,0.0175363,0.00641162,0.00661314,0.00643624,0.00635241,0.00771499,0.00828265,0.00966276,0.00899196,0.00776802,0.00766409,0.00994426,0.0132456,0.0184621,0.0232641,0.0406161,0.0417251,0.152672,0.114297190165,0.0172680928422004,0.0253217728297783,0.0325279207651774,0.0316715851913205,0.0312655214718672,0.0378450152151629,0.0405731176673807,0.0471742171536412,0.0439713289229451,0.0381001923593714,0.0376000250598477,0.0485151810638841,0.064105219753096,0.0882378595337547,0.109927111701654,0.184360489777836,0.188918854735672,1,0.9827319071578,0.974678227170222,0.967472079234823,0.96832841480868,0.968734478528133,0.962154984784837,0.959426882332619,0.952825782846359,0.956028671077055,0.961899807640629,0.962399974940152,0.951484818936116,0.935894780246904,0.911762140466245,0.890072888298346,0.815639510222164,0.811081145264328,0,1e+05,1726.80928422003,98470.5601649172,5964465.41117207,59.6446541117207,2023,"Total","GMoH report",18.3403358882793
0,1,0.0174901,0.00659289,0.00674716,0.00681052,0.00666268,0.00761097,0.00845198,0.00993755,0.00883159,0.00825842,0.00781084,0.0104054,0.0122427,0.0179832,0.0240519,0.0418363,0.0429738,0.152605,0.114389379955,0.0172233207798289,0.0260283558263125,0.0331761873887454,0.0334825166271511,0.0327675999184385,0.0373442844288514,0.0413854279761357,0.0484832384835202,0.0432040488847743,0.0404568263405321,0.0383061911743199,0.0507079097887114,0.0593955939062111,0.086047477506273,0.113438472979369,0.189374662063755,0.194024116098966,1,0.982776679220171,0.973971644173687,0.966823812611255,0.966517483372849,0.967232400081561,0.962655715571149,0.958614572023864,0.95151676151648,0.956795951115226,0.959543173659468,0.96169380882568,0.949292090211289,0.940604406093789,0.913952522493727,0.886561527020631,0.810625337936245,0.805975883901034,0,1e+05,1722.33207798289,98474.6844204942,5929037.18034852,59.2903718034853,2023,"Total","GMoH report",18.6946181965147
0,1,0.0170135,0.00626089,0.00636215,0.00619704,0.0061876,0.00745429,0.0079246,0.00943744,0.00843562,0.00753022,0.00763449,0.00988012,0.0121681,0.0176899,0.0231552,0.0411005,0.0422778,0.152194,0.115340411425,0.0167612242013001,0.0247338481943569,0.0313127096113651,0.030512482316464,0.0304667104559568,0.0365895767105557,0.0388532586659397,0.0460995457572224,0.041306975136008,0.0369553943754159,0.0374575272077689,0.0482098033932458,0.0590443559314755,0.0847035085119367,0.109440696935781,0.186354356886923,0.191182103193965,1,0.9832387757987,0.975266151805643,0.968687290388635,0.969487517683536,0.969533289544043,0.963410423289444,0.96114674133406,0.953900454242778,0.958693024863992,0.963044605624584,0.962542472792231,0.951790196606754,0.940955644068524,0.915296491488063,0.890559303064218,0.813645643113077,0.808817896806035,0,1e+05,1676.12242013001,98517.2022294065,6023106.86107269,60.2310686107269,2023,"Total","GMoH report",17.7539213892731
0,1,0.0174638,0.00667044,0.00690933,0.00717351,0.00722783,0.0084476,0.00882975,0.0107078,0.00911893,0.00828732,0.00824234,0.0104181,0.0125921,0.0193316,0.024077,0.0405907,0.0428104,0.152606,0.11444186029,0.0171978319137767,0.0263304881176806,0.0339600470699455,0.0352356419257235,0.0354977212633036,0.0413644247144554,0.043195242029231,0.0521431538431946,0.0445783821345055,0.0405955296382949,0.0403796431305974,0.0507682287891299,0.0610389777215802,0.0922019709461438,0.113550133584231,0.184255818382004,0.193357698915834,1,0.982802168086223,0.973669511882319,0.966039952930055,0.964764358074277,0.964502278736696,0.958635575285545,0.956804757970769,0.947856846156805,0.955421617865495,0.959404470361705,0.959620356869403,0.94923177121087,0.93896102227842,0.907798029053856,0.886449866415769,0.815744181617996,0.806642301084166,0,1e+05,1719.78319137766,98477.0319963391,5854465.25498718,58.5446525498718,2023,"Total","GMoH report",19.4403374501282
0,1,0.017061,0.00635514,0.00632774,0.00641854,0.00639941,0.0074915,0.00805413,0.009443,0.0083313,0.0078033,0.00735047,0.00995062,0.0121948,0.0181872,0.0237573,0.0406489,0.0425136,0.152407,0.11524562755,0.0168072973036495,0.0251015127445927,0.0311459906724557,0.0315858622000857,0.0314932051697614,0.0367688651174319,0.0394757920965044,0.0461260785994632,0.0408065705470044,0.0382699208172175,0.036089169112779,0.0485454565235198,0.0591700817186437,0.0869811414600925,0.112126917931561,0.184495638137302,0.192145958903862,1,0.98319270269635,0.974898487255407,0.968854009327544,0.968414137799914,0.968506794830239,0.963231134882568,0.960524207903496,0.953873921400537,0.959193429452996,0.961730079182783,0.963910830887221,0.95145454347648,0.940829918281356,0.913018858539907,0.887873082068439,0.815504361862698,0.807854041096138,0,1e+05,1680.72973036495,98512.9670221529,6004447.00742511,60.0444700742511,2023,"Total","GMoH report",17.9405199257489
0,1,0.0172292,0.00598887,0.00651254,0.00608316,0.00621988,0.00755464,0.00799145,0.00927837,0.0080728,0.00774816,0.0077831,0.0101083,0.0119086,0.0179714,0.0236118,0.0404753,0.0419634,0.152642,0.11490999286,0.0169704115294412,0.0236719436140957,0.0320410287958153,0.0299601687496719,0.0306232181448136,0.0370730167616298,0.0391745954480174,0.0453401434334289,0.0395654892950474,0.0380046350178502,0.0381727442848907,0.0492957591933643,0.0578215652695768,0.085993443570541,0.111478481005487,0.183780112074389,0.189895362376161,1,0.983029588470559,0.976328056385904,0.967958971204185,0.970039831250328,0.969376781855186,0.96292698323837,0.960825404551983,0.954659856566571,0.960434510704953,0.96199536498215,0.961827255715109,0.950704240806636,0.942178434730423,0.914006556429459,0.888521518994513,0.816219887925611,0.81010463762384,0,1e+05,1697.04115294412,98497.9658338238,6024423.38365345,60.2442338365344,2023,"Total","GMoH report",17.7407561634655
0,1,0.0167216,0.00607224,0.00634646,0.00610776,0.00614661,0.00742972,0.00787355,0.00921253,0.00802367,0.00789691,0.0074785,0.00974996,0.0117148,0.0184069,0.0230498,0.0412594,0.0420715,0.152411,0.11592288328,0.0164780026561827,0.0239975225671339,0.0312366939286244,0.0300795040212972,0.0302679369895516,0.0364711734823861,0.0386077989121874,0.0450256496300345,0.0393294340007284,0.0387201266123835,0.0367062311263048,0.0475898033034585,0.0569073543142,0.0879856426841909,0.108969676856011,0.187007460917546,0.190337988311845,1,0.983521997343817,0.976002477432866,0.968763306071376,0.969920495978703,0.969732063010448,0.963528826517614,0.961392201087813,0.954974350369965,0.960670565999272,0.961279873387616,0.963293768873695,0.952410196696541,0.9430926456858,0.912014357315809,0.891030323143989,0.812992539082454,0.809662011688155,0,1e+05,1647.80026561827,98543.2174922417,6040840.41094237,60.4084041094237,2023,"Total","GMoH report",17.5765858905763
0,1,0.0169582,0.00599197,0.00634178,0.00628801,0.00615062,0.00730611,0.00810096,0.00926568,0.00821515,0.00746704,0.00739208,0.0100553,0.0121853,0.0180527,0.0229156,0.0407902,0.0430803,0.153533,0.11545075981,0.016707580232908,0.0236840517449318,0.0312140188980813,0.030953460822041,0.030287384517596,0.0358752781783706,0.0397007642422601,0.0452795357773464,0.0402491186326622,0.0366510135396473,0.0362897580139506,0.0490436289934553,0.0591253496910249,0.0863656663382392,0.108369613227793,0.185077617424344,0.194458205431386,1,0.983292419767092,0.976315948255068,0.968785981101919,0.969046539177959,0.969712615482404,0.96412472182163,0.96029923575774,0.954720464222654,0.959750881367338,0.963348986460353,0.963710241986049,0.950956371006545,0.940874650308975,0.913634333661761,0.891630386772207,0.814922382575656,0.805541794568614,0,1e+05,1670.75802329079,98522.1322599568,6032597.92000731,60.3259792000731,2023,"Total","GMoH report",17.6590107999269
0,1,0.0169934,0.00621738,0.00629779,0.00633265,0.00636443,0.00774393,0.00836863,0.00949555,0.00814746,0.00789871,0.00749364,0.010115,0.0120192,0.0186927,0.0232007,0.0416144,0.0415288,0.151225,0.11538051997,0.0167417267667183,0.0245640716642325,0.0310008577698638,0.031169781704719,0.0313237553788849,0.0379842809677142,0.0409856653288966,0.0463768165490443,0.0399240999809236,0.0387287814663596,0.0367791752528947,0.0493276276166441,0.0583429121749666,0.0892907853420898,0.109643958528424,0.188464868899203,0.188113663253677,1,0.983258273233282,0.975435928335768,0.968999142230136,0.968830218295281,0.968676244621115,0.962015719032286,0.959014334671103,0.953623183450956,0.960075900019076,0.96127121853364,0.963220824747105,0.950672372383356,0.941657087825033,0.91070921465791,0.890356041471576,0.811535131100797,0.811886336746323,0,1e+05,1674.17267667182,98518.9942372821,6000289.90131975,60.0028990131975,2023,"Total","GMoH report",17.9820909868025
0,1,0.0166914,0.00592654,0.00628923,0.00614047,0.00611114,0.0071259,0.00776167,0.0088764,0.00804792,0.00728919,0.00698829,0.00979286,0.012053,0.0180286,0.0225431,0.04028,0.0421562,0.15359,0.11598314587,0.0164486916767186,0.0234284605824395,0.0309593734493036,0.0302381587336027,0.0300958993639032,0.0350058790167857,0.0380696400424297,0.0434185000650563,0.0394459552691752,0.0357936826165212,0.0343414794563254,0.0477941953405435,0.058502182971608,0.0862553423378209,0.106702014540055,0.182974470791315,0.190684649451936,1,0.983551308323281,0.97657153941756,0.969040626550696,0.969761841266397,0.969904100636097,0.964994120983214,0.96193035995757,0.956581499934944,0.960554044730825,0.964206317383479,0.965658520543675,0.952205804659456,0.941497817028392,0.913744657662179,0.893297985459945,0.817025529208685,0.809315350548064,0,1e+05,1644.86916767186,98545.9079329393,6073073.62204237,60.7307362204237,2023,"Total","GMoH report",17.2542537795763
0,1,0.0176321,0.00633286,0.00663717,0.00649991,0.00663226,0.00753889,0.00849691,0.00974788,0.00841146,0.00815338,0.00789878,0.0100457,0.0124257,0.0185751,0.0237268,0.040943,0.0426499,0.153005,0.114106026055,0.0173609194668154,0.0250146119293936,0.0326441874460222,0.0319798840791871,0.032620432033602,0.0369971562713929,0.0416008532353403,0.0475798922986496,0.0411911066354504,0.0399525296103146,0.0387291180424712,0.0489979531549776,0.0602566716865608,0.0887539655368893,0.111991028181366,0.185706542568994,0.192702630227636,1,0.982639080533185,0.974985388070606,0.967355812553978,0.968020115920813,0.967379567966398,0.963002843728607,0.95839914676466,0.95242010770135,0.95880889336455,0.960047470389685,0.961270881957529,0.951002046845022,0.939743328313439,0.911246034463111,0.888008971818634,0.814293457431006,0.807297369772364,0,1e+05,1736.09194668154,98462.0066062204,5956546.41773573,59.5654641773573,2023,"Total","GMoH report",18.4195258226427
0,1,0.0169541,0.0059338,0.00629832,0.00616329,0.00605852,0.00733351,0.00789513,0.00919552,0.00840095,0.00787851,0.00721974,0.00962659,0.0119683,0.01815,0.0233413,0.0407247,0.0424579,0.15134,0.115458941155,0.0167036027910443,0.0234568237978961,0.031003426250938,0.0303488284231694,0.0298406249424344,0.0360073984583296,0.038711567848334,0.0449443825777956,0.0411406976403948,0.0386316503902106,0.0354586936281625,0.0470017827700101,0.058103014236775,0.086810953007294,0.110271783074319,0.184807885739102,0.191918372346838,1,0.983296397208956,0.976543176202104,0.968996573749062,0.96965117157683,0.970159375057566,0.96399260154167,0.961288432151666,0.955055617422204,0.958859302359605,0.96136834960979,0.964541306371837,0.95299821722999,0.941896985763225,0.913189046992706,0.889728216925681,0.815192114260898,0.808081627653162,0,1e+05,1670.36027910444,98522.4977500683,6045816.61634663,60.4581661634663,2023,"Total","GMoH report",17.5268238365337
0,1,0.0178325,0.00684916,0.0071203,0.00692907,0.00675256,0.00828669,0.00887306,0.010478,0.00945942,0.00852683,0.00825513,0.0106479,0.0124924,0.0184894,0.0242756,0.041759,0.0424524,0.152382,0.113706137875,0.0175550453988513,0.0270264234037598,0.0349788502317374,0.0340554190439135,0.0332022987144814,0.0405925062117504,0.0434025171528787,0.0510526751738217,0.0462044321754766,0.0417442839678363,0.0404410349969148,0.0518590257006063,0.0605703280836205,0.0883625726243006,0.114433165612163,0.189057834701726,0.191895896598143,1,0.982444954601149,0.97297357659624,0.965021149768263,0.965944580956086,0.966797701285519,0.95940749378825,0.956597482847121,0.948947324826178,0.953795567824523,0.958255716032164,0.959558965003085,0.948140974299394,0.93942967191638,0.911637427375699,0.885566834387837,0.810942165298274,0.808104103401857,0,1e+05,1755.50453988514,98444.1071013672,5857422.41140664,58.5742241140664,2023,"Total","GMoH report",19.4107658859336
0,1,0.0180125,0.00709452,0.00734511,0.00713047,0.00713313,0.00854898,0.00909983,0.0102793,0.00930579,0.00899379,0.00851502,0.0108636,0.0127501,0.0195753,0.0241174,0.0426723,0.0432032,0.152608,0.113346956875,0.0177293474648692,0.0279810556816903,0.0360633272362101,0.0350279358850248,0.0350407740092289,0.0418504532798001,0.0444870876626862,0.0501087917426007,0.0454710889870383,0.0439800809689555,0.0416876716062974,0.0528817836381709,0.0617812085327175,0.093310068538353,0.113729830466753,0.192794082665665,0.194958881163313,1,0.982270652535131,0.97201894431831,0.96393667276379,0.964972064114975,0.964959225990771,0.9581495467202,0.955512912337314,0.949891208257399,0.954528911012962,0.956019919031044,0.958312328393703,0.947118216361829,0.938218791467282,0.906689931461647,0.886270169533247,0.807205917334335,0.805041118836687,0,1e+05,1772.93474648692,98428.0220117653,5809488.17405031,58.0948817405031,2023,"Total","GMoH report",19.8901082594969
0,1,0.0176036,0.00695115,0.00725613,0.00702024,0.00668593,0.00809081,0.0089955,0.0104847,0.00932353,0.00865708,0.00824076,0.0102304,0.0124823,0.0191656,0.0245703,0.0413959,0.0442825,0.151838,0.11416289638,0.0173333057810026,0.0274233523289177,0.0356342334245528,0.0344957783917576,0.0328800654598501,0.0396520078459988,0.0439882590395249,0.0510844862183657,0.0455557978794916,0.042368432721146,0.0403720588801569,0.049876362161361,0.0605228394042605,0.0914464354899353,0.115741963109525,0.187568121951291,0.199343885928435,1,0.982666694218997,0.972576647671082,0.964365766575447,0.965504221608242,0.96711993454015,0.960347992154001,0.956011740960475,0.948915513781634,0.954444202120508,0.957631567278854,0.959627941119843,0.950123637838639,0.93947716059574,0.908553564510065,0.884258036890475,0.812431878048709,0.800656114071565,0,1e+05,1733.33057810027,98464.5514610797,5852271.91091678,58.5227191091678,2023,"Total","GMoH report",19.4622708908322
0,1,0.0173482,0.00642296,0.00672632,0.00694758,0.00659796,0.00782857,0.00851973,0.0101804,0.00873061,0.00872382,0.00777122,0.0106883,0.0128113,0.0187212,0.02314,0.0418023,0.0430049,0.151957,0.11467253431,0.0170857822395005,0.025365990515122,0.0330754105119138,0.0341448399816016,0.0324544668153278,0.0383914741431676,0.0417102498329762,0.0496386468002859,0.0427206075904127,0.0426880919247623,0.03811558844197,0.0520506671361225,0.0620685528714936,0.0894208365852983,0.109372784421232,0.189235320866369,0.194150899911039,1,0.9829142177605,0.974634009484878,0.966924589488086,0.965855160018398,0.967545533184672,0.961608525856832,0.958289750167024,0.950361353199714,0.957279392409587,0.957311908075238,0.96188441155803,0.947949332863878,0.937931447128506,0.910579163414702,0.890627215578768,0.810764679133631,0.805849100088961,0,1e+05,1708.57822395005,98487.3487710572,5914295.73509879,59.1429573509879,2023,"Total","GMoH report",18.8420326490121
0,1,0.0168056,0.00604065,0.00616684,0.00596066,0.005925,0.00715458,0.00779664,0.00904402,0.00775696,0.00747692,0.00690904,0.00992662,0.0120915,0.0178189,0.0230002,0.0405003,0.0417461,0.151387,0.11575526548,0.0165595211553367,0.0238741690020357,0.0303660436681636,0.0293657025781759,0.0291925848371005,0.0351442933541359,0.0382378824896644,0.0442202773188079,0.038046977787945,0.0366986184150013,0.0339586458929494,0.0484312045897385,0.0586835690617254,0.0852948490362691,0.10874793912627,0.183883189182845,0.18900495103409,1,0.983440478844663,0.976125830997964,0.969633956331836,0.970634297421824,0.9708074151629,0.964855706645864,0.961762117510336,0.955779722681192,0.961953022212055,0.963301381584999,0.966041354107051,0.951568795410262,0.941316430938275,0.914705150963731,0.89125206087373,0.816116810817155,0.810995048965911,0,1e+05,1655.95211553367,98535.7330612221,6081486.07714746,60.8148607714746,2023,"Total","GMoH report",17.1701292285254
0,1,0.0171006,0.00597279,0.00607165,0.00568221,0.00605017,0.0073057,0.00783481,0.00888651,0.00801053,0.00770336,0.00747918,0.00946686,0.0121829,0.0177304,0.0227693,0.0407633,0.0420177,0.152154,0.11516660773,0.0168457045796395,0.0236091351868941,0.0299043284602606,0.0280131090786554,0.0298001106612023,0.0358733010610949,0.0384214873664168,0.0434668778874608,0.0392662905048063,0.0377890434849494,0.0367095074648967,0.0462399325796476,0.0591140486419985,0.0848892012647392,0.10771501147316,0.184966851822736,0.190117726054862,1,0.98315429542036,0.976390864813106,0.970095671539739,0.971986890921345,0.970199889338798,0.964126698938905,0.961578512633583,0.956533122112539,0.960733709495194,0.96221095651505,0.963290492535103,0.953760067420352,0.940885951358001,0.915110798735261,0.89228498852684,0.815033148177264,0.809882273945138,0,1e+05,1684.57045796396,98509.4358071619,6077002.87362566,60.7700287362566,2023,"Total","GMoH report",17.2149612637434
0,1,0.0174799,0.00693693,0.00709929,0.00706866,0.00715709,0.00843744,0.00904642,0.010657,0.00950391,0.00879597,0.00806654,0.0106051,0.0131469,0.0198662,0.0243667,0.0416873,0.0430242,0.153796,0.114409733545,0.0172134355139149,0.0273680199231096,0.034877437393713,0.0347295711735706,0.0351564060937757,0.0413157030853979,0.0442317524744502,0.0519021957497376,0.0464166996598396,0.0430335455606375,0.0395354149840367,0.0516559584866335,0.0636427382124857,0.0946310991453944,0.114837945578671,0.188763860767561,0.194229570303383,1,0.982786564486085,0.97263198007689,0.965122562606287,0.96527042882643,0.964843593906224,0.958684296914602,0.95576824752555,0.948097804250262,0.95358330034016,0.956966454439362,0.960464585015963,0.948344041513366,0.936357261787514,0.905368900854606,0.88516205442133,0.811236139232439,0.805770429696617,0,1e+05,1721.3435513915,98475.5949056626,5822772.87329743,58.2277287329743,2023,"Total","GMoH report",19.7572612670257
0,1,0.0170858,0.00640904,0.006845,0.00669117,0.00652683,0.00797274,0.00849486,0.00985912,0.00849591,0.00823945,0.0077097,0.0102409,0.0121455,0.019143,0.0233338,0.0409564,0.0416685,0.15306,0.11519614039,0.0168313506795578,0.0253117124449437,0.0336491784340474,0.0329054107567666,0.0321102053707009,0.0390846702159561,0.0415910251600228,0.0481097992890826,0.0415960590645816,0.0403657706279979,0.0378195564147726,0.0499262750252352,0.0589379236216336,0.0913435271494454,0.110238303674311,0.185761676211072,0.188686763941735,1,0.983168649320442,0.974688287555056,0.966350821565953,0.967094589243233,0.967889794629299,0.960915329784044,0.958408974839977,0.951890200710917,0.958403940935418,0.959634229372002,0.962180443585227,0.950073724974765,0.941062076378366,0.908656472850555,0.889761696325689,0.814238323788928,0.811313236058265,0,1e+05,1683.13506795578,98510.7555956278,5940120.0060355,59.401200060355,2023,"Total","GMoH report",18.583789939645
0,1,0.0178537,0.00657862,0.00712731,0.0071128,0.00713719,0.00802625,0.00906506,0.0106089,0.00973397,0.00816245,0.00821395,0.0106063,0.0131338,0.0189545,0.0246873,0.0424428,0.0421456,0.153274,0.113663834335,0.0175755773847283,0.0259727502909617,0.0350126843615576,0.0349426498012344,0.0350603687174832,0.0393418315610822,0.0443208715992512,0.0516739895311573,0.0475136098673976,0.0399960848921796,0.0402433576804516,0.0516616525367487,0.0635813385397176,0.0904847662454992,0.116261070203889,0.191856664861537,0.190641272920052,1,0.982424422615272,0.974027249709038,0.964987315638442,0.965057350198766,0.964939631282517,0.960658168438918,0.955679128400749,0.948326010468843,0.952486390132602,0.96000391510782,0.959756642319548,0.948338347463251,0.936418661460282,0.909515233754501,0.883738929796111,0.808143335138463,0.809358727079948,0,1e+05,1757.55773847282,98442.2130131471,5841569.78395154,58.4156978395154,2023,"Total","GMoH report",19.5692921604846
0,1,0.0171757,0.00625335,0.00642908,0.00655401,0.00642149,0.0077745,0.00846326,0.0097614,0.00817733,0.00783186,0.00742448,0.0103444,0.0123603,0.0179202,0.0229585,0.0407533,0.0431261,0.152633,0.115016749435,0.0169185347724231,0.0247044291163703,0.0316369094455544,0.0322417678280925,0.0316001498838066,0.0381313691758558,0.0414395164940906,0.0476443120313431,0.0400675363327993,0.0384072985371962,0.0364459199898838,0.0504181365701591,0.059949030010891,0.0857589558963649,0.108561478253777,0.184925671571829,0.194644820063634,1,0.983081465227577,0.97529557088363,0.968363090554446,0.967758232171907,0.968399850116193,0.961868630824144,0.958560483505909,0.952355687968657,0.959932463667201,0.961592701462804,0.963554080010116,0.949581863429841,0.940050969989109,0.914241044103635,0.891438521746223,0.815074328428171,0.805355179936366,0,1e+05,1691.85347724232,98502.7380102304,5981573.36734424,59.8157336734424,2023,"Total","GMoH report",18.1692563265576
0,1,0.0167812,0.00580071,0.0058356,0.00578753,0.00579944,0.00712414,0.00743337,0.0091171,0.00809557,0.00762235,0.00730895,0.00923007,0.0117216,0.0171607,0.0227493,0.0400325,0.0417143,0.152242,0.11580395446,0.0165358432956047,0.0229367412315416,0.0287584430739935,0.0285249278113598,0.0285827895671813,0.0349973843358932,0.0364887637946789,0.0445696354417843,0.039674873216585,0.0373990778474242,0.0358889732229061,0.0451094417377491,0.0569394464609095,0.082273809589446,0.107625488676149,0.181952469419872,0.188874573451663,1,0.983464156704395,0.977063258768458,0.971241556926006,0.97147507218864,0.971417210432819,0.965002615664107,0.963511236205321,0.955430364558216,0.960325126783415,0.962600922152576,0.964111026777094,0.954890558262251,0.94306055353909,0.917726190410554,0.892374511323851,0.818047530580128,0.811125426548337,0,1e+05,1653.58432956047,98537.9072748357,6111474.4715343,61.114744715343,2023,"Total","GMoH report",16.870245284657
0,1,0.0174523,0.00691881,0.00694237,0.00717224,0.00676357,0.00864613,0.00908478,0.010966,0.00919095,0.00853583,0.00852018,0.0106646,0.0125548,0.0192317,0.023925,0.0417224,0.0432286,0.153165,0.114464807965,0.0171866861955565,0.0272975074647555,0.0341196715397318,0.035229513681974,0.0332555346586224,0.0423159764170531,0.044415145437579,0.0533669451974129,0.044922547773845,0.0417874241287478,0.0417124069611445,0.0519382483905357,0.0608636719291595,0.091747355937063,0.112873739458631,0.188907784617669,0.195062322241841,1,0.982813313804443,0.972702492535244,0.965880328460268,0.964770486318026,0.966744465341378,0.957684023582947,0.955584854562421,0.946633054802587,0.955077452226155,0.958212575871252,0.958287593038855,0.948061751609464,0.939136328070841,0.908252644062937,0.887126260541369,0.811092215382331,0.804937677758159,0,1e+05,1718.66861955565,98478.0584539373,5835013.71076348,58.3501371076348,2023,"Total","GMoH report",19.6348528923652
0,1,0.017318,0.006461,0.00686521,0.00669878,0.00675406,0.00768899,0.0086379,0.00991631,0.00896526,0.00806958,0.00781621,0.00987019,0.0124556,0.0189408,0.0239822,0.0412142,0.0423703,0.153169,0.1147327969,0.0170565057311945,0.0255143041616235,0.0337468519365418,0.0329422183169568,0.0332095517374799,0.0377198805393297,0.0422765485041892,0.0483821197551276,0.0438436262287902,0.0395500198765122,0.0383320221626306,0.0481625170154482,0.0603972888233303,0.0904223221992224,0.113128334161198,0.186821729672345,0.191560328530193,1,0.982943494268806,0.974485695838377,0.966253148063458,0.967057781683043,0.96679044826252,0.96228011946067,0.957723451495811,0.951617880244872,0.95615637377121,0.960449980123488,0.96166797783737,0.951837482984552,0.93960271117667,0.909577677800778,0.886871665838802,0.813178270327655,0.808439671469807,0,1e+05,1705.65057311945,98490.0434876686,5926623.24937038,59.2662324937038,2023,"Total","GMoH report",18.7187575062962
0,1,0.0171259,0.00604882,0.00633557,0.00620862,0.00624416,0.00740504,0.00798764,0.00911565,0.00829504,0.00788468,0.00730113,0.00990396,0.012237,0.0174449,0.0230678,0.0409255,0.0426609,0.151095,0.115116122845,0.0168702410655906,0.0239060729358088,0.0311839300704095,0.0305686275195243,0.0307409219125759,0.0363522257849338,0.0391562842442972,0.0445627049466331,0.0406325778535052,0.0386613196651563,0.0358512631673769,0.0483233194429251,0.0593687611737908,0.0835794137142411,0.109050133335602,0.185634534632268,0.1927475410636,1,0.98312975893441,0.976093927064191,0.96881606992959,0.969431372480476,0.969259078087424,0.963647774215066,0.960843715755703,0.955437295053367,0.959367422146495,0.961338680334844,0.964148736832623,0.951676680557075,0.940631238826209,0.916420586285759,0.890949866664398,0.814365465367732,0.8072524589364,0,1e+05,1687.02410655905,98507.1795677341,6034841.59012752,60.3484159012752,2023,"Total","GMoH report",17.6365740987248
0,1,0.0175709,0.00677907,0.00679563,0.00656134,0.00665945,0.00786041,0.00874646,0.00968219,0.00844129,0.00821538,0.00776942,0.00998754,0.0123923,0.0183636,0.023863,0.0413407,0.042287,0.153715,0.114228147595,0.0173016208833846,0.0267535516018844,0.033410535899808,0.0322772450523702,0.0327519746559437,0.0385446089263726,0.0427965051978676,0.0472668338352712,0.0413341657989573,0.0402502228113012,0.0381069281752418,0.0487211879658587,0.0600995702393086,0.0877877520893309,0.112597702559553,0.187341434859735,0.191219728366423,1,0.982698379116615,0.973246448398116,0.966589464100192,0.96772275494763,0.967248025344056,0.961455391073627,0.957203494802132,0.952733166164729,0.958665834201043,0.959749777188699,0.961893071824758,0.951278812034141,0.939900429760691,0.912212247910669,0.887402297440447,0.812658565140265,0.808780271633577,0,1e+05,1730.16208833846,98467.4711220515,5931092.75325821,59.3109275325821,2023,"Total","GMoH report",18.6740624674179
0,1,0.0172215,0.00666359,0.00682064,0.00668495,0.00652911,0.0081315,0.00837078,0.0100706,0.00893831,0.00826501,0.00807155,0.010093,0.0122688,0.0182246,0.0233635,0.0409896,0.0433784,0.153732,0.114925357825,0.0169629454764899,0.0263038044632337,0.0335314353765335,0.0328753252364023,0.0321212421909959,0.039847451127884,0.0409959791932224,0.0491164204407729,0.0437147109059066,0.0404884562603099,0.0395594841149793,0.0492229811286708,0.0595184500985765,0.0871522143843284,0.110370875146299,0.185898261546304,0.195672139193068,1,0.98303705452351,0.973696195536766,0.966468564623467,0.967124674763598,0.967878757809004,0.960152548872116,0.959004020806778,0.950883579559227,0.956285289094093,0.95951154373969,0.960440515885021,0.950777018871329,0.940481549901424,0.912847785615672,0.889629124853701,0.814101738453696,0.804327860806932,0,1e+05,1696.29454764898,98498.6527102162,5921846.04461587,59.2184604461587,2023,"Total","GMoH report",18.7665295538413
0,1,0.0179234,0.00697249,0.00737313,0.00710957,0.00717736,0.00852038,0.00897948,0.010955,0.00955733,0.00897632,0.00812804,0.0109001,0.0133477,0.0199475,0.0254759,0.0424383,0.0432459,0.151922,0.11352475147,0.0176430753426732,0.0275063840249004,0.0361984110243108,0.034927059071591,0.0352542194389197,0.0417133656832494,0.043911640750289,0.0533148398243117,0.0466715123863123,0.0438965268209172,0.039830833480591,0.0530547449367863,0.0645834003672937,0.0949999702343746,0.119752493619498,0.191838274398939,0.195132769417608,1,0.982356924657327,0.9724936159751,0.963801588975689,0.965072940928409,0.96474578056108,0.958286634316751,0.956088359249711,0.946685160175688,0.953328487613688,0.956103473179083,0.960169166519409,0.946945255063214,0.935416599632706,0.905000029765625,0.880247506380502,0.808161725601061,0.804867230582392,0,1e+05,1764.30753426731,98435.985040077,5795616.52972191,57.9561652972191,2023,"Total","GMoH report",20.0288247027809
0,1,0.0169875,0.00632182,0.00661372,0.00632091,0.00629652,0.00763101,0.00828975,0.00963735,0.00834432,0.00815041,0.00798905,0.0100173,0.0121568,0.0186701,0.0232971,0.0411068,0.0428649,0.152376,0.115392293125,0.0167360034994467,0.0249715487276452,0.0325307271973017,0.0311128954697409,0.0309947030804005,0.0374407727223697,0.0406071913389939,0.0470530824398703,0.0408690391481385,0.0399382668756844,0.0391630608713641,0.0488628162762888,0.0589911412355686,0.0891876444006868,0.110074460703841,0.1863802598373,0.19358002858208,1,0.983263996500553,0.975028451272355,0.967469272802698,0.968887104530259,0.9690052969196,0.96255922727763,0.959392808661006,0.95294691756013,0.959130960851861,0.960061733124316,0.960836939128636,0.951137183723711,0.941008858764431,0.910812355599313,0.889925539296159,0.8136197401627,0.80641997141792,0,1e+05,1673.60034994467,98519.5202322103,5979553.56699773,59.7955356699773,2023,"Total","GMoH report",18.1894543300227
0,1,0.0170011,0.00607241,0.00629147,0.00607319,0.00639008,0.00726854,0.00819482,0.00885941,0.00831846,0.00777003,0.00732651,0.00964934,0.0118409,0.0175432,0.0231041,0.0404917,0.041277,0.15246,0.115365155005,0.0167491960201589,0.0239981863464954,0.0309702293282209,0.0299117998900642,0.0314480117231208,0.0356940901941505,0.0401515139266098,0.0433371950519617,0.0407449616654608,0.0381098630519756,0.035973646792594,0.0471102431167105,0.0575023024668021,0.0840305865357165,0.109212366412899,0.183847731977697,0.187079770756237,1,0.983250803979841,0.976001813653505,0.969029770671779,0.970088200109936,0.968551988276879,0.96430590980585,0.95984848607339,0.956662804948038,0.959255038334539,0.961890136948024,0.964026353207406,0.95288975688329,0.942497697533198,0.915969413464284,0.890787633587101,0.816152268022303,0.812920229243763,0,1e+05,1674.91960201589,98518.3077574916,6045544.75206902,60.4554475206902,2023,"Total","GMoH report",17.5295424793098
0,1,0.0172504,0.00622018,0.0063512,0.00615541,0.0065161,0.00745287,0.0081433,0.00942955,0.00852977,0.00823221,0.00743238,0.0102621,0.0122144,0.0180635,0.023253,0.0411922,0.0426393,0.152433,0.11486768932,0.0169909668570274,0.024574998175695,0.0312596591322974,0.0303106143532595,0.0320582628830691,0.0365827340963386,0.0399041219101232,0.0460618926992446,0.0417583766294437,0.0403310165065123,0.0364839927548223,0.0500270436874379,0.0592623644394762,0.0864151020120149,0.109877543691362,0.18673131573949,0.192659350401105,1,0.983009033142973,0.975425001824305,0.968740340867703,0.96968938564674,0.967941737116931,0.963417265903662,0.960095878089877,0.953938107300755,0.958241623370556,0.959668983493488,0.963516007245178,0.949972956312562,0.940737635560524,0.913584897987985,0.890122456308638,0.81326868426051,0.807340649598895,0,1e+05,1699.09668570274,98496.0746245152,5998647.26263818,59.9864726263818,2023,"Total","GMoH report",17.9985173736182
0,1,0.0173022,0.00692081,0.00716144,0.00710917,0.00714919,0.00839607,0.00904526,0.0105147,0.0093452,0.00917853,0.00778886,0.0110055,0.0129418,0.0187928,0.0245182,0.0416011,0.0422489,0.1533,0.11476432501,0.0170411882197857,0.0273052905442963,0.0351773979382723,0.0349251283138623,0.0351182818268655,0.041117290869131,0.0442262061660365,0.0512269109973407,0.0456592626467832,0.0448632043328373,0.0382004550099775,0.0535540278658071,0.0626809879745766,0.0897474837198729,0.115510713086035,0.188410309666348,0.191063900893818,1,0.982958811780214,0.972694709455704,0.964822602061728,0.965074871686138,0.964881718173135,0.958882709130869,0.955773793833964,0.948773089002659,0.954340737353217,0.955136795667163,0.961799544990023,0.946445972134193,0.937319012025423,0.910252516280127,0.884489286913965,0.811589690333652,0.808936099106182,0,1e+05,1704.11882197857,98491.4532243626,5829829.90902033,58.2982990902033,2023,"Total","GMoH report",19.6866909097967
0,1,0.0171747,0.00605364,0.00668035,0.00642265,0.00640448,0.00743828,0.0079041,0.00960545,0.00843164,0.00774139,0.00731705,0.010131,0.0121248,0.0184231,0.0234608,0.0409525,0.0414476,0.151752,0.115018744885,0.0169175650637435,0.0239248946020821,0.0328530749026846,0.0316057680348278,0.0315177627963156,0.0365124258820256,0.0387546974889441,0.0469009872793441,0.0412878884701489,0.0379720587110374,0.03592803198393,0.0494037271018284,0.0588404289186188,0.0880596697457669,0.110805061531079,0.185745630198264,0.187780384353658,1,0.983082434936256,0.976075105397918,0.967146925097315,0.968394231965172,0.968482237203684,0.963487574117974,0.961245302511056,0.953099012720656,0.958712111529851,0.962027941288963,0.96407196801607,0.950596272898172,0.941159571081381,0.911940330254233,0.889194938468921,0.814254369801736,0.812219615646342,0,1e+05,1691.75650637435,98502.8272036399,6002628.12699024,60.0262812699024,2023,"Total","GMoH report",17.9587087300975
0,1,0.0176551,0.00707181,0.00724817,0.00704913,0.00717628,0.00817728,0.00895503,0.010338,0.00940157,0.00874979,0.00824779,0.0112218,0.013144,0.0186795,0.0238275,0.0416456,0.0427009,0.154394,0.114060130705,0.0173832031145189,0.0278927357448642,0.0355958382820971,0.0346352785473341,0.0352490081200211,0.040067296249316,0.0437946930252942,0.0503877291403672,0.0459283534257086,0.0428124501299438,0.0404058035439702,0.0545778458243216,0.0636291462540906,0.089230545082814,0.112439612814176,0.188592844579455,0.192910834380504,1,0.982616796885481,0.972107264255136,0.964404161717903,0.965364721452666,0.964750991879979,0.959932703750684,0.956205306974706,0.949612270859633,0.954071646574291,0.957187549870056,0.95959419645603,0.945422154175678,0.93637085374591,0.910769454917186,0.887560387185824,0.811407155420545,0.807089165619496,0,1e+05,1738.32031145188,98459.9527304795,5828904.16257514,58.2890416257514,2023,"Total","GMoH report",19.6959483742486
0,1,0.0173177,0.0063232,0.00674053,0.00664803,0.00627231,0.00773731,0.00839902,0.00965469,0.00871892,0.00804233,0.00766733,0.00999903,0.0126073,0.0180057,0.0237714,0.0412854,0.0427863,0.154171,0.114733395535,0.0170562148966099,0.0249769317305626,0.0331441275350652,0.0326967279295562,0.0308773689252905,0.0379524257910075,0.0411314405210865,0.0471357474266925,0.0426646263402732,0.0394190965432434,0.0376156215412209,0.048775871494135,0.0611104069171825,0.0861504998616048,0.112189732483127,0.187114280236781,0.19325936687743,1,0.98294378510339,0.975023068269437,0.966855872464935,0.967303272070444,0.969122631074709,0.962047574208993,0.958868559478914,0.952864252573308,0.957335373659727,0.960580903456757,0.962384378458779,0.951224128505865,0.938889593082817,0.913849500138395,0.887810267516874,0.812885719763219,0.80674063312257,0,1e+05,1705.62148966099,98490.0702553453,5958129.90657836,59.5812990657836,2023,"Total","GMoH report",18.4036909342164
0,1,0.0176566,0.0066232,0.00705111,0.00667367,0.00664084,0.00801345,0.00835711,0.00997315,0.0087059,0.00822803,0.0079635,0.0102837,0.0126881,0.0187119,0.0243654,0.0417405,0.0424847,0.153382,0.11405713753,0.0173846563623438,0.0261464536168103,0.03464483858059,0.032820762652276,0.0326619431535701,0.0392803227442625,0.0409304003547287,0.0486526983535385,0.0426022721962174,0.0403109507203609,0.0390402572779182,0.0501297029348229,0.0614900211564133,0.0893784007571793,0.114832170577526,0.188981992821577,0.192027882545995,1,0.982615343637656,0.97385354638319,0.96535516141941,0.967179237347724,0.96733805684643,0.960719677255737,0.959069599645271,0.951347301646462,0.957397727803783,0.959689049279639,0.960959742722082,0.949870297065177,0.938509978843587,0.910621599242821,0.885167829422474,0.811018007178423,0.807972117454005,0,1e+05,1738.46563623438,98459.8187779288,5910278.90069919,59.1027890069919,2023,"Total","GMoH report",18.8822009930081
0,1,0.0174046,0.00709896,0.00732584,0.00727399,0.00721867,0.00881156,0.00905082,0.0109437,0.00963601,0.00886981,0.00827734,0.0110122,0.0131332,0.0197281,0.0252897,0.0419929,0.0431246,0.154238,0.11455999093,0.0171404531189298,0.0279983220632123,0.0359704162151854,0.0357203758580311,0.0354535316369458,0.0431081743383186,0.0442527899100654,0.0532613104909505,0.0470466939661872,0.0433869646673106,0.0405476336257114,0.0535857573084205,0.063578526247709,0.0940041898552896,0.11892928514375,0.190016174467961,0.194638708841712,1,0.98285954688107,0.972001677936788,0.964029583784815,0.964279624141969,0.964546468363054,0.956891825661681,0.955747210089935,0.94673868950905,0.952953306033813,0.956613035332689,0.959452366374289,0.94641424269158,0.936421473752291,0.90599581014471,0.88107071485625,0.809983825532039,0.805361291158288,0,1e+05,1714.04531189299,98482.3157034911,5785040.4437146,57.850404437146,2023,"Total","GMoH report",20.134585562854
0,1,0.0167848,0.00606189,0.00645759,0.00621375,0.00627501,0.00716394,0.008389,0.00929494,0.00835659,0.00759402,0.00755829,0.0098463,0.0123258,0.0180235,0.0230893,0.0399646,0.0411551,0.15217,0.11579677084,0.0165393368184651,0.0239571092776814,0.0317749755884741,0.0305934991122285,0.0308904552116065,0.035189462013753,0.041083378837334,0.0454192763780564,0.0409279056816495,0.0372626664149783,0.0370905962923733,0.0480487441267617,0.059786702651156,0.0862319941343011,0.109146225158613,0.181671889056529,0.186578824544928,1,0.983460663181535,0.976042890722319,0.968225024411526,0.969406500887771,0.969109544788394,0.964810537986247,0.958916621162666,0.954580723621944,0.95907209431835,0.962737333585022,0.962909403707627,0.951951255873238,0.940213297348844,0.913768005865699,0.890853774841387,0.818328110943471,0.813421175455072,0,1e+05,1653.93368184651,98537.5864976948,6027410.45548777,60.2741045548777,2023,"Total","GMoH report",17.7108854451223
0,1,0.0169596,0.0059009,0.00609813,0.00605858,0.00597986,0.00741031,0.00801738,0.00900564,0.00796542,0.00778231,0.0072348,0.00932813,0.0117114,0.0178522,0.0228558,0.0409272,0.0412201,0.150603,0.11544796618,0.0167089383767766,0.0233282842548807,0.0300327903504505,0.0298409160569886,0.0294588997592147,0.0363776262804935,0.0392992082837256,0.0440367521582343,0.0390494861059548,0.0381689436209236,0.0355313445707489,0.0455777617824604,0.0568913078433097,0.085447438113285,0.108102100053966,0.185641529939636,0.186845975511995,1,0.983291061623223,0.976671715745119,0.96996720964955,0.970159083943011,0.970541100240785,0.963622373719507,0.960700791716274,0.955963247841766,0.960950513894045,0.961831056379076,0.964468655429251,0.95442223821754,0.94310869215669,0.914552561886715,0.891897899946034,0.814358470060364,0.813154024488005,0,1e+05,1670.89383767765,98522.0074575849,6072609.55505043,60.7260955505043,2023,"Total","GMoH report",17.2588944494957
0,1,0.0173212,0.00620648,0.00651386,0.00632629,0.0062271,0.00759993,0.00818049,0.00935298,0.0082358,0.00777968,0.0079294,0.00943363,0.0121686,0.0184808,0.0232624,0.0408915,0.0421628,0.151633,0.11472641146,0.0170596079565508,0.02452153516486,0.0320474189982108,0.0311389646975587,0.030658220487998,0.0372911251481324,0.0400827094896182,0.0456964060698911,0.0403482497125436,0.0381562906714724,0.0388763349736499,0.0460813636632633,0.0590467104966269,0.088323287472209,0.109919520373177,0.185494617156375,0.190711656430618,1,0.982940392043449,0.97547846483514,0.967952581001789,0.968861035302441,0.969341779512002,0.962708874851868,0.959917290510382,0.954303593930109,0.959651750287456,0.961843709328528,0.96112366502635,0.953918636336737,0.940953289503373,0.911676712527791,0.890080479626822,0.814505382843625,0.809288343569382,0,1e+05,1705.96079565508,98489.7579645219,6006030.98850525,60.0603098850525,2023,"Total","GMoH report",17.9246801149475
0,1,0.0172428,0.0062978,0.00657975,0.00635772,0.00632132,0.00755797,0.00844386,0.00944503,0.00857896,0.00807736,0.00773191,0.0099468,0.0123782,0.018523,0.0236061,0.040608,0.0414114,0.152488,0.11488285474,0.0169835980602215,0.0248778485705448,0.0323663438722661,0.0312912475244718,0.0311148821824068,0.0370890550858323,0.0413464900659787,0.0461357657705602,0.0419941349892319,0.0395873958800361,0.0379264404397488,0.0485272723192375,0.0600332413304098,0.0885160433237839,0.111453069254668,0.184327111627569,0.187631764834347,1,0.983016401939778,0.975122151429455,0.967633656127734,0.968708752475528,0.968885117817593,0.962910944914168,0.958653509934021,0.95386423422944,0.958005865010768,0.960412604119964,0.962073559560251,0.951472727680763,0.93996675866959,0.911483956676216,0.888546930745332,0.815672888372431,0.812368235165653,0,1e+05,1698.35980602216,98496.7526168693,5981972.30225012,59.8197230225012,2023,"Total","GMoH report",18.1652669774988
0,1,0.0168815,0.00632778,0.00659591,0.00648098,0.00635007,0.00795344,0.00805814,0.00952486,0.00863673,0.00746104,0.00738881,0.0101357,0.0120908,0.0184011,0.0238287,0.0406056,0.042085,0.152498,0.115603810825,0.0166331678966419,0.0249947968487923,0.0324445467245354,0.0318882325072135,0.0312541843538996,0.038991900644348,0.0394950582287122,0.0465166388189474,0.0422709431920131,0.0366221025696101,0.0362739958419575,0.0494260801973591,0.0586802714353244,0.0879591377747334,0.112444957125367,0.184317221569585,0.190393250166823,1,0.983366832103358,0.975005203151208,0.967555453275465,0.968111767492786,0.9687458156461,0.961008099355652,0.960504941771288,0.953483361181053,0.957729056807987,0.96337789743039,0.963726004158043,0.950573919802641,0.941319728564675,0.912040862225267,0.887555042874633,0.815682778430415,0.809606749833177,0,1e+05,1663.3167896642,98528.9689698302,5986149.66771649,59.8614966771649,2023,"Total","GMoH report",18.1234933228351
0,1,0.0178196,0.00684838,0.00694507,0.00694162,0.00676449,0.00830166,0.00851848,0.0103139,0.0088586,0.00854341,0.00811756,0.0108807,0.0125601,0.0187339,0.0242249,0.0421395,0.04281,0.152971,0.11373187918,0.0175425514773259,0.0270233871517948,0.0341327147666391,0.03411604839043,0.0332599829449223,0.0406643460621737,0.0417042577853516,0.050273217651169,0.0433333186583332,0.0418237562564037,0.0397804985406656,0.052962818647846,0.0608885832633839,0.0894787835424837,0.114207817598637,0.190616310010755,0.193356066936158,1,0.982457448522674,0.972976612848205,0.965867285233361,0.96588395160957,0.966740017055078,0.959335653937826,0.958295742214648,0.949726782348831,0.956666681341667,0.958176243743596,0.960219501459334,0.947037181352154,0.939111416736616,0.910521216457516,0.885792182401363,0.809383689989245,0.806643933063842,0,1e+05,1754.25514773259,98445.2595867802,5873158.9039391,58.731589039391,2023,"Total","GMoH report",19.253400960609
0,1,0.0174493,0.00629637,0.00657926,0.00665595,0.00644584,0.00792329,0.00850035,0.0101733,0.00864358,0.00759802,0.00773278,0.00985579,0.0125909,0.0189505,0.0232423,0.040689,0.043146,0.151115,0.114470794315,0.0171837785772087,0.0248722699710448,0.0323639725253079,0.0327350429767473,0.0317180758941954,0.0388469606626285,0.0416173450034988,0.0496048865199173,0.0423037601618506,0.0372819279151552,0.0379306270150759,0.0480939405540666,0.0610333383504096,0.0904665348292937,0.109829759454572,0.184660837915174,0.19472589169258,1,0.982816221422791,0.975127730028955,0.967636027474692,0.967264957023253,0.968281924105805,0.961153039337372,0.958382654996501,0.950395113480083,0.95769623983815,0.962718072084845,0.962069372984924,0.951906059445933,0.93896666164959,0.909533465170706,0.890170240545427,0.815339162084826,0.80527410830742,0,1e+05,1718.37785772087,98478.3262205857,5954049.9893694,59.540499893694,2023,"Total","GMoH report",18.444490106306
0,1,0.0169366,0.00616043,0.00663239,0.00648354,0.00619167,0.0076605,0.00817129,0.0101055,0.00861034,0.00787828,0.00744052,0.0101338,0.0123724,0.01843,0.0240738,0.0407673,0.042572,0.154073,0.11549386153,0.0166866255608401,0.0243418079915888,0.0326210610030352,0.0319006275137242,0.0304864449829806,0.0375827434838548,0.0400385338224058,0.0492824407378102,0.0421445037342912,0.0386305443869186,0.0365232206163491,0.0494170439012829,0.0600059557817157,0.088091198049853,0.113535898704424,0.184983323399898,0.192384515965764,1,0.98331337443916,0.975658192008411,0.967378938996965,0.968099372486276,0.969513555017019,0.962417256516145,0.959961466177594,0.95071755926219,0.957855496265709,0.961369455613081,0.963476779383651,0.950582956098717,0.939994044218284,0.911908801950147,0.886464101295576,0.815016676600102,0.807615484034236,0,1e+05,1668.662556084,98524.0577261087,5975609.26269859,59.7560926269859,2023,"Total","GMoH report",18.2288973730141
0,1,0.0173713,0.00657544,0.00682869,0.00691685,0.00678723,0.00829004,0.00901184,0.0100691,0.00868903,0.00819106,0.007912,0.0106609,0.0128998,0.0190103,0.0236243,0.0406689,0.0417333,0.153345,0.114626439415,0.0171081747373715,0.0259603584413804,0.0335703462801505,0.0339963803415858,0.0333699265829952,0.0406085830553202,0.0440664015985454,0.04910928426453,0.0425214740899701,0.0401334610317041,0.0387926807742847,0.0519206966136781,0.0624839246713125,0.0907390582045358,0.111534206135012,0.184578035799667,0.188952474264449,1,0.982891825262628,0.97403964155862,0.96642965371985,0.966003619658414,0.966630073417005,0.95939141694468,0.955933598401455,0.95089071573547,0.95747852591003,0.959866538968296,0.961207319225715,0.948079303386322,0.937516075328688,0.909260941795464,0.888465793864988,0.815421964200333,0.811047525735551,0,1e+05,1710.81747373716,98485.2874417663,5893628.4890436,58.936284890436,2023,"Total","GMoH report",19.048705109564
0,1,0.0172864,0.00621156,0.00619444,0.00619505,0.00639519,0.00747276,0.00817347,0.0096069,0.00819863,0.00761591,0.00751059,0.00988681,0.0120647,0.018163,0.02289,0.0407937,0.0420185,0.15214,0.11479585312,0.0170258702531694,0.0245413597429502,0.0304998758722547,0.0305028335525014,0.0314727642322735,0.0366785745383323,0.0400490017148836,0.046907901209672,0.0401698065473664,0.0373680703483826,0.0368608334816526,0.048241659691367,0.0585573090827727,0.0868704309085213,0.108255101799522,0.185092028311657,0.190121001722779,1,0.982974129746831,0.97545864025705,0.969500124127745,0.969497166447499,0.968527235767726,0.963321425461668,0.959950998285116,0.953092098790328,0.959830193452634,0.962631929651617,0.963139166518347,0.951758340308633,0.941442690917227,0.913129569091479,0.891744898200478,0.814907971688343,0.809878998277221,0,1e+05,1702.58702531694,98492.8629047654,6019076.91926088,60.1907691926088,2023,"Total","GMoH report",17.7942208073911
0,1,0.016985,0.00615742,0.00642903,0.00618455,0.00616919,0.00729796,0.00798414,0.00935726,0.00808301,0.00784032,0.00746593,0.0100929,0.011689,0.0183384,0.0229687,0.0411354,0.0416461,0.151797,0.11539728175,0.0167335783670711,0.0243300592135941,0.0316366672921961,0.0304519214234022,0.0303774395098752,0.0358359761978675,0.0391394626271502,0.045716839124827,0.0396145382283864,0.0384479886637986,0.0366456650743781,0.0492225054371827,0.0567855832922424,0.0876725636470379,0.108607090784732,0.186497841705744,0.18859489532456,1,0.983266421632929,0.975669940786406,0.968363332707804,0.969548078576598,0.969622560490125,0.964164023802133,0.96086053737285,0.954283160875173,0.960385461771614,0.961552011336201,0.963354334925622,0.950777494562817,0.943214416707758,0.912327436352962,0.891392909215268,0.813502158294256,0.81140510467544,0,1e+05,1673.35783670712,98519.743109044,6030944.42559613,60.3094442559613,2023,"Total","GMoH report",17.6755457440387
0,1,0.0175965,0.00702982,0.00731958,0.00701076,0.00695222,0.00825136,0.00918874,0.0104985,0.00923882,0.00891971,0.00813414,0.0105689,0.0127461,0.0192807,0.0239599,0.0417875,0.0420132,0.15336,0.114177064075,0.0173264263513804,0.0277294144159016,0.0359402315007788,0.0344499983243686,0.0341672543277931,0.0404229394361356,0.0449119885361459,0.0511500042022078,0.0451512395622683,0.0436257278965595,0.0398601302993178,0.0514841723277141,0.0617624248902655,0.0919703673457901,0.11302908600554,0.189174659762895,0.190099300201894,1,0.98267357364862,0.972270585584098,0.964059768499221,0.965550001675631,0.965832745672207,0.959577060563864,0.955088011463854,0.948849995797792,0.954848760437732,0.95637427210344,0.960139869700682,0.948515827672286,0.938237575109734,0.90802963265421,0.88697091399446,0.810825340237105,0.809900699798106,0,1e+05,1732.64263513804,98465.1854140332,5833742.98792502,58.3374298792502,2023,"Total","GMoH report",19.6475601207498
0,1,0.0174546,0.00663185,0.00653824,0.00657666,0.00659388,0.00804341,0.00833516,0.0100354,0.00876513,0.00817921,0.00748821,0.0100192,0.0125081,0.0184905,0.0241476,0.0407923,0.0423558,0.152187,0.11446021843,0.0171889153585033,0.0261801542875759,0.0321654366388756,0.0323513897723494,0.0324347233165438,0.0394242857641054,0.0408250908395936,0.0489489444082145,0.0428858988045287,0.0400765634290879,0.0367530142773947,0.0488718577081268,0.0606441425028987,0.088367597352867,0.113864135975307,0.185086263984194,0.191501049607578,1,0.982811084641497,0.973819845712424,0.967834563361124,0.967648610227651,0.967565276683456,0.960575714235895,0.959174909160406,0.951051055591785,0.957114101195471,0.959923436570912,0.963246985722605,0.951128142291873,0.939355857497101,0.911632402647133,0.886135864024693,0.814913736015806,0.808498950392422,0,1e+05,1718.89153585033,98477.8531648006,5940503.77969216,59.4050377969216,2023,"Total","GMoH report",18.5799522030784
0,1,0.0174269,0.00659328,0.0069037,0.00663756,0.00695104,0.00798505,0.00876574,0.0100564,0.00908326,0.008305,0.00785063,0.010254,0.0129953,0.0191677,0.0253827,0.0423637,0.0437452,0.152857,0.114515492395,0.0171620678412159,0.0260298754851229,0.0339328445526546,0.032646074307548,0.0341615541761486,0.0391438362753733,0.0428888194005691,0.0490488625467131,0.0444078792175461,0.0406803737402187,0.0384975744673975,0.0499885436826941,0.0629319510415736,0.0914559972058916,0.119340537356127,0.191533346881763,0.197163597487928,1,0.982837932158784,0.973970124514877,0.966067155447345,0.967353925692452,0.965838445823851,0.960856163724627,0.957111180599431,0.950951137453287,0.955592120782454,0.959319626259781,0.961502425532602,0.950011456317306,0.937068048958426,0.908544002794108,0.880659462643873,0.808466653118237,0.802836402512072,0,1e+05,1716.20678412159,98480.3254808137,5887650.73087678,58.8765073087678,2023,"Total","GMoH report",19.1084826912321
0,1,0.0169418,0.00671894,0.00678333,0.00651697,0.00640567,0.0077394,0.00874347,0.00993728,0.00852445,0.00826923,0.00782189,0.0106491,0.0123359,0.0190677,0.0239282,0.0410223,0.0426567,0.152667,0.11548348519,0.0166916702817692,0.0265193955449938,0.0333510716872297,0.0320624745382708,0.0315235267263865,0.0379624828996168,0.0427821880555058,0.0484819531417099,0.0417328754741607,0.0405087103919147,0.0383593435850145,0.0518647185638542,0.0598342273859734,0.0910005710294542,0.112887984333196,0.186032769771506,0.192730393553289,1,0.983308329718231,0.973480604455006,0.96664892831277,0.967937525461729,0.968476473273614,0.962037517100383,0.957217811944494,0.95151804685829,0.958267124525839,0.959491289608085,0.961640656414986,0.948135281436146,0.940165772614027,0.908999428970546,0.887112015666804,0.813967230228494,0.807269606446711,0,1e+05,1669.16702817692,98523.5941976012,5932114.89427978,59.3211489427978,2023,"Total","GMoH report",18.6638410572022
0,1,0.0173207,0.00617104,0.00683151,0.00636878,0.00649653,0.00744171,0.00823087,0.00982603,0.00863207,0.00782681,0.00770074,0.0100823,0.0123302,0.0183051,0.0234107,0.0408312,0.0416539,0.152275,0.114727409185,0.0170591232350698,0.0243832203438585,0.0335839768163484,0.0313448291967705,0.031963520082201,0.0365289552706815,0.0403245839786687,0.0479522005959456,0.0422486174420916,0.0383830087090155,0.0377764337636473,0.0491720808237761,0.0598074067822342,0.0875203290612522,0.110581522857122,0.185246416315361,0.188626886346979,1,0.98294087676493,0.975616779656142,0.966416023183652,0.96865517080323,0.968036479917799,0.963471044729318,0.959675416021331,0.952047799404054,0.957751382557908,0.961616991290985,0.962223566236353,0.950827919176224,0.940192593217766,0.912479670938748,0.889418477142878,0.814753583684639,0.811373113653021,0,1e+05,1705.91232350697,98489.8025776657,5976756.67699266,59.7675667699266,2023,"Total","GMoH report",18.2174232300734
0,1,0.0171788,0.00667692,0.00714091,0.00695204,0.00693338,0.00818589,0.00894164,0.0104659,0.00878783,0.00850156,0.00791406,0.0107628,0.0127294,0.018792,0.0247854,0.0426728,0.0426211,0.154117,0.11501056354,0.016921540857747,0.0263557298011522,0.0350783221465021,0.0341663848152721,0.0340762411773642,0.0401086377581547,0.043730640880689,0.0509952227456654,0.0429945774070622,0.0416231458210343,0.0388025850347007,0.0524039664740819,0.0616839992498717,0.0897438346482263,0.116696101137186,0.192796123909127,0.192585034920387,1,0.983078459142253,0.973644270198848,0.964921677853498,0.965833615184728,0.965923758822636,0.959891362241845,0.956269359119311,0.949004777254335,0.957005422592938,0.958376854178966,0.961197414965299,0.947596033525918,0.938316000750128,0.910256165351774,0.883303898862814,0.807203876090873,0.807414965079613,0,1e+05,1692.1540857747,98502.4615092268,5863002.1342703,58.630021342703,2023,"Total","GMoH report",19.354968657297
0,1,0.0176158,0.00647219,0.00691338,0.00649072,0.00667796,0.00785038,0.00843679,0.00988379,0.00890011,0.0080733,0.0079153,0.0103432,0.0126649,0.0184365,0.0233416,0.0411118,0.0423484,0.15133,0.11413855189,0.0173451265578417,0.0255579284619754,0.0339796150227353,0.0319353908005575,0.0328415142045072,0.0384963721254839,0.041312585969545,0.0482272792490769,0.0435319520946081,0.0395678913567734,0.0388085467742936,0.050412435249323,0.0613810382225384,0.0881208976750355,0.110273122225645,0.186400817207792,0.191470795418272,1,0.982654873442158,0.974442071538025,0.966020384977265,0.968064609199442,0.967158485795493,0.961503627874516,0.958687414030455,0.951772720750923,0.956468047905392,0.960432108643227,0.961191453225706,0.949587564750677,0.938618961777462,0.911879102324964,0.889726877774355,0.813599182792208,0.808529204581728,0,1e+05,1734.51265578417,98463.4621069819,5933133.80815458,59.3313380815458,2023,"Total","GMoH report",18.6536519184542
0,1,0.0168912,0.00597628,0.00609498,0.00590425,0.00600247,0.00704845,0.00752956,0.00880916,0.00811423,0.00736457,0.00725844,0.00947443,0.0117907,0.0179786,0.0222914,0.0406606,0.0419955,0.150927,0.11558445496,0.0166425791749417,0.0236227674546325,0.0300175096968694,0.0290918363136134,0.0295686378459717,0.0346319952821341,0.0369522151963651,0.0430966859940222,0.039764504168355,0.0361571454287249,0.0356453754525014,0.046276051962512,0.0572654991965579,0.0860264137924765,0.105573544713437,0.184543841677699,0.190026821540038,1,0.983357420825058,0.976377232545368,0.96998249030313,0.970908163686387,0.970431362154028,0.965368004717866,0.963047784803635,0.956903314005978,0.960235495831645,0.963842854571275,0.964354624547499,0.953723948037488,0.942734500803442,0.913973586207524,0.894426455286563,0.815456158322301,0.809973178459962,0,1e+05,1664.25791749418,98528.1044268122,6095165.86524316,60.9516586524316,2023,"Total","GMoH report",17.0333313475684
0,1,0.017257,0.00653647,0.00731163,0.00675139,0.00667235,0.0082465,0.00845623,0.00984849,0.00921541,0.00844839,0.00789293,0.0104926,0.0128495,0.0190013,0.0245989,0.0421154,0.0438054,0.153788,0.11485451935,0.0169973659898748,0.0258084871954037,0.0359018965404941,0.0331966413194064,0.0328143774712001,0.040399611509223,0.0414058074227439,0.0480591742572969,0.0450394084621593,0.0413682130072786,0.0387009894974154,0.0511219934293578,0.0622478651421402,0.0906980479535505,0.115868882373459,0.190517679320829,0.197408143298842,1,0.983002634010125,0.974191512804596,0.964098103459506,0.966803358680594,0.9671856225288,0.959600388490777,0.958594192577256,0.951940825742703,0.954960591537841,0.958631786992721,0.961299010502585,0.948878006570642,0.93775213485786,0.90930195204645,0.884131117626541,0.809482320679171,0.802591856701158,0,1e+05,1699.73659898748,98495.4858311108,5884178.78089149,58.8417878089149,2023,"Total","GMoH report",19.1432021910851
0,1,0.0170596,0.00585556,0.00622051,0.00607138,0.00587249,0.00712337,0.00780076,0.00887419,0.00794168,0.0075043,0.00687796,0.00971448,0.0116667,0.0178986,0.0231899,0.0410969,0.0418487,0.15143,0.11524842118,0.0168059394183693,0.0231511145197257,0.0306262724154425,0.0299030185284173,0.0289376104303103,0.0349936678899077,0.0382577021190446,0.0434079245745495,0.0389353693890754,0.0368305316042064,0.0338084667943184,0.0474207306512574,0.0566803192971401,0.0856600141756876,0.109595715776771,0.186339554868783,0.189425475281471,1,0.983194060581631,0.976848885480274,0.969373727584557,0.970096981471583,0.97106238956969,0.965006332110092,0.961742297880955,0.95659207542545,0.961064630610925,0.963169468395794,0.966191533205682,0.952579269348743,0.94331968070286,0.914339985824312,0.890404284223229,0.813660445131217,0.810574524718529,0,1e+05,1680.59394183692,98513.0918566045,6083716.89205798,60.8371689205798,2023,"Total","GMoH report",17.1478210794202
0,1,0.0172013,0.00702483,0.00702875,0.00711595,0.00670397,0.00837122,0.00889609,0.0102838,0.00896338,0.00878491,0.00831367,0.0105204,0.0128699,0.0192078,0.023692,0.0416598,0.0422504,0.153476,0.114965665915,0.0169433586940319,0.027710003867069,0.0345368723953775,0.0349578541445011,0.0329673201862278,0.0409980899241626,0.0435127173752138,0.050130178183979,0.0438346338002195,0.0429805982808906,0.0407219772975027,0.0512539693520712,0.0623436099362051,0.0916385620687401,0.111835956307884,0.188651083933833,0.191070036341403,1,0.983056641305968,0.972289996132931,0.965463127604622,0.965042145855499,0.967032679813772,0.959001910075837,0.956487282624786,0.949869821816021,0.95616536619978,0.95701940171911,0.959278022702497,0.948746030647929,0.937656390063795,0.90836143793126,0.888164043692116,0.811348916066167,0.808929963658597,0,1e+05,1694.33586940319,98500.4545821064,5856332.93474121,58.5633293474121,2023,"Total","GMoH report",19.4216606525879
0,1,0.0176185,0.00677615,0.00718841,0.00690434,0.0068847,0.00801524,0.00891372,0.0105021,0.00920076,0.00878129,0.00839464,0.0108929,0.0127683,0.0194104,0.0236821,0.0417305,0.0445624,0.153518,0.114133164175,0.0173477425946853,0.0267421819278591,0.0353075373633547,0.0339359368838386,0.0338410365393439,0.0392889245999733,0.0435970698170754,0.0511670951257009,0.0449694179453626,0.0429632677170719,0.0411104318117397,0.0530206289765533,0.0618666695092622,0.0925604133803072,0.11179183637921,0.188940994565691,0.200477593246752,1,0.982652257405315,0.973257818072141,0.964692462636645,0.966064063116161,0.966158963460656,0.960711075400027,0.956402930182925,0.948832904874299,0.955030582054637,0.957036732282928,0.95888956818826,0.946979371023447,0.938133330490738,0.907439586619693,0.88820816362079,0.811059005434309,0.799522406753248,0,1e+05,1734.77425946853,98463.221015894,5849142.20820265,58.4914220820265,2023,"Total","GMoH report",19.4935679179735
0,1,0.0174985,0.00659442,0.00690108,0.00679898,0.00655434,0.00750543,0.0084726,0.00994126,0.00921326,0.00847387,0.00804932,0.0100108,0.0129073,0.0183162,0.0234195,0.0408231,0.0431296,0.152316,0.114372618175,0.017231461444509,0.0260343175513066,0.0339201852204472,0.0334267308143201,0.0322433650566859,0.0368359754126466,0.0414843002933367,0.0485008998606288,0.0450291371301116,0.041490389581101,0.0394526818473806,0.0488318844284102,0.0625191174871454,0.0875710766162056,0.110620790964989,0.18521307073064,0.194659079420558,1,0.982768538555491,0.973965682448693,0.966079814779553,0.96657326918568,0.967756634943314,0.963164024587353,0.958515699706663,0.951499100139371,0.954970862869888,0.958509610418899,0.960547318152619,0.95116811557159,0.937480882512855,0.912428923383794,0.889379209035011,0.81478692926936,0.805340920579442,0,1e+05,1723.1461444509,98473.9345915881,5921445.90493236,59.2144590493236,2023,"Total","GMoH report",18.7705309506764
0,1,0.017608,0.00685577,0.00701894,0.00697189,0.00672255,0.00855573,0.00880747,0.0103582,0.00894929,0.00875574,0.00813939,0.0108724,0.0130034,0.0186913,0.0242214,0.0418864,0.0431254,0.152633,0.1141541164,0.0173375690433183,0.0270521533176982,0.0344895006605835,0.0342622680893268,0.0330571786590146,0.0418828050704368,0.0430885962039784,0.0504836993631418,0.0437672357861289,0.0428409396770795,0.0398853440732589,0.0529234867077954,0.0629699416518121,0.0892843964037466,0.114192259042095,0.18957994633915,0.194641968165219,1,0.982662430956682,0.972947846682302,0.965510499339416,0.965737731910673,0.966942821340985,0.958117194929563,0.956911403796022,0.949516300636858,0.956232764213871,0.95715906032292,0.960114655926741,0.947076513292205,0.937030058348188,0.910715603596253,0.885807740957905,0.81042005366085,0.805358031834781,0,1e+05,1733.75690433184,98464.1585831346,5856386.6924891,58.563866924891,2023,"Total","GMoH report",19.421123075109
0,1,0.0175509,0.00652636,0.00692995,0.00657133,0.00641834,0.00792311,0.00837987,0.0101778,0.00896722,0.00816497,0.00801177,0.00993383,0.0121366,0.0189255,0.0231039,0.0420323,0.0426253,0.153495,0.114268056595,0.017282240779219,0.0257690833701133,0.0340596704666245,0.0323255946256712,0.0315848935360545,0.0388460952849668,0.0410395840519759,0.0496262840163461,0.0438530012258684,0.0400081859058116,0.0392722494255497,0.0484655291806485,0.0588960068093928,0.0903525805901049,0.109211472643008,0.190177505128019,0.192602185189143,1,0.982717759220781,0.974230916629887,0.965940329533375,0.967674405374329,0.968415106463945,0.961153904715033,0.958960415948024,0.950373715983654,0.956146998774132,0.959991814094188,0.96072775057445,0.951534470819351,0.941103993190607,0.909647419409895,0.890788527356992,0.809822494871981,0.807397814810857,0,1e+05,1728.2240779219,98469.2567288229,5927266.24850042,59.2726624850042,2023,"Total","GMoH report",18.7123275149958
0,1,0.0165571,0.00590784,0.00621101,0.00613428,0.00586805,0.00731811,0.0080778,0.00934126,0.00821912,0.00764286,0.00717771,0.00958451,0.0119137,0.0178438,0.0233988,0.039882,0.0426752,0.151324,0.116251134805,0.0163183250728254,0.0233554000665418,0.0305802149478912,0.0302081370723003,0.028916047961893,0.0359331432624,0.0395895096474251,0.0456404516857157,0.0402681775415125,0.0374978234624298,0.0352559082863352,0.0468011351308183,0.057845611835683,0.085408949468677,0.110528419069681,0.181330447710977,0.192805921813555,1,0.983681674927175,0.976644599933458,0.969419785052109,0.9697918629277,0.971083952038107,0.9640668567376,0.960410490352575,0.954359548314284,0.959731822458488,0.96250217653757,0.964744091713665,0.953198864869182,0.942154388164317,0.914591050531323,0.889471580930319,0.818669552289023,0.807194078186445,0,1e+05,1631.83250728254,98557.8698735007,6060484.94393248,60.6048494393248,2023,"Total","GMoH report",17.3801405606752
0,1,0.0171729,0.00606175,0.00623302,0.00614031,0.00601045,0.00775771,0.00799247,0.00948134,0.00811066,0.00782501,0.00714246,0.0100627,0.0123435,0.0180589,0.0245327,0.0411116,0.042573,0.151971,0.115022336695,0.0169158195835272,0.0239565626131594,0.0306869195418925,0.0302373827409547,0.0296073660173033,0.03805058646224,0.0391794976020023,0.0463090210655265,0.0397473567585811,0.0383743508030564,0.0350858026450987,0.0490788359926421,0.0598699870375064,0.0863940463891571,0.115575078197745,0.18639999492192,0.192388600298708,1,0.983084180416473,0.976043437386841,0.969313080458107,0.969762617259045,0.970392633982697,0.96194941353776,0.960820502397998,0.953690978934474,0.960252643241419,0.961625649196944,0.964914197354901,0.950921164007358,0.940130012962494,0.913605953610843,0.884424921802255,0.81360000507808,0.807611399701292,0,1e+05,1691.58195835272,98502.9877512081,6023493.50237481,60.2349350237481,2023,"Total","GMoH report",17.7500549762519
0,1,0.0173671,0.00614299,0.0065104,0.0063336,0.00615876,0.00752051,0.0080584,0.00946282,0.00819504,0.00763805,0.00739042,0.0100333,0.0126119,0.0185091,0.0234529,0.0400274,0.0422333,0.152966,0.114634820305,0.0171041034465107,0.0242737333969596,0.0320306688340569,0.0311743847912159,0.0303268603636667,0.036908620869168,0.039496307391295,0.0462206556385266,0.0401525702027149,0.0374746665577465,0.0362817564536741,0.048938952031457,0.0611320226101089,0.0884525569455957,0.110769816430588,0.181931397908403,0.191000089771621,1,0.982895896553489,0.97572626660304,0.967969331165943,0.968825615208784,0.969673139636333,0.963091379130832,0.960503692608705,0.953779344361473,0.959847429797285,0.962525333442253,0.963718243546326,0.951061047968543,0.938867977389891,0.911547443054404,0.889230183569412,0.818068602091597,0.80899991022838,0,1e+05,1710.41034465107,98485.6622378558,6009631.66665856,60.0963166665856,2023,"Total","GMoH report",17.8886733334144
0,1,0.0170648,0.00703572,0.00695797,0.00707092,0.00678057,0.00837941,0.00892642,0.0105976,0.00940487,0.00858906,0.00808424,0.0102791,0.0128382,0.0184522,0.0248775,0.0413518,0.0438161,0.153569,0.11523804484,0.0168109829742669,0.0277523642712983,0.0341950300174733,0.0347404820761945,0.0333377280040686,0.0410373774720915,0.043657829689752,0.0516203699193566,0.0459441041822487,0.0420425353532471,0.0396204469939834,0.0501078412232063,0.0621948259632951,0.0881926298869978,0.117104341839707,0.187387023231807,0.197451602138814,1,0.983189017025733,0.972247635728702,0.965804969982527,0.965259517923805,0.966662271995931,0.958962622527909,0.956342170310248,0.948379630080643,0.954055895817751,0.957957464646753,0.960379553006017,0.949892158776794,0.937805174036705,0.911807370113002,0.882895658160293,0.812612976768193,0.802548397861186,0,1e+05,1681.09829742668,98512.6281835526,5851401.36875595,58.5140136875595,2023,"Total","GMoH report",19.4709763124405
0,1,0.0173815,0.00698144,0.00724033,0.00710801,0.00710256,0.0084178,0.00913306,0.0105276,0.00902336,0.00852585,0.00822403,0.0103353,0.0131119,0.0191759,0.0247155,0.043227,0.042656,0.154325,0.114606085825,0.0171180620240853,0.0275412054532016,0.0355580204936972,0.0349195290949937,0.0348932219930034,0.0412215138517469,0.044645915438855,0.0512881472524624,0.0441214897848377,0.041739586368892,0.0402917486263609,0.0503749007214344,0.0634786845888487,0.0914933325126755,0.116386145549197,0.195055806618279,0.192727535603268,1,0.982881937975915,0.972458794546798,0.964441979506303,0.965080470905006,0.965106778006997,0.958778486148253,0.955354084561145,0.948711852747538,0.955878510215162,0.958260413631108,0.959708251373639,0.949625099278566,0.936521315411151,0.908506667487325,0.883613854450803,0.804944193381721,0.807272464396733,0,1e+05,1711.80620240852,98484.3772061405,5828223.16240658,58.2822316240658,2023,"Total","GMoH report",19.7027583759342
0,1,0.0175829,0.00678571,0.00689543,0.00692459,0.00719034,0.00855305,0.00876033,0.00994329,0.00937713,0.00837657,0.00807164,0.0106567,0.0127588,0.0187965,0.024664,0.0417179,0.0427163,0.153407,0.114204202195,0.01731324859545,0.0267794054414044,0.0338928849606396,0.0340337751522954,0.0353168496089568,0.0418699603392999,0.0428629167610272,0.0485105634976975,0.0458116944637332,0.041023754129675,0.0395599164891733,0.0519007725918023,0.0618220616980183,0.0897643604948943,0.116157715276077,0.188889334120261,0.192973694440435,1,0.98268675140455,0.973220594558596,0.96610711503936,0.965966224847705,0.964683150391043,0.9581300396607,0.957137083238973,0.951489436502303,0.954188305536267,0.958976245870325,0.960440083510827,0.948099227408198,0.938177938301982,0.910235639505106,0.883842284723923,0.811110665879739,0.807026305559565,0,1e+05,1731.324859545,98466.3997147797,5859990.0948076,58.599900948076,2023,"Total","GMoH report",19.385089051924
0,1,0.0170986,0.00645526,0.00684109,0.00678859,0.00659921,0.00781601,0.00833412,0.00975641,0.00864763,0.00832724,0.00796112,0.010225,0.012143,0.0184571,0.0239834,0.040886,0.0425016,0.151467,0.11517059863,0.0168437648867353,0.0254919259797993,0.033630280559911,0.033376501538551,0.0324605156020839,0.0383310601268449,0.0408201009506627,0.0476205363083887,0.0423231623783062,0.0407870902759267,0.0390288172559189,0.0498506916935828,0.0589261494190123,0.0882150165453042,0.113133674573108,0.185471981419233,0.192096932530865,1,0.983156235113265,0.974508074020201,0.966369719440089,0.966623498461449,0.967539484397916,0.961668939873155,0.959179899049337,0.952379463691611,0.957676837621694,0.959212909724073,0.960971182744081,0.950149308306417,0.941073850580988,0.911784983454696,0.886866325426892,0.814528018580767,0.807903067469135,0,1e+05,1684.37648867353,98509.6141598453,5939468.42243523,59.3946842243523,2023,"Total","GMoH report",18.5903057756477
0,1,0.0169639,0.0061991,0.00611851,0.00617403,0.00616915,0.00710587,0.0080959,0.00911057,0.00824608,0.007688,0.00698291,0.00982176,0.0123716,0.0175596,0.0229307,0.0409729,0.0415355,0.151715,0.115439385745,0.0167131097963394,0.0244927341830517,0.0301316480255973,0.0304009096790359,0.0303772455392045,0.034909199417832,0.0396764584010768,0.0445384239277905,0.0403975954894656,0.0377151154804655,0.0343154949675897,0.0479318618903984,0.0600021921975228,0.0841058378253069,0.108437150578097,0.185829560047794,0.18814115739278,1,0.983286890203661,0.975507265816948,0.969868351974403,0.969599090320964,0.969622754460795,0.965090800582168,0.960323541598923,0.95546157607221,0.959602404510534,0.962284884519535,0.96568450503241,0.952068138109602,0.939997807802477,0.915894162174693,0.891562849421903,0.814170439952206,0.81185884260722,0,1e+05,1671.31097963393,98521.6241332439,6051340.37936733,60.5134037936733,2023,"Total","GMoH report",17.4715862063266
0,1,0.0172747,0.00657408,0.00670572,0.00678837,0.00657081,0.00772414,0.00867285,0.0103457,0.00893573,0.0081272,0.0079443,0.0103424,0.0122101,0.0183077,0.0243444,0.0423789,0.0425951,0.15327,0.114819199885,0.0170145269086074,0.0259550587349436,0.0329757840632288,0.03337543794578,0.0323230779897848,0.0378890491988039,0.0424439744406804,0.0504243129634355,0.0437023685849119,0.0398267990959681,0.0389479642196251,0.0504086343502402,0.0592421194919775,0.0875322161174657,0.114738877195033,0.191595485227709,0.192478859345709,1,0.982985473091393,0.974044941265056,0.967024215936771,0.96662456205422,0.967676922010215,0.962110950801196,0.95755602555932,0.949575687036565,0.956297631415088,0.960173200904032,0.961052035780375,0.94959136564976,0.940757880508022,0.912467783882534,0.885261122804967,0.808404514772291,0.807521140654291,0,1e+05,1701.45269086074,98493.9067457461,5917290.66522741,59.1729066522741,2023,"Total","GMoH report",18.8120833477259
0,1,0.0175516,0.00633903,0.00637164,0.00654739,0.00648246,0.00766381,0.00843743,0.0096763,0.00832861,0.00798399,0.00735733,0.01027,0.0121686,0.018292,0.0235238,0.0409315,0.0425011,0.153453,0.11426665978,0.0172829190951934,0.0250386781362677,0.0313586843806325,0.0322097259067387,0.0318953983893918,0.0375986772041403,0.0413156551298445,0.0472387589909399,0.0407936637111957,0.0391387416942513,0.0361222418656367,0.0500645916104029,0.0590467104966269,0.0874604343377354,0.111086083001711,0.18565922371162,0.192094889707619,1,0.982717080904807,0.974961321863732,0.968641315619368,0.967790274093261,0.968104601610608,0.96240132279586,0.958684344870156,0.95276124100906,0.959206336288804,0.960861258305749,0.963877758134363,0.949935408389597,0.940953289503373,0.912539565662265,0.888913916998289,0.81434077628838,0.807905110292381,0,1e+05,1728.29190951934,98469.1942341062,5975754.31760752,59.7575431760752,2023,"Total","GMoH report",18.2274468239248
0,1,0.0180322,0.00692784,0.00728683,0.00708075,0.00687062,0.00829665,0.00921001,0.0104793,0.00908683,0.00824789,0.00848542,0.0107503,0.0127204,0.0193783,0.0242558,0.0419694,0.0423157,0.151455,0.11330764651,0.0177484202624902,0.0273326475815572,0.0357823011365234,0.0347879382653196,0.0337729964380323,0.0406403040534376,0.0450136104930571,0.0510588475472454,0.0444249451882868,0.0404062835450295,0.0415457667987269,0.0523446970093509,0.0616417313028384,0.0924144143843399,0.114345166288829,0.189919935633553,0.191337092488465,1,0.98225157973751,0.972667352418443,0.964217698863477,0.96521206173468,0.966227003561968,0.959359695946562,0.954986389506943,0.948941152452755,0.955575054811713,0.95959371645497,0.958454233201273,0.947655302990649,0.938358268697162,0.90758558561566,0.885654833711171,0.810080064366447,0.808662907511535,0,1e+05,1774.84202624903,98426.2611466723,5838550.25693165,58.3855025693165,2023,"Total","GMoH report",19.5994874306835
0,1,0.0168738,0.0057859,0.0061375,0.00589884,0.00607519,0.00719013,0.00751743,0.00918173,0.00820003,0.00736165,0.00701078,0.00961161,0.0119804,0.0178111,0.0225134,0.040842,0.0426292,0.15311,0.11561917579,0.0166256969661239,0.0228788505175807,0.0302237542704133,0.0290655671743235,0.0299215029610649,0.0353158363637154,0.0368937839051449,0.0448784944528193,0.0401765281594908,0.0361430684503561,0.0344500949090341,0.0469303592249253,0.0581600483906516,0.0852591039347686,0.106568927754717,0.185290875188843,0.192618110147275,1,0.983374303033876,0.977121149482419,0.969776245729587,0.970934432825676,0.970078497038935,0.964684163636285,0.963106216094855,0.955121505547181,0.959823471840509,0.963856931549644,0.965549905090966,0.953069640775075,0.941839951609348,0.914740896065231,0.893431072245283,0.814709124811157,0.807381889852726,0,1e+05,1662.56969661239,98529.6552414034,6082829.51408942,60.8282951408942,2023,"Total","GMoH report",17.1566948591058
0,1,0.0173719,0.00663742,0.00694253,0.00720401,0.00708957,0.00847261,0.0090829,0.0101666,0.00899929,0.00839559,0.00810347,0.0108305,0.0126917,0.0185782,0.0240775,0.0419224,0.0425773,0.153,0.114625242145,0.0171087563477253,0.0262018545728422,0.034120444476521,0.0353828048009645,0.0348305165371837,0.0414843482406323,0.0444061582627873,0.0495730271553071,0.0440063844609608,0.0411149885335442,0.039712820868688,0.0527249072305975,0.0615069312031233,0.0887681202699997,0.113552357764795,0.189727427258722,0.192406162720049,1,0.982891243652275,0.973798145427158,0.965879555523479,0.964617195199035,0.965169483462816,0.958515651759368,0.955593841737213,0.950426972844693,0.955993615539039,0.958885011466456,0.960287179131312,0.947275092769402,0.938493068796877,0.91123187973,0.886447642235205,0.810272572741278,0.807593837279951,0,1e+05,1710.87563477253,98485.2338991432,5858497.86066954,58.5849786066954,2023,"Total","GMoH report",19.4000113933046
0,1,0.016733,0.0058866,0.00613754,0.00614622,0.00598659,0.00705791,0.00784654,0.00890706,0.00789497,0.00764152,0.00751974,0.00935816,0.0119375,0.0179482,0.0229891,0.0398781,0.0418198,0.151833,0.11590013515,0.0164890666341754,0.0232724092711687,0.0302239482713171,0.0302660455635904,0.0294915652263293,0.0346776703098584,0.0384779039684878,0.0435652052571555,0.0387107985175694,0.0374913723214456,0.0369049116491878,0.0457211357408876,0.0579578212714307,0.0858871984614361,0.108698309247212,0.181314323218182,0.18930704327873,1,0.983510933365825,0.976727590728831,0.969776051728683,0.96973395443641,0.970508434773671,0.965322329690142,0.961522096031512,0.956434794742845,0.961289201482431,0.962508627678554,0.963095088350812,0.954278864259112,0.942042178728569,0.914112801538564,0.891301690752788,0.818685676781817,0.81069295672127,0,1e+05,1648.90666341754,98542.2018417223,6079524.44441249,60.7952444441249,2023,"Total","GMoH report",17.1897455558751
0,1,0.0171384,0.00654246,0.00670806,0.00691373,0.00643876,0.00777275,0.00832058,0.00995519,0.00878604,0.008277,0.00778121,0.0102414,0.0125469,0.0180258,0.023874,0.0410909,0.0427881,0.153382,0.11509117972,0.0168823634048143,0.0258318325377896,0.0329871013620925,0.0339813060620982,0.0316837892134107,0.0381229496085749,0.0407551341154541,0.04856721047976,0.0429860080349123,0.0405460018565827,0.0381636515326442,0.0499286517645464,0.0608265387523213,0.0862425237868093,0.112646682740626,0.186314884301626,0.193266711548933,1,0.983117636595186,0.97416816746221,0.967012898637908,0.966018693937902,0.968316210786589,0.961877050391425,0.959244865884546,0.95143278952024,0.957013991965088,0.959453998143417,0.961836348467356,0.950071348235454,0.939173461247679,0.913757476213191,0.887353317259374,0.813685115698374,0.806733288451067,0,1e+05,1688.23634048142,98506.0647715908,5935988.43768153,59.3598843768153,2023,"Total","GMoH report",18.6251056231847
0,1,0.0175772,0.00656408,0.00699382,0.00659009,0.0067158,0.00797549,0.00851038,0.00951182,0.00867921,0.0077424,0.00795951,0.0101327,0.0125012,0.0185628,0.0246429,0.0412932,0.0422751,0.153283,0.11421557626,0.017307725464991,0.0259160894313707,0.0343681877036855,0.032416382799689,0.0330245345767241,0.0390978879638088,0.0416654284280365,0.0464544344531985,0.0424744385700462,0.0379769187604723,0.0390210783418188,0.0494118123231822,0.0606117024629262,0.0886978011423853,0.116064109396389,0.187146323578066,0.191171060726683,1,0.982692274535009,0.974083910568629,0.965631812296314,0.967583617200311,0.966975465423276,0.960902112036191,0.958334571571963,0.953545565546802,0.957525561429954,0.962023081239528,0.960978921658181,0.950588187676818,0.939388297537074,0.911302198857615,0.883935890603611,0.812853676421934,0.808828939273317,0,1e+05,1730.77254649909,98466.9086372743,5928704.69846067,59.2870469846067,2023,"Total","GMoH report",18.6979430153933
0,1,0.017197,0.00663304,0.00683952,0.00662996,0.00674684,0.00774861,0.0081012,0.00993763,0.00858363,0.00802509,0.00752367,0.0103557,0.0125561,0.0180711,0.0238732,0.0411316,0.0426571,0.152654,0.11497424635,0.0169391891344214,0.0261847904747784,0.0336226923087511,0.032609304046362,0.0331746400291641,0.0380068003174799,0.0397019170735102,0.048483619325213,0.04201651446486,0.0393362574835778,0.0369238429757957,0.0504718223726392,0.0608697823156657,0.0864498885476657,0.112643120631359,0.186482219818304,0.192732026663528,1,0.983060810865579,0.973815209525222,0.966377307691249,0.967390695953638,0.966825359970836,0.96199319968252,0.96029808292649,0.951516380674787,0.95798348553514,0.960663742516422,0.963076157024204,0.949528177627361,0.939130217684334,0.913550111452334,0.887356879368641,0.813517780181696,0.807267973336472,0,1e+05,1693.91891344213,98500.8381370089,5942824.13019426,59.4282413019426,2023,"Total","GMoH report",18.5567486980574
0,1,0.0178205,0.0068187,0.0071044,0.00702234,0.00705421,0.00827737,0.00893958,0.0103704,0.00925091,0.00893087,0.00829869,0.0109713,0.0127259,0.0197074,0.0243149,0.041159,0.0429634,0.154155,0.113730083275,0.0175434231561344,0.0269078469283,0.0349021037355528,0.0345059192574049,0.0346598061226292,0.0405477776052099,0.0437207863322988,0.0505416570006024,0.0452089892726201,0.0436791186735303,0.0406500936850912,0.053392049517813,0.0616675619339615,0.0939101860010093,0.114607806607781,0.186594855822957,0.193981714967873,1,0.982456576843866,0.9730921530717,0.965097896264447,0.965494080742595,0.965340193877371,0.95945222239479,0.956279213667701,0.949458342999398,0.95479101072738,0.95632088132647,0.959349906314909,0.946607950482187,0.938332438066038,0.906089813998991,0.885392193392219,0.813405144177043,0.806018285032127,0,1e+05,1754.34231561344,98445.1791820341,5836757.74935345,58.3675774935345,2023,"Total","GMoH report",19.6174125064655
0,1,0.0176289,0.00669582,0.00671582,0.0068314,0.00702113,0.00787795,0.00871195,0.0100473,0.00891735,0.00813245,0.00782089,0.0106618,0.0124927,0.0184206,0.0237811,0.041046,0.0425674,0.154097,0.114112411495,0.0173578190566914,0.0264293476902967,0.0330246313015314,0.0335834451323079,0.0345000761999752,0.0386289575104514,0.0426312467741645,0.0490055659432461,0.0436144370005332,0.0398520137274064,0.0383545335306389,0.0519249659939152,0.0605717386028892,0.0880482461905556,0.112232942903777,0.186130244917764,0.192365727796489,1,0.982642180943309,0.973570652309703,0.966975368698469,0.966416554867692,0.965499923800025,0.961371042489549,0.957368753225835,0.950994434056754,0.956385562999467,0.960147986272594,0.961645466469361,0.948075034006085,0.939428261397111,0.911951753809444,0.887767057096223,0.813869755082236,0.807634272203511,0,1e+05,1735.78190566914,98462.2923534162,5903114.7851542,59.031147851542,2023,"Total","GMoH report",18.953842148458
0,1,0.0171441,0.00628319,0.00623369,0.00633314,0.00599285,0.00733838,0.0081858,0.00940065,0.00823352,0.00763924,0.00785383,0.00970356,0.0123871,0.0183461,0.023093,0.0412083,0.0416132,0.151991,0.115079805655,0.0168878910969735,0.0248208517450481,0.030690167524018,0.0311721559309684,0.0295219484776641,0.036030879290088,0.0401082056259674,0.045923962260441,0.0403373049817173,0.0374803956557274,0.0385129643137101,0.0473686877409608,0.0600751090419657,0.0877077615878336,0.109162760905995,0.186797483184247,0.18845994639653,1,0.983112108903026,0.975179148254952,0.969309832475982,0.968827844069032,0.970478051522336,0.963969120709912,0.959891794374033,0.954076037739559,0.959662695018283,0.962519604344273,0.96148703568629,0.952631312259039,0.939924890958034,0.912292238412166,0.890837239094005,0.813202516815754,0.81154005360347,0,1e+05,1688.78910969735,98505.5564128389,6021595.86788756,60.2159586788756,2023,"Total","GMoH report",17.7690313211244
0,1,0.017122,0.00633294,0.00662815,0.00642584,0.00670676,0.00758374,0.0082814,0.00948785,0.00849245,0.00803982,0.00775451,0.0101535,0.0123181,0.0185807,0.0236729,0.041105,0.0423606,0.15186,0.1151239051,0.0168664588374746,0.025014923974727,0.0326005467157156,0.0316212177847747,0.0329808139899125,0.0372131626251822,0.0405671186588466,0.046340080664176,0.0415794710526474,0.0394070363034667,0.0380351893594016,0.0495107319576695,0.059750469358488,0.0887795352246293,0.111750834193077,0.186372859069836,0.191520673405362,1,0.983133541162525,0.974985076025273,0.967399453284284,0.968378782215225,0.967019186010087,0.962786837374818,0.959432881341153,0.953659919335824,0.958420528947353,0.960592963696533,0.961964810640598,0.95048926804233,0.940249530641512,0.911220464775371,0.888249165806923,0.813627140930164,0.808479326594638,0,1e+05,1686.64588374746,98507.5273769104,5970059.97308809,59.7005997308809,2023,"Total","GMoH report",18.2843902691191
0,1,0.0169197,0.00642832,0.00667518,0.00630179,0.00655501,0.00778007,0.00799912,0.0094521,0.0083224,0.00806393,0.00758615,0.00991402,0.0126921,0.017822,0.0238255,0.0409646,0.0438539,0.153201,0.115527584635,0.0166702298777471,0.0253868898958889,0.0328280668616167,0.0310202423671331,0.0322466079067627,0.0381581669746636,0.0392114571227507,0.0461695030993857,0.0407638669835405,0.0395228757415535,0.0372247683097181,0.0483712169688658,0.0615088100789911,0.0853090550521514,0.112430705561605,0.185795413055833,0.197605112853576,1,0.983329770122253,0.974613110104111,0.967171933138383,0.968979757632867,0.967753392093237,0.961841833025336,0.960788542877249,0.953830496900614,0.95923613301646,0.960477124258446,0.962775231690282,0.951628783031134,0.938491189921009,0.914690944947849,0.887569294438395,0.814204586944167,0.802394887146424,0,1e+05,1667.02298777472,98525.5641515339,5978504.80404267,59.7850480404267,2023,"Total","GMoH report",18.1999419595733
0,1,0.0176082,0.00631654,0.00671716,0.00654638,0.00644447,0.00763792,0.00861177,0.00958107,0.00898087,0.00800055,0.00788862,0.0102518,0.012336,0.0187303,0.0235635,0.041223,0.0421708,0.152105,0.11415371731,0.0173377628271294,0.0249509526194819,0.0330311118419493,0.0322048372439081,0.0317114414178153,0.0374740406878732,0.042151355551995,0.0467847305540757,0.0439182888920941,0.0392183294850951,0.0386802652155385,0.0499780866287485,0.0598346979162625,0.0894623579903341,0.111263128196835,0.186857892720914,0.190744391081455,1,0.982662237172871,0.975049047380518,0.966968888158051,0.967795162756092,0.968288558582185,0.962525959312127,0.957848644448005,0.953215269445924,0.956081711107906,0.960781670514905,0.961319734784462,0.950021913371252,0.940165302083737,0.910537642009666,0.888736871803165,0.813142107279086,0.809255608918545,0,1e+05,1733.77628271293,98464.1407249427,5950762.99794091,59.5076299794091,2023,"Total","GMoH report",18.4773600205909
0,1,0.017533,0.00646236,0.00681558,0.00676535,0.00639091,0.00807804,0.00866166,0.00988643,0.00904757,0.00800727,0.0076341,0.0108085,0.0126914,0.0187808,0.0232025,0.0413261,0.0436366,0.152224,0.11430377515,0.0172648949669182,0.0255196062349036,0.0335069763060697,0.0332641411073977,0.0314520322317249,0.0395906626095342,0.0423903725150042,0.0482398502433955,0.0442372509388089,0.039250624137163,0.0374556495641557,0.0526206249383837,0.0615055220438323,0.0896927461812958,0.109651998747644,0.187281468283883,0.196722272238134,1,0.982735105033082,0.974480393765096,0.96649302369393,0.966735858892602,0.968547967768275,0.960409337390466,0.957609627484996,0.951760149756605,0.955762749061191,0.960749375862837,0.962544350435844,0.947379375061616,0.938494477956168,0.910307253818704,0.890348001252356,0.812718531716117,0.803277727761866,0,1e+05,1726.48949669182,98470.8547705369,5920483.78967362,59.2048378967362,2023,"Total","GMoH report",18.7801521032638
0,1,0.0173498,0.00686659,0.00714029,0.00702498,0.00667199,0.00833512,0.0090145,0.010003,0.00898485,0.0086199,0.00813895,0.0104905,0.0137407,0.0188693,0.0240295,0.0412005,0.0438183,0.152116,0.11466934159,0.0170873332663936,0.0270942695197172,0.0350753299311154,0.034518667625756,0.0328126360509855,0.0408248989212586,0.0440791218893218,0.0487947649163543,0.0439373243287618,0.0421903093804291,0.0398832309437754,0.0511120232989558,0.0664217951001678,0.0900963618006858,0.113338812511865,0.186765427509715,0.19746053734152,1,0.982912666733606,0.972905730480283,0.964924670068885,0.965481332374244,0.967187363949015,0.959175101078741,0.955920878110678,0.951205235083646,0.956062675671238,0.957809690619571,0.960116769056225,0.948887976701044,0.933578204899832,0.909903638199314,0.886661187488135,0.813234572490285,0.80253946265848,0,1e+05,1708.73332663935,98487.2059988793,5860909.55755411,58.6090955755411,2023,"Total","GMoH report",19.3758944244589
0,1,0.0174362,0.00630943,0.00666601,0.00652089,0.00669655,0.00807171,0.00861319,0.00978476,0.00902313,0.00788271,0.00780567,0.0102115,0.0122507,0.0187943,0.0234988,0.0408063,0.0425225,0.152207,0.11449693471,0.0171710817846992,0.0249232174087692,0.0327837086753329,0.0320814509679933,0.0329314325385844,0.0395602527800812,0.0421581594074337,0.04775560711433,0.0441203899642546,0.0386518467527099,0.0382813215912373,0.0497865125672976,0.0594332526300137,0.0897543256916343,0.110974576551339,0.185143905611149,0.192182318413188,1,0.982828918215301,0.975076782591231,0.967216291324667,0.967918549032007,0.967068567461416,0.960439747219919,0.957841840592566,0.95224439288567,0.955879610035745,0.96134815324729,0.961718678408763,0.950213487432702,0.940566747369986,0.910245674308366,0.889025423448662,0.814856094388851,0.807817681586812,0,1e+05,1717.10817846992,98479.4954445304,5939680.6500862,59.396806500862,2023,"Total","GMoH report",18.588183499138
0,1,0.0171466,0.00664103,0.00689329,0.00664482,0.00679204,0.00787805,0.0086325,0.0100503,0.00893217,0.00802974,0.00756215,0.0102199,0.0127311,0.0183839,0.0240916,0.0406621,0.0428128,0.153055,0.11507481703,0.0168903155046793,0.0262159185962495,0.0338825444872782,0.0326811982997841,0.0333931804565301,0.0386294383823792,0.0422506775648046,0.049019839761122,0.0436853378397694,0.0393586016548696,0.0371091869056045,0.0498264467423448,0.0616919829884397,0.0878805326878018,0.113615077497409,0.184550021433656,0.193367490731975,1,0.983109684495321,0.97378408140375,0.966117455512722,0.967318801700216,0.96660681954347,0.961370561617621,0.957749322435195,0.950980160238878,0.956314662160231,0.96064139834513,0.962890813094396,0.950173553257655,0.93830801701156,0.912119467312198,0.886384922502591,0.815449978566344,0.806632509268025,0,1e+05,1689.03155046792,98505.3334461601,5919723.14804619,59.1972314804619,2023,"Total","GMoH report",18.7877585195381
0,1,0.0175351,0.00662227,0.00679812,0.00698711,0.00666115,0.00798293,0.00859266,0.0102207,0.00890202,0.00828137,0.00783885,0.0106892,0.0128049,0.0184733,0.024066,0.040944,0.0434235,0.152303,0.114299584705,0.0172669299807609,0.0261428302391839,0.0334225733393262,0.034335780315008,0.0327601985092503,0.0391336470866563,0.0420597863897017,0.0498302499118158,0.0435410908461641,0.0405669746821904,0.0384409185147516,0.0520549359466964,0.0620385077793408,0.0882890258470493,0.113501200284861,0.1857106571356,0.195855654921311,1,0.982733070019239,0.973857169760816,0.966577426660674,0.965664219684992,0.96723980149075,0.960866352913344,0.957940213610298,0.950169750088184,0.956458909153836,0.95943302531781,0.961559081485248,0.947945064053304,0.937961492220659,0.911710974152951,0.886498799715139,0.8142893428644,0.804144345078689,0,1e+05,1726.69299807609,98470.667294517,5900824.64727732,59.0082464727732,2023,"Total","GMoH report",18.9767435272268
0,1,0.0173269,0.00631381,0.00654314,0.00651029,0.0062493,0.00778462,0.00846819,0.00958376,0.00816085,0.00807945,0.00742609,0.0106181,0.0129458,0.0184752,0.0229118,0.0403168,0.0417697,0.152612,0.114715037395,0.0170651337492115,0.0249403033269031,0.032189154636824,0.0320301363097106,0.0307658376272895,0.0381800569133775,0.0414631553071489,0.0467975585750763,0.0399884016313667,0.0395974362345372,0.03645367924278,0.0517176422568805,0.0626997538175712,0.0882977055749062,0.108352616313851,0.183126330859963,0.189101697105981,1,0.982934866250789,0.975059696673097,0.967810845363176,0.967969863690289,0.96923416237271,0.961819943086623,0.958536844692851,0.953202441424924,0.960011598368633,0.960402563765463,0.96354632075722,0.948282357743119,0.937300246182429,0.911702294425094,0.891647383686149,0.816873669140037,0.810898302894019,0,1e+05,1706.51337492115,98489.249370698,5975231.39372493,59.7523139372493,2023,"Total","GMoH report",18.2326760627507
0,1,0.0174582,0.00666751,0.0067101,0.00668285,0.00671638,0.00809177,0.00856066,0.00991692,0.00888271,0.00823726,0.00818748,0.0103367,0.0126069,0.0189481,0.0241283,0.0413049,0.0428297,0.153231,0.11445303481,0.01719240446374,0.0263190746136455,0.0329969676189502,0.0328651675378,0.0330273395922731,0.0396566193922509,0.0419064331842424,0.048385023970223,0.0434486946146488,0.0403552581163219,0.0401162720620436,0.0503815525152881,0.0611085272689332,0.0904555958124646,0.113778307177333,0.187194386466137,0.193436438432201,1,0.98280759553626,0.973680925386354,0.96700303238105,0.9671348324622,0.966972660407727,0.960343380607749,0.958093566815758,0.951614976029777,0.956551305385351,0.959644741883678,0.959883727937956,0.949618447484712,0.938891472731067,0.909544404187535,0.886221692822667,0.812805613533863,0.806563561567799,0,1e+05,1719.24044637401,98477.5318402816,5909225.73138394,59.0922573138394,2023,"Total","GMoH report",18.8927326861606
0,1,0.017377,0.00605379,0.00627138,0.00613061,0.00642185,0.00744426,0.00788706,0.00939241,0.00805377,0.00754905,0.0073652,0.0100433,0.01214,0.0172706,0.023374,0.0401222,0.0427016,0.150969,0.11461506535,0.0171137000092212,0.0239254803328318,0.0308728613863965,0.0301903370445286,0.0316018934513486,0.036541243702881,0.0386727639754004,0.0458846318132767,0.0394740624501521,0.0370460929794831,0.0361601825585494,0.04898653386118,0.058912020187315,0.0827788969555967,0.110417739398263,0.182323000294009,0.192913691750832,1,0.982886299990779,0.976074519667168,0.969127138613604,0.969809662955471,0.968398106548651,0.963458756297119,0.9613272360246,0.954115368186723,0.960525937549848,0.962953907020517,0.96383981744145,0.95101346613882,0.941087979812685,0.917221103044403,0.889582260601738,0.817676999705991,0.807086308249168,0,1e+05,1711.37000092212,98484.7787835716,6037652.75174962,60.3765275174962,2023,"Total","GMoH report",17.6084624825038
0,1,0.0167508,0.00592619,0.00628316,0.00614279,0.00590314,0.00750444,0.00794216,0.00923926,0.00824219,0.00736784,0.00750192,0.0096033,0.0118463,0.0180785,0.0230431,0.0400549,0.0419221,0.152326,0.11586461614,0.0165063414953117,0.0234270931892259,0.0309299553542903,0.0302494105582916,0.0290864465842762,0.036831206059988,0.0389376768510516,0.0451533413485304,0.0403789231093435,0.0361729094766047,0.0368190657850152,0.0468907354994454,0.0575277718896588,0.0864837584329259,0.108939727417845,0.182045013019966,0.189726198350343,1,0.983493658504688,0.976572906810774,0.96907004464571,0.969750589441708,0.970913553415724,0.963168793940012,0.961062323148948,0.95484665865147,0.959621076890656,0.963827090523395,0.963180934214985,0.953109264500555,0.942472228110341,0.913516241567074,0.891060272582155,0.817954986980034,0.810273801649657,0,1e+05,1650.63414953116,98540.6159425918,6055674.9211876,60.556749211876,2023,"Total","GMoH report",17.428240788124
0,1,0.0167279,0.00596607,0.00616578,0.00615743,0.00626354,0.0074544,0.00781485,0.00922859,0.00796806,0.00732632,0.00715152,0.00992834,0.0120108,0.0181182,0.0232477,0.0411721,0.042137,0.151168,0.115910311945,0.0164841169890441,0.0235828857061502,0.030360903373002,0.0303204104871355,0.0308348615285536,0.03659010677023,0.0383254803006806,0.0451023717575549,0.0390621756026685,0.0359727306597816,0.0351295262265016,0.0484393930900215,0.0583033260293177,0.0866654453214426,0.109853875165772,0.186648702399812,0.190606079111226,1,0.983515883010956,0.97641711429385,0.969639096626998,0.969679589512864,0.969165138471446,0.96340989322977,0.961674519699319,0.954897628242445,0.960937824397331,0.964027269340218,0.964870473773498,0.951560606909978,0.941696673970682,0.913334554678557,0.890146124834228,0.813351297600188,0.809393920888774,0,1e+05,1648.41169890441,98542.6562153294,6054607.52117276,60.5460752117276,2023,"Total","GMoH report",17.4389147882724
0,1,0.017684,0.00666533,0.0070095,0.00685524,0.00714669,0.00839237,0.00872126,0.0102687,0.00950809,0.00847991,0.00782694,0.0110955,0.0130107,0.0187078,0.0246493,0.0406649,0.0429573,0.153599,0.1140024622,0.0174112016330551,0.0263105825693659,0.0344439134713072,0.0336986688434933,0.0351062168772636,0.0410995435590533,0.0426758324242786,0.0500584129376674,0.0464366406045849,0.0415193491400838,0.0383836339992645,0.0539801578951849,0.0630041788263597,0.0893596918901439,0.116092502683979,0.184561556865546,0.19395684414728,1,0.982588798366945,0.973689417430634,0.965556086528693,0.966301331156507,0.964893783122736,0.958900456440947,0.957324167575721,0.949941587062333,0.953563359395415,0.958480650859916,0.961616366000736,0.946019842104815,0.93699582117364,0.910640308109856,0.883907497316021,0.815438443134454,0.80604315585272,0,1e+05,1741.1201633055,98457.3718222974,5857343.87997015,58.5734387997015,2023,"Total","GMoH report",19.4115512002985
0,1,0.0167705,0.00647417,0.00635774,0.00627765,0.00637315,0.00739778,0.00817715,0.00945858,0.00809526,0.00792656,0.00782528,0.00975772,0.0120874,0.0179944,0.023076,0.0398442,0.0420354,0.15246,0.115825305775,0.0165254596300819,0.0255656473063572,0.0312913444198208,0.0309032505233798,0.0313659994514893,0.0363172327546802,0.0400666720319841,0.046200423984277,0.0396733841015453,0.0388626815571901,0.0383756494938225,0.0476267780873049,0.0586642542334466,0.0860987611317281,0.109086783462073,0.181174152120228,0.190190197436676,1,0.983474540369918,0.974434352693643,0.968708655580179,0.96909674947662,0.968634000548511,0.96368276724532,0.959933327968016,0.953799576015723,0.960326615898455,0.96113731844281,0.961624350506178,0.952373221912695,0.941335745766553,0.913901238868272,0.890913216537927,0.818825847879772,0.809809802563324,0,1e+05,1652.54596300819,98538.8606784645,6011627.69480307,60.1162769480307,2023,"Total","GMoH report",17.8687130519693
0,1,0.0179204,0.00678872,0.00680287,0.00686523,0.00680003,0.00834901,0.00901236,0.0100714,0.00884382,0.00838029,0.00816713,0.0104606,0.0131214,0.0187725,0.0240268,0.0421677,0.0428013,0.154641,0.11353073782,0.017640170304924,0.0267911251063362,0.0334455359176792,0.0337469485903231,0.0334318067773987,0.0408915403027425,0.0440688882849408,0.0491202263800889,0.0432625837416351,0.0410415987510073,0.0400185580842828,0.0509700565657215,0.0635232161781016,0.0896548842151765,0.113326799155148,0.190731706544825,0.193320570648731,1,0.982359829695076,0.973208874893664,0.966554464082321,0.966253051409677,0.966568193222601,0.959108459697257,0.955931111715059,0.950879773619911,0.956737416258365,0.958958401248993,0.959981441915717,0.949029943434278,0.936476783821898,0.910345115784823,0.886673200844852,0.809268293455175,0.806679429351269,0,1e+05,1764.01703049241,98436.2531245064,5872550.02775561,58.7255002775561,2023,"Total","GMoH report",19.2594897224439
0,1,0.0172485,0.00666153,0.0066497,0.00653268,0.00667185,0.00756943,0.00864517,0.00980432,0.00851252,0.00845839,0.00762169,0.00994945,0.0124206,0.0185189,0.0241747,0.0414662,0.0427442,0.153536,0.114871480675,0.016989124667698,0.0262957797486618,0.032704807110395,0.0321385232793585,0.0328119588311805,0.0371442480364634,0.0423113773741655,0.0478487879288339,0.0416756871980325,0.0414161648142422,0.0373959001053158,0.048539887051928,0.0602326847882962,0.088497317564392,0.113984638876387,0.187856737390088,0.193087566138642,1,0.983010875332302,0.973704220251338,0.967295192889605,0.967861476720641,0.96718804116882,0.962855751963537,0.957688622625835,0.952151212071166,0.958324312801968,0.958583835185758,0.962604099894684,0.951460112948072,0.939767315211704,0.911502682435608,0.886015361123613,0.812143262609912,0.806912433861358,0,1e+05,1698.91246676979,98496.2441238253,5940525.63703754,59.4052563703754,2023,"Total","GMoH report",18.5797336296246
0,1,0.0173602,0.00653715,0.00677699,0.00681213,0.0063642,0.00815509,0.0085777,0.0100547,0.00896291,0.00836934,0.0075671,0.0104482,0.0123951,0.0183439,0.0238139,0.0418418,0.0427501,0.15214,0.11464858891,0.0170974148273941,0.0258111374456938,0.0333204196235387,0.0334902993182627,0.0313226411184844,0.0399607413936698,0.0419880967561372,0.0490407743162071,0.0438323856801586,0.0409890713147074,0.0371330266844404,0.0509111746622351,0.0601127413977518,0.0876977051655349,0.112379041838883,0.189397200536482,0.193111644695281,1,0.982902585172606,0.974188862554306,0.966679580376461,0.966509700681737,0.968677358881516,0.96003925860633,0.958011903243863,0.950959225683793,0.956167614319841,0.959010928685293,0.96286697331556,0.949088825337765,0.939887258602248,0.912302294834465,0.887620958161117,0.810602799463518,0.806888355304719,0,1e+05,1709.74148273941,98486.2779656576,5920225.56188304,59.2022556188304,2023,"Total","GMoH report",18.7827343811696
0,1,0.0177136,0.00643897,0.00683692,0.00686718,0.00688657,0.00806941,0.00884566,0.0105372,0.00922777,0.00854899,0.00799476,0.0105677,0.0124334,0.0192585,0.0237536,0.0409108,0.0422373,0.151681,0.11394339688,0.0174398767355139,0.0254284144049973,0.0336101256493634,0.0337563722883718,0.0338500727610646,0.0395492031612955,0.0432713899910299,0.0513337159214804,0.0450984545843504,0.0418505012091696,0.0391905033290134,0.0514784772401726,0.060292886075667,0.0918693359824547,0.112110433988053,0.185574043548037,0.191016452027,1,0.982560123264486,0.974571585595003,0.966389874350637,0.966243627711628,0.966149927238935,0.960450796838704,0.95672861000897,0.94866628407852,0.95490154541565,0.95814949879083,0.960809496670987,0.948521522759827,0.939707113924333,0.908130664017545,0.887889566011947,0.814425956451963,0.808983547973,0,1e+05,1743.9876735514,98454.7282060899,5884554.81136236,58.8455481136236,2023,"Total","GMoH report",19.1394418863764
0,1,0.0172567,0.00628538,0.00673199,0.00670552,0.00641647,0.00761238,0.00830195,0.00955146,0.00872651,0.00796273,0.00778837,0.00975984,0.0120293,0.019052,0.0239659,0.0403885,0.0428339,0.150715,0.114855117985,0.0169970751219228,0.0248293956266326,0.0331028301953825,0.0329748167666866,0.0315758364812331,0.0373510735861359,0.0406657376973096,0.0466435158111755,0.0427009738125379,0.0390365561089367,0.0381980977044539,0.0476368792022176,0.0583905076653529,0.0909290493781201,0.113055790571836,0.183422137499049,0.193453572547179,1,0.983002924878077,0.975170604373367,0.966897169804617,0.967025183233313,0.968424163518767,0.962648926413864,0.95933426230269,0.953356484188825,0.957299026187462,0.960963443891063,0.961801902295546,0.952363120797782,0.941609492334647,0.90907095062188,0.886944209428164,0.816577862500951,0.806546427452821,0,1e+05,1699.70751219228,98495.5125946606,5967085.70483355,59.6708570483355,2023,"Total","GMoH report",18.3141329516645
0,1,0.0172113,0.00616807,0.00657427,0.00640201,0.00629548,0.00761758,0.00834619,0.00946495,0.00826482,0.00763976,0.00766023,0.00977763,0.0124373,0.0177962,0.0228571,0.0409768,0.0418443,0.153035,0.114945711415,0.0169530552139575,0.0243716281827101,0.0323398231767101,0.0315057989009454,0.0309896629910823,0.0373761112069798,0.0408780108858124,0.046230819023704,0.0404875443345817,0.0374828991166122,0.0375814437429916,0.0477216386848643,0.0603112279127033,0.0851908179155292,0.108107916362289,0.185845604576023,0.189407445111321,1,0.983046944786042,0.97562837181729,0.96766017682329,0.968494201099055,0.969010337008918,0.96262388879302,0.959121989114188,0.953769180976296,0.959512455665418,0.962517100883388,0.962418556257008,0.952278361315136,0.939688772087297,0.914809182084471,0.891892083637711,0.814154395423977,0.810592554888679,0,1e+05,1695.30552139576,98499.5625778269,6000280.05837241,60.0028005837241,2023,"Total","GMoH report",17.9821894162759
0,1,0.0173574,0.00634467,0.00652503,0.00649496,0.00611567,0.00775695,0.00825369,0.0095808,0.00857305,0.00809244,0.00750485,0.0100637,0.0120182,0.0178837,0.0227423,0.0416328,0.041883,0.152777,0.11465417617,0.0170947005803761,0.025060676554569,0.0321014920040717,0.0319559189614553,0.0301178725755645,0.0380469296721981,0.0404341232041283,0.0467834429738894,0.0419658124783316,0.0396598378543842,0.0368331812492538,0.0490835935977752,0.0583381996232205,0.0855917567495454,0.107594153695999,0.18854034392373,0.189566016343693,1,0.982905299419624,0.974939323445431,0.967898507995928,0.968044081038545,0.969882127424435,0.961953070327802,0.959565876795872,0.953216557026111,0.958034187521668,0.960340162145616,0.963166818750746,0.950916406402225,0.94166180037678,0.914408243250455,0.892405846304001,0.81145965607627,0.810433983656307,0,1e+05,1709.47005803761,98486.527823154,5986570.32204055,59.8657032204055,2023,"Total","GMoH report",18.1192867795945
0,1,0.0171579,0.00618981,0.00646854,0.0063014,0.00611693,0.00765801,0.00831251,0.00929665,0.00838006,0.00795251,0.00739511,0.00968964,0.0124139,0.0179222,0.0241759,0.0418217,0.042824,0.153096,0.115052268445,0.0169012736854117,0.0244564780946499,0.0318279982996962,0.031018352385692,0.0301239842426663,0.0375707569195071,0.0407164110646524,0.0454274424185979,0.0410404954639558,0.0389874301790667,0.0363043631034256,0.0473023433055324,0.0602011716869873,0.0857681166494625,0.113989974442207,0.189314829941581,0.19341318447058,1,0.983098726314588,0.97554352190535,0.968172001700304,0.968981647614308,0.969876015757334,0.962429243080493,0.959283588935348,0.954572557581402,0.958959504536044,0.961012569820933,0.963695636896574,0.952697656694468,0.939798828313013,0.914231883350538,0.886010025557793,0.81068517005842,0.80658681552942,0,1e+05,1690.12736854116,98504.3256191705,6000660.24228372,60.0066024228372,2023,"Total","GMoH report",17.9783875771628
0,1,0.0178391,0.00698408,0.00724467,0.00724621,0.00726539,0.0086838,0.00965189,0.0108519,0.00946573,0.00879354,0.00844786,0.0109062,0.0132913,0.0198418,0.0249067,0.0425677,0.0434172,0.154927,0.113692967905,0.0175614375202124,0.0275514765670749,0.0355789555207684,0.0355863839715046,0.0356788972419188,0.0424964238856544,0.0471223994596973,0.0528263347449531,0.0462345408002765,0.0430219127239633,0.0413656714959897,0.053083647800885,0.0643192827915807,0.0945203645754186,0.117233736253159,0.192366953123782,0.195830021929686,1,0.982438562479788,0.972448523432925,0.964421044479232,0.964413616028495,0.964321102758081,0.957503576114346,0.952877600540303,0.947173665255047,0.953765459199724,0.956978087276037,0.95863432850401,0.946916352199115,0.935680717208419,0.905479635424581,0.882766263746841,0.807633046876218,0.804169978070314,0,1e+05,1756.14375202123,98443.5174432139,5780034.07849967,57.8003407849967,2023,"Total","GMoH report",20.1846492150033
0,1,0.017098,0.00604133,0.00643669,0.00608949,0.00596604,0.00743016,0.00802415,0.00912842,0.00821562,0.00802992,0.00736789,0.00989831,0.0121254,0.017972,0.023634,0.0414185,0.0431788,0.152033,0.1151717959,0.0168431829774428,0.0238768244483114,0.0316737644920787,0.0299908771340031,0.029391818093947,0.036473293975095,0.0393317405354561,0.0446237394116987,0.0402513749963806,0.0393594665802939,0.0361731505151277,0.0482964177139447,0.0588432549898647,0.0859961911324204,0.111577446569444,0.18766091588821,0.194859501402143,1,0.983156817022557,0.976123175551689,0.968326235507921,0.970009122865997,0.970608181906053,0.963526706024905,0.960668259464544,0.955376260588301,0.95974862500362,0.960640533419706,0.963826849484872,0.951703582286055,0.941156745010135,0.91400380886758,0.888422553430556,0.81233908411179,0.805140498597857,0,1e+05,1684.31829774428,98509.6676654742,6031386.66441019,60.3138666441019,2023,"Total","GMoH report",17.6711233558981
0,1,0.0167625,0.00619137,0.00610866,0.00607399,0.0062903,0.00726746,0.00805621,0.00908898,0.00833884,0.00790307,0.00701315,0.00971249,0.0118267,0.0179721,0.0229917,0.039882,0.0420195,0.151637,0.115841269375,0.0165176960057038,0.0244625664005295,0.0300838696717278,0.029915681129934,0.0309645590849695,0.0356888812084324,0.0394857855490056,0.0444352228700954,0.0408427471655648,0.0387497451294005,0.0344615401246864,0.047411246847759,0.0574353241302713,0.0859966490586334,0.108709934497533,0.181330447710977,0.190125096291001,1,0.983482303994296,0.97553743359947,0.969916130328272,0.970084318870066,0.96903544091503,0.964311118791568,0.960514214450994,0.955564777129905,0.959157252834435,0.9612502548706,0.965538459875314,0.952588753152241,0.942564675869729,0.914003350941367,0.891290065502467,0.818669552289023,0.809874903708999,0,1e+05,1651.76960057039,98539.5734866747,6050824.26690898,60.5082426690898,2023,"Total","GMoH report",17.4767473309102
0,1,0.0171063,0.00650788,0.00677836,0.00667485,0.00642305,0.00800639,0.00843836,0.0098452,0.0088734,0.00805569,0.00731903,0.0103836,0.012265,0.0184269,0.023726,0.0414169,0.0422651,0.152714,0.115155233665,0.0168512326644293,0.0256970533212632,0.03332704325766,0.0328264705820879,0.0316077053208473,0.0392463951361154,0.0413201149862613,0.048043505206356,0.0434041441678525,0.0394832871954316,0.0359375794447905,0.0506043613828623,0.0595005639576486,0.0880770332882518,0.111987463596758,0.187654346718488,0.191130161525293,1,0.983148767335571,0.974302946678737,0.96667295674234,0.967173529417912,0.968392294679153,0.960753604863885,0.958679885013739,0.951956494793644,0.956595855832148,0.960516712804568,0.96406242055521,0.949395638617138,0.940499436042351,0.911922966711748,0.888012536403242,0.812345653281512,0.808869838474707,0,1e+05,1685.12326644294,98508.9274970586,5942262.19113974,59.4226219113974,2023,"Total","GMoH report",18.5623680886026
0,1,0.017645,0.00666883,0.00696367,0.00676736,0.00680659,0.00798206,0.00881409,0.00991951,0.00878315,0.00816591,0.00792431,0.010473,0.0125678,0.0183133,0.0236733,0.0416903,0.042266,0.152644,0.11408028475,0.0173734178055473,0.0263242165498912,0.0342225634047383,0.0332738595348457,0.0334635188677745,0.0391294656436609,0.0431202848218857,0.0483973548855969,0.0429721724097483,0.040012699737712,0.0388518644549524,0.0510289349116751,0.0609247740613785,0.0875578185058902,0.11175261693385,0.188776162845324,0.191133842529157,1,0.982626582194453,0.973675783450109,0.965777436595262,0.966726140465154,0.966536481132225,0.960870534356339,0.956879715178114,0.951602645114403,0.957027827590252,0.959987300262288,0.961148135545048,0.948971065088325,0.939075225938621,0.91244218149411,0.88824738306615,0.811223837154676,0.808866157470843,0,1e+05,1737.34178055474,98460.854664479,5904656.44487198,59.0465644487198,2023,"Total","GMoH report",18.9384255512802
0,1,0.0173251,0.006364,0.00673409,0.00640369,0.00610587,0.00750884,0.00857014,0.00936565,0.00885122,0.00768546,0.007678,0.00986555,0.0126976,0.0183576,0.022808,0.0415324,0.0414863,0.153546,0.114718629205,0.0170633887684563,0.0251360681249062,0.0331129854397009,0.0315139363030882,0.0300703360924086,0.0368524030055397,0.0419518665754673,0.0457568924016952,0.0432979996977874,0.0377028898700483,0.037666982275227,0.0481404206818553,0.0615346442528379,0.0877603275284111,0.107888214035685,0.188128436327662,0.18793924069671,1,0.982936611231544,0.974863931875094,0.966887014560299,0.968486063696912,0.969929663907591,0.96314759699446,0.958048133424533,0.954243107598305,0.956702000302213,0.962297110129952,0.962333017724773,0.951859579318145,0.938465355747162,0.912239672471589,0.892111785964315,0.811871563672337,0.81206075930329,0,1e+05,1706.33887684562,98489.4099800653,5979391.54932704,59.7939154932704,2023,"Total","GMoH report",18.1910745067296
0,1,0.0175377,0.00660599,0.00696988,0.00679819,0.00647414,0.00785925,0.00881996,0.00986994,0.0091822,0.00816306,0.00769842,0.0100779,0.0126501,0.0193292,0.0238868,0.0413242,0.0429109,0.153049,0.114294396535,0.0172694495105583,0.0260793994954541,0.0342525594277395,0.0334229117391107,0.0318551138333179,0.0385390303149922,0.0431483824811293,0.0481613264929846,0.0448807401690494,0.0399990141195041,0.0377652677682685,0.0491511490865516,0.0613115082245224,0.0921910518036903,0.11270367466031,0.187273664122656,0.193767640399006,1,0.982730550489442,0.973920600504546,0.965747440572261,0.966577088260889,0.968144886166682,0.961460969685008,0.956851617518871,0.951838673507015,0.955119259830951,0.960000985880496,0.962234732231732,0.950848850913448,0.938688491775478,0.90780894819631,0.88729632533969,0.812726335877344,0.806232359600994,0,1e+05,1726.94495105583,98470.4351799743,5909086.67541537,59.0908667541537,2023,"Total","GMoH report",18.8941232458463
0,1,0.0175556,0.00649811,0.00683473,0.00656213,0.0066374,0.00790885,0.00832948,0.00993816,0.0085145,0.00804189,0.00785537,0.0100416,0.0124288,0.0185065,0.0241147,0.0418299,0.0438271,0.152585,0.11425867798,0.01728679516932,0.0256589703760198,0.0335995405308686,0.0322810685786204,0.0326453002109496,0.038777535716619,0.0407978380595983,0.0484861423976729,0.0416851788614602,0.0394169824083503,0.038520370591173,0.0489784451138616,0.0602712516681667,0.0884406813275301,0.113717822089166,0.189348434770938,0.19749627726653,1,0.98271320483068,0.97434102962398,0.966400459469131,0.96771893142138,0.96735469978905,0.961222464283381,0.959202161940402,0.951513857602327,0.95831482113854,0.96058301759165,0.961479629408827,0.951021554886138,0.939728748331833,0.91155931867247,0.886282177910834,0.810651565229062,0.80250372273347,0,1e+05,1728.679516932,98468.8371193238,5935277.98101569,59.3527798101569,2023,"Total","GMoH report",18.6322101898431
0,1,0.0167348,0.00611397,0.00635892,0.00627055,0.00615313,0.00698409,0.00798182,0.00927659,0.00851973,0.00745206,0.00727726,0.00960145,0.0118875,0.0175197,0.0234107,0.0402851,0.041373,0.150917,0.11589654334,0.0164908135564505,0.0241604474976259,0.0312970612285317,0.0308688385116765,0.0302995572138026,0.034321194226536,0.0391283121390066,0.0453316423497371,0.0417102498329762,0.0365788308936271,0.0357361469186863,0.0468819141143177,0.0577220721677643,0.0839227466392604,0.110581522857122,0.18299551813132,0.187474086543581,1,0.98350918644355,0.975839552502374,0.968702938771468,0.969131161488323,0.969700442786197,0.965678805773464,0.960871687860993,0.954668357650263,0.958289750167024,0.963421169106373,0.964263853081314,0.953118085885682,0.942277927832236,0.91607725336074,0.889418477142878,0.81700448186868,0.812525913456419,0,1e+05,1649.08135564506,98542.0414731606,6050859.40152324,60.5085940152324,2023,"Total","GMoH report",17.4763959847676
0,1,0.016965,0.0060981,0.00647306,0.00616213,0.00637291,0.00744291,0.00789527,0.00962969,0.0084513,0.00793474,0.00759677,0.0101529,0.0126865,0.0184537,0.0232671,0.0401242,0.0419208,0.154115,0.11543719075,0.0167141768982603,0.024098489996307,0.031849884467128,0.0303432030947839,0.0313648367948543,0.0365347380814652,0.0387122410122579,0.0470165626910491,0.0413821672253216,0.0389020067278408,0.0372759087369608,0.0495078786472069,0.0614825054853987,0.0881994830013452,0.109940508014915,0.182331260130663,0.189720873061417,1,0.98328582310174,0.975901510003693,0.968150115532872,0.969656796905216,0.968635163205146,0.963465261918535,0.961287758987742,0.952983437308951,0.958617832774678,0.961097993272159,0.962724091263039,0.950492121352793,0.938517494514601,0.911800516998655,0.890059491985085,0.817668739869337,0.810279126938583,0,1e+05,1671.41768982603,98521.5260728573,6004353.1469668,60.043531469668,2023,"Total","GMoH report",17.941458530332
0,1,0.0171977,0.00606409,0.00656184,0.00619456,0.00622263,0.00735727,0.0083587,0.00957094,0.00834275,0.00788742,0.00738233,0.00989766,0.0121147,0.0180185,0.0236496,0.0414398,0.042309,0.151004,0.114972849535,0.0169398679022361,0.0239656996804496,0.0322796650074193,0.0305004577116936,0.0306365502089335,0.0361219526044055,0.0409380282579996,0.0467364212900456,0.0408615066632137,0.0386744950359097,0.0362427599645768,0.0482933227772025,0.058792855484165,0.0862091031856246,0.111646983733727,0.187748363423506,0.191309695258292,1,0.983060132097764,0.97603430031955,0.967720334992581,0.969499542288306,0.969363449791067,0.963878047395595,0.959061971742,0.953263578709954,0.959138493336786,0.96132550496409,0.963757240035423,0.951706677222798,0.941207144515835,0.913790896814375,0.888353016266273,0.812251636576494,0.808690304741708,0,1e+05,1693.98679022361,98500.775698123,6009747.8203447,60.097478203447,2023,"Total","GMoH report",17.887511796553
0,1,0.0176069,0.00660724,0.00687788,0.00660074,0.00670478,0.00820056,0.00865555,0.0100789,0.00880847,0.00834304,0.00810562,0.0108452,0.0126417,0.0185196,0.0240781,0.0420792,0.042514,0.153755,0.114156311395,0.0173365032310526,0.0260842699366081,0.0338080802033278,0.0324679192664529,0.0329712377612085,0.040179072757764,0.0423611033791172,0.0491559063389996,0.0430933830700719,0.0408628980182936,0.039723148139935,0.0527945805378765,0.0612720430339445,0.0885005146712364,0.113555026774549,0.19036950845007,0.192147593070502,1,0.982663496768947,0.973915730063392,0.966191919796672,0.967532080733547,0.967028762238792,0.959820927242236,0.957638896620883,0.950844093661,0.956906616929928,0.959137101981706,0.960276851860065,0.947205419462123,0.938727956966055,0.911499485328764,0.886444973225451,0.80963049154993,0.807852406929498,0,1e+05,1733.65032310525,98464.2568030292,5897849.56625939,58.9784956625939,2023,"Total","GMoH report",19.0064943374061
0,1,0.0173986,0.00701232,0.00704609,0.00687841,0.0068806,0.00816709,0.00900426,0.0104723,0.00884164,0.0084246,0.00841287,0.0103331,0.0132294,0.0185169,0.0235611,0.0420131,0.0430886,0.152895,0.11457196363,0.0171346373437131,0.0276613396692215,0.0346206003354559,0.0338106413658075,0.0338212242117221,0.0400183660079013,0.0440301526443759,0.051025611228821,0.0432521501479155,0.0412541262206047,0.0411978692052481,0.0503644478108152,0.0640293260837685,0.0884881829144773,0.111252426155282,0.190098890734234,0.19449202710248,1,0.982865362656287,0.972338660330779,0.965379399664544,0.966189358634192,0.966178775788278,0.959981633992099,0.955969847355624,0.948974388771179,0.956747849852084,0.958745873779395,0.958802130794752,0.949635552189185,0.935970673916232,0.911511817085523,0.888747573844718,0.809901109265766,0.80550797289752,0,1e+05,1713.46373437131,98482.8511702844,5862559.70751782,58.6255970751782,2023,"Total","GMoH report",19.3593929248218
0,1,0.0174829,0.00693696,0.00709277,0.00692834,0.00671089,0.00806643,0.00880781,0.00984647,0.00906985,0.00869455,0.00778133,0.0106451,0.0125202,0.0187826,0.0234539,0.0421553,0.0435518,0.151857,0.114403747195,0.0172163429647721,0.0273681366614105,0.0348459639801513,0.0340518922815747,0.0330007883486965,0.0395348865134532,0.0430902237410777,0.0480495537755882,0.0443437716077095,0.0425479126159133,0.038164228852753,0.0518457422236379,0.0607010274890781,0.0897009570120631,0.11077427790841,0.190680966619647,0.196377514418835,1,0.982783657035228,0.97263186333859,0.965154036019849,0.965948107718425,0.966999211651303,0.960465113486547,0.956909776258922,0.951950446224412,0.95565622839229,0.957452087384087,0.961835771147247,0.948154257776362,0.939298972510922,0.910299042987937,0.88922572209159,0.809319033380353,0.803622485581165,0,1e+05,1721.63429647722,98475.3271183392,5881150.61690314,58.8115061690314,2023,"Total","GMoH report",19.1734838309686
0,1,0.017334,0.00590892,0.0063866,0.00604882,0.00614138,0.00721268,0.00793451,0.00890616,0.00824227,0.00778274,0.00708426,0.00935524,0.0121928,0.0179105,0.0229809,0.0412357,0.0412411,0.153281,0.1147008697,0.0170720166712394,0.0233596197513181,0.0314311544721209,0.0297935602915925,0.0302425721801605,0.0354246336337071,0.0389009010294324,0.0435608991559335,0.0403793071207447,0.0381710123385801,0.0348048829006555,0.0457071955399911,0.059160664621022,0.0857145249999701,0.108661644060051,0.186910080032055,0.18693226900214,1,0.982927983328761,0.976640380248682,0.968568845527879,0.970206439708407,0.96975742781984,0.964575366366293,0.961099098970568,0.956439100844066,0.959620692879255,0.96182898766142,0.965195117099344,0.954292804460009,0.940839335378978,0.91428547500003,0.891338355939949,0.813089919967945,0.81306773099786,0,1e+05,1707.20166712394,98488.6158488485,6054826.21957582,60.5482621957582,2023,"Total","GMoH report",17.4367278042418
0,1,0.0173995,0.00648265,0.00675603,0.0065186,0.00635361,0.00791823,0.00844525,0.00964236,0.00828203,0.00790447,0.00776063,0.00996587,0.012386,0.018289,0.0236841,0.0411474,0.0432452,0.152435,0.114570167725,0.0171355097141819,0.0255987051086548,0.0332190772930889,0.0320703652920186,0.0312713353278687,0.0388226336440026,0.041353155655501,0.0470769673331635,0.0405701421637391,0.0387564764857811,0.0380646361077086,0.0486180471559742,0.060069934478862,0.0874467174608942,0.111800749662307,0.186547172215001,0.195129919060601,1,0.982864490285818,0.974401294891345,0.966780922706911,0.967929634707981,0.968728664672131,0.961177366355997,0.958646844344499,0.952923032666837,0.959429857836261,0.961243523514219,0.961935363892291,0.951381952844026,0.939930065521138,0.912553282539106,0.888199250337693,0.813452827784999,0.804870080939399,0,1e+05,1713.55097141818,98482.7708507825,5960038.67960106,59.6003867960106,2023,"Total","GMoH report",18.3846032039894
0,1,0.0169015,0.00561077,0.00625722,0.00590776,0.00602182,0.00712833,0.00768715,0.00904618,0.0081486,0.00768458,0.0071103,0.00952212,0.0119626,0.017246,0.0223629,0.0405475,0.0421172,0.151721,0.115563901825,0.016652572406626,0.0221940288178592,0.0308042279223985,0.0291088793178036,0.029662543751959,0.0350176073475408,0.0377110242498445,0.0442306049649455,0.0399295746696179,0.0376986541899622,0.0349305826946653,0.0465035685984435,0.058076145747211,0.0826658613863284,0.105894244025695,0.184077766869634,0.19052504629994,1,0.983347427593374,0.977805971182141,0.969195772077601,0.970891120682196,0.970337456248041,0.964982392652459,0.962288975750155,0.955769395035055,0.960070425330382,0.962301345810038,0.965069417305335,0.953496431401556,0.941923854252789,0.917334138613672,0.894105755974306,0.815922233130366,0.80947495370006,0,1e+05,1665.2572406626,98527.1863836107,6088656.45846937,60.8865645846937,2023,"Total","GMoH report",17.0984254153063
0,1,0.0175048,0.00648991,0.00688035,0.00655025,0.00672548,0.00779427,0.00844455,0.0103177,0.0083619,0.00902783,0.00733406,0.0106791,0.0124897,0.0183765,0.023432,0.0401767,0.0424315,0.153891,0.11436004684,0.0172375668585255,0.0256270060740203,0.033820016130049,0.0322235689192172,0.0330713482715664,0.038226481210734,0.0413497988894698,0.0502912742979404,0.0409533798329374,0.0441428643131691,0.0360100503257695,0.0520070293326346,0.0605576333178744,0.087846712231686,0.110676566721457,0.182548053997406,0.191810483656792,1,0.982762433141474,0.97437299392598,0.966179983869951,0.967776431080783,0.966928651728434,0.961773518789266,0.95865020111053,0.94970872570206,0.959046620167063,0.955857135686831,0.963989949674231,0.947992970667365,0.939442366682126,0.912153287768314,0.889323433278543,0.817451946002594,0.808189516343208,0,1e+05,1723.75668585255,98473.3722094823,5925071.02554489,59.2507102554489,2023,"Total","GMoH report",18.7342797445511
0,1,0.0175324,0.0064993,0.00694857,0.00666089,0.00652425,0.00763617,0.00855953,0.00991429,0.00892507,0.00847236,0.00768442,0.0101535,0.0131752,0.0186212,0.0239015,0.0414397,0.042654,0.15416,0.11430497242,0.0172643135329136,0.0256636090118979,0.0341496223957735,0.0327589407479042,0.0320977161879027,0.0374656154776452,0.0419010174600504,0.0483725024565501,0.0436513711423954,0.0414831495575368,0.0376978840643457,0.0495107319576695,0.0637753669629736,0.0889644384947537,0.112769122071991,0.187747952891414,0.192719369981972,1,0.982735686467086,0.974336390988102,0.965850377604227,0.967241059252096,0.967902283812097,0.962534384522355,0.95809898253995,0.95162749754345,0.956348628857605,0.958516850442463,0.962302115935654,0.95048926804233,0.936224633037026,0.911035561505246,0.887230877928009,0.812252047108586,0.807280630018028,0,1e+05,1726.43135329135,98470.9083349316,5920407.22860327,59.2040722860327,2023,"Total","GMoH report",18.7809177139673
0,1,0.0173182,0.00667028,0.00695227,0.00687292,0.00690347,0.008145,0.00879461,0.010124,0.00895803,0.00890827,0.00810744,0.0105915,0.0127162,0.0191124,0.0239786,0.0412923,0.0430637,0.154108,0.11473239781,0.0170566996208263,0.026329864858069,0.0341674958589124,0.0337841112650112,0.0339317332437593,0.0399122860748018,0.0430270350188815,0.0493704343076728,0.0438090431920361,0.0435709945411473,0.0397318902100878,0.0515914235925488,0.0616220056300189,0.0912041733911953,0.113112312744087,0.187142626327267,0.194390558287668,1,0.982943300379174,0.973670135141931,0.965832504141088,0.966215888734989,0.966068266756241,0.960087713925198,0.956972964981119,0.950629565692327,0.956190956807964,0.956429005458853,0.960268109789912,0.948408576407451,0.938377994369981,0.908795826608805,0.886887687255913,0.812857373672733,0.805609441712332,0,1e+05,1705.66996208264,98490.0256425396,5874810.38629934,58.7481038629934,2023,"Total","GMoH report",19.2368861370066
0,1,0.0172965,0.00621243,0.00641992,0.00616678,0.00646352,0.0074015,0.00825022,0.00930047,0.00832606,0.00788526,0.007548,0.00985731,0.0121404,0.0180765,0.0227269,0.0414898,0.042399,0.152104,0.114775699075,0.0170356621703919,0.0245447548571654,0.0315925459559167,0.0303657527087764,0.031803690525536,0.0363351632235031,0.0404174675031406,0.0454456844381342,0.0407814284496072,0.0386641086270193,0.0370410356571496,0.0481011794080237,0.0589139040967593,0.0864746045281186,0.107525213086747,0.187953606176179,0.191677648457614,1,0.982964337829608,0.975455245142835,0.968407454044083,0.969634247291224,0.968196309474464,0.963664836776497,0.959582532496859,0.954554315561866,0.959218571550393,0.961335891372981,0.96295896434285,0.951898820591976,0.941086095903241,0.913525395471881,0.892474786913253,0.812046393823821,0.808322351542386,0,1e+05,1703.5662170392,98491.961786442,6010268.03834259,60.1026803834259,2023,"Total","GMoH report",17.8823096165741
0,1,0.0176156,0.00654054,0.00701977,0.00683801,0.00701478,0.00821921,0.00890469,0.00997789,0.00873374,0.00812633,0.0076512,0.0106725,0.0127554,0.0184699,0.0241113,0.0410935,0.0428449,0.152689,0.11413895098,0.0173449327768054,0.0258243496167158,0.0344935087551153,0.0336153939991988,0.034469411651341,0.040268609603159,0.043553865816506,0.0486752590487258,0.0427355960386339,0.0398226206086728,0.0375379736402101,0.0519757227474447,0.061806096298195,0.0882734935057456,0.113702700211006,0.186325574963131,0.193498446069945,1,0.982655067223195,0.974175650383284,0.965506491244885,0.966384606000801,0.965530588348659,0.959731390396841,0.956446134183494,0.951324740951274,0.957264403961366,0.960177379391327,0.96246202635979,0.948024277252555,0.938193903701805,0.911726506494254,0.886297299788994,0.813674425036869,0.806501553930055,0,1e+05,1734.49327768054,98463.4799655158,5892302.42575237,58.9230242575237,2023,"Total","GMoH report",19.0619657424763
0,1,0.0168752,0.00575694,0.00581801,0.00591002,0.00597554,0.00709281,0.0078499,0.00892214,0.00794729,0.00763971,0.00704483,0.00939397,0.0114729,0.0174444,0.0223577,0.0402628,0.0405683,0.152824,0.11561638216,0.0166270553251565,0.022765639162559,0.0286730004910329,0.0291198527200684,0.0294379311620597,0.0348461570716515,0.0384940636248777,0.0436373535558627,0.0389623375117898,0.0374826583994969,0.0346145165386329,0.0458920779903036,0.0557650333715781,0.083577118294077,0.105870924100591,0.182903484010005,0.18416349973432,1,0.983372944674844,0.977234360837441,0.971326999508967,0.970880147279932,0.97056206883794,0.965153842928348,0.961505936375122,0.956362646444137,0.96103766248821,0.962517341600503,0.965385483461367,0.954107922009696,0.944234966628422,0.916422881705923,0.894129075899409,0.817096515989995,0.81583650026568,0,1e+05,1662.70553251564,98529.5304657512,6106951.50530593,61.0695150530593,2023,"Total","GMoH report",16.9154749469407
0,1,0.017395,0.00650245,0.00673675,0.00663197,0.00629572,0.00792931,0.0086336,0.00999073,0.00878135,0.00832306,0.00791836,0.0103885,0.0128401,0.0193026,0.0245238,0.0409872,0.0411886,0.152998,0.11457914725,0.0171311478470629,0.0256758876487172,0.0331258485986329,0.0326190289464943,0.0309908260909074,0.0388759022978761,0.0422559476264311,0.0487363702101265,0.0429635549664876,0.0407670338285572,0.038823258654011,0.0506276369830051,0.0622037442583702,0.0920700229380882,0.11553557185722,0.18588838859722,0.186716519873814,1,0.982868852152937,0.974324112351283,0.966874151401367,0.967380971053506,0.969009173909093,0.961124097702124,0.957744052373569,0.951263629789874,0.957036445033512,0.959232966171443,0.961176741345989,0.949372363016995,0.93779625574163,0.907929977061912,0.88446442814278,0.81411161140278,0.813283480126186,0,1e+05,1713.1147847063,98483.1724464667,5924896.18415606,59.2489618415606,2023,"Total","GMoH report",18.7360281584394
0,1,0.0172309,0.0064838,0.00670092,0.00676044,0.00655825,0.00756414,0.00873154,0.00978777,0.00874034,0.00854075,0.0078015,0.0101998,0.0122716,0.0185414,0.0230031,0.0411579,0.0422819,0.152014,0.114906600595,0.0169720598642285,0.0256031880980201,0.032952568683641,0.0332404006643321,0.032262289598108,0.0371187710479141,0.0427250610510752,0.0477699468678628,0.0427672003208687,0.0418110066131714,0.038261261912965,0.0497308872408031,0.0595316291493278,0.088600076360427,0.108760905061925,0.186590334209135,0.191198871127215,1,0.983027940135771,0.97439681190198,0.967047431316359,0.966759599335668,0.967737710401892,0.962881228952086,0.957274938948925,0.952230053132137,0.957232799679131,0.958188993386829,0.961738738087035,0.950269112759197,0.940468370850672,0.911399923639573,0.891239094938075,0.813409665790865,0.808801128872785,0,1e+05,1697.20598642285,98497.8141839865,5940076.94459871,59.4007694459871,2023,"Total","GMoH report",18.5842205540129
0,1,0.0171938,0.00651884,0.0067091,0.00657956,0.00648441,0.00811005,0.00857328,0.010124,0.00890838,0.0084409,0.00781059,0.0101131,0.0122885,0.0189486,0.0236815,0.0409986,0.0424707,0.151698,0.11498063179,0.0169360861844659,0.0257397730753707,0.032992131230897,0.0323654243710628,0.0319048398436732,0.0397444267790024,0.0419669147233515,0.0493704343076728,0.0435715208379931,0.0413322955658946,0.0383049885977704,0.0493185904083532,0.0596111703333952,0.0904578747846395,0.111789162377871,0.185935284148294,0.191970677380446,1,0.983063913815534,0.974260226924629,0.967007868769103,0.967634575628937,0.968095160156327,0.960255573220998,0.958033085276649,0.950629565692327,0.956428479162007,0.958667704434105,0.96169501140223,0.950681409591647,0.940388829666605,0.909542125215361,0.888210837622129,0.814064715851706,0.808029322619554,0,1e+05,1693.60861844658,98501.1235705074,5927658.49705387,59.2765849705387,2023,"Total","GMoH report",18.7084050294613
0,1,0.0177745,0.00634285,0.00668314,0.00645744,0.00649328,0.00769271,0.00873004,0.00942416,0.00845068,0.00841791,0.00756847,0.0101308,0.0127091,0.0190036,0.0240092,0.0411369,0.0420321,0.151199,0.113821873975,0.0174988687888607,0.0250535778277505,0.0328665702738501,0.0317742492301285,0.031947785213079,0.0377377854021476,0.0427178780399894,0.0460361694336748,0.0413791941783522,0.041222041413414,0.0371396246623297,0.0494027758949096,0.0615886589367668,0.0907085285186094,0.113248486117754,0.186504008166172,0.190176686263283,1,0.982501131211139,0.97494642217225,0.96713342972615,0.968225750769871,0.968052214786921,0.962262214597852,0.957282121960011,0.953963830566325,0.958620805821648,0.958777958586586,0.96286037533767,0.95059722410509,0.938411341063233,0.909291471481391,0.886751513882246,0.813495991833828,0.809823313736717,0,1e+05,1749.88687888607,98449.288524913,5953069.53834211,59.5306953834211,2023,"Total","GMoH report",18.4542946165789
0,1,0.0170953,0.00662364,0.0068526,0.00692559,0.00681587,0.0081756,0.00853089,0.0100467,0.00903787,0.00820974,0.00779759,0.0103442,0.0119487,0.018855,0.0240559,0.0405701,0.0430488,0.152893,0.115177183615,0.0168405643775088,0.0261481678983634,0.0336859098356505,0.0340386064194193,0.0335083781269398,0.0400592294100872,0.0417637452090832,0.0490027111546075,0.0441908716178284,0.0402231460719188,0.0382424525853623,0.0504171863523354,0.0580106212254099,0.0900311563667618,0.113456268383484,0.18417091854395,0.194329834546443,1,0.983159435622491,0.973851832101637,0.966314090164349,0.965961393580581,0.96649162187306,0.959940770589913,0.958236254790917,0.950997288845392,0.955809128382172,0.959776853928081,0.961757547414638,0.949582813647665,0.94198937877459,0.909968843633238,0.886543731616516,0.81582908145605,0.805670165453557,0,1e+05,1684.05643775089,98509.908439798,5906586.03259973,59.0658603259973,2023,"Total","GMoH report",18.9191296740027
0,1,0.0174585,0.00624092,0.00678858,0.00675858,0.00675693,0.00794137,0.00833345,0.00992161,0.00843369,0.0077071,0.00815767,0.0104531,0.0126863,0.0182442,0.0233688,0.0404033,0.0427673,0.152773,0.114452436175,0.0171926952214425,0.0246559286436189,0.03337645319345,0.0332314071899848,0.0332234290390578,0.0389338791503299,0.0408168862972162,0.0484073528106996,0.0412977195882152,0.0378070433406728,0.0399731309716659,0.050934442936355,0.0614815660224243,0.0872418553562727,0.11039453072593,0.183483184617372,0.19318183614734,1,0.982807304778557,0.975344071356381,0.96662354680655,0.966768592810015,0.966776570960942,0.96106612084967,0.959183113702784,0.9515926471893,0.958702280411785,0.962192956659327,0.960026869028334,0.949065557063645,0.938518433977576,0.912758144643727,0.88960546927407,0.816516815382628,0.80681816385266,0,1e+05,1719.26952214426,98477.5050631066,5940973.7256752,59.409737256752,2023,"Total","GMoH report",18.575252743248
0,1,0.0168991,0.00584616,0.00614266,0.00613643,0.0060808,0.00743549,0.00793272,0.00909225,0.00808057,0.00795654,0.0074083,0.00936082,0.0119869,0.018084,0.0226509,0.0406649,0.0413185,0.150929,0.115568690905,0.0166502439038833,0.023114379280847,0.0302487800715148,0.0302185647320532,0.0299487195651703,0.0364989804889113,0.0388922957687729,0.0444508542999776,0.0396028166692671,0.0390068020480809,0.0363679385029711,0.0457338345179199,0.0581906851892621,0.0865089312195635,0.107184913128069,0.184561556865546,0.187250251235785,1,0.983349756096117,0.976885620719153,0.969751219928485,0.969781435267947,0.97005128043483,0.963501019511089,0.961107704231227,0.955549145700022,0.960397183330733,0.960993197951919,0.963632061497029,0.95426616548208,0.941809314810738,0.913491068780437,0.892815086871931,0.815438443134454,0.812749748764215,0,1e+05,1665.02439038834,98527.4002987337,6060569.17482996,60.6056917482996,2023,"Total","GMoH report",17.3792982517004
0,1,0.017085,0.00640322,0.00696286,0.00662738,0.00671892,0.00790158,0.00851809,0.0100938,0.00884392,0.00801729,0.00777213,0.0103683,0.0128281,0.0183387,0.0244284,0.0407864,0.0419701,0.153833,0.11519773675,0.0168305747816971,0.0252890177120122,0.034218650812509,0.0325968211978249,0.0330396235316518,0.038742580992209,0.0417023882589875,0.0492267866522244,0.0432630623441826,0.0392987757945258,0.0381199666588298,0.0505316809314949,0.0621474168061719,0.0876739350196384,0.115111995333017,0.185061971058998,0.189922802470122,1,0.983169425218303,0.974710982287988,0.965781349187491,0.967403178802175,0.966960376468348,0.961257419007791,0.958297611741012,0.950773213347776,0.956736937655817,0.960701224205474,0.96188003334117,0.949468319068505,0.937852583193828,0.912326064980362,0.884888004666983,0.814938028941002,0.810077197529878,0,1e+05,1683.05747816971,98510.8269341356,5922771.8656267,59.227718656267,2023,"Total","GMoH report",18.757271343733
0,1,0.0168118,0.0058782,0.00621569,0.00603827,0.00606953,0.00694717,0.00786187,0.00922348,0.00791468,0.00767937,0.00723457,0.00950458,0.012119,0.0177947,0.0226527,0.0406163,0.0420172,0.151901,0.11574289369,0.0165655374880151,0.0232395861296257,0.0306029045800767,0.0297423688658707,0.0298940430226321,0.0341428593790196,0.0385516302369721,0.0450779608247308,0.0388055659090278,0.0376735766639357,0.0355302350682065,0.0464198959630683,0.0588131098056629,0.085183943214215,0.107192974278882,0.18436131391417,0.190115678756392,1,0.983434462511985,0.976760413870374,0.969397095419923,0.970257631134129,0.970105956977368,0.96585714062098,0.961448369763028,0.954922039175269,0.961194434090972,0.962326423336064,0.964469764931793,0.953580104036932,0.941186890194337,0.914816056785785,0.892807025721118,0.81563868608583,0.809884321243608,0,1e+05,1656.55374880151,98535.1805756378,6074374.26663779,60.7437426663779,2023,"Total","GMoH report",17.2412473336221
0,1,0.0172953,0.00701993,0.00713624,0.00697365,0.00701884,0.0083166,0.00876034,0.0103187,0.00903948,0.00908301,0.00824893,0.010822,0.0130662,0.0189021,0.0242388,0.0407546,0.0433504,0.153135,0.114778093615,0.0170344987840232,0.0276909430364996,0.0350557837838263,0.0342707691271904,0.0344890177565245,0.0407360366930955,0.0428629646408455,0.0502960259915037,0.0441985697810881,0.0444066841103961,0.0404112755421061,0.0526846176689661,0.0632644355795754,0.0902459070985798,0.114269604760338,0.184931025110118,0.195558186030733,1,0.982965501215977,0.9723090569635,0.964944216216174,0.96572923087281,0.965510982243476,0.959263963306904,0.957137035359155,0.949703974008496,0.955801430218912,0.955593315889604,0.959588724457894,0.947315382331034,0.936735564420425,0.90975409290142,0.885730395239662,0.815068974889882,0.804441813969267,0,1e+05,1703.44987840232,98492.0688512094,5845879.2996666,58.458792996666,2023,"Total","GMoH report",19.526197003334
0,1,0.0173514,0.00633612,0.00652179,0.00649123,0.00641475,0.00750849,0.00826413,0.0092734,0.0083988,0.00785305,0.00801891,0.00983938,0.0122628,0.0182234,0.0229711,0.0411527,0.0424823,0.153035,0.11466614887,0.0170888842886177,0.0250273276968667,0.0320858077496904,0.0319378600123796,0.0315675058545488,0.0368507169016282,0.0404842325971669,0.045316407076541,0.0411303852998589,0.0385092130609297,0.0393065605709304,0.0480157860867348,0.0594902086727204,0.087146725888604,0.108617822825247,0.186568959002178,0.192018076203274,1,0.982911115711382,0.974972672303133,0.96791419225031,0.96806213998762,0.968432494145451,0.963149283098372,0.959515767402833,0.954683592923459,0.958869614700141,0.96149078693907,0.96069343942907,0.951984213913265,0.94050979132728,0.912853274111396,0.891382177174753,0.813431040997822,0.807981923796726,0,1e+05,1708.88842886177,98487.0632261243,5987546.15703283,59.8754615703283,2023,"Total","GMoH report",18.1095284296717
0,1,0.0168969,0.00622511,0.00654319,0.00631751,0.00608228,0.00805217,0.00820378,0.00956507,0.00863044,0.00778709,0.00793538,0.0100128,0.0123555,0.0185169,0.0231218,0.0411045,0.0421259,0.152598,0.115573080895,0.0166481094338224,0.024594236346751,0.0321893966542645,0.03109642013705,0.02995589957779,0.039466375096106,0.0401945322505343,0.0467084265755378,0.0422408081003461,0.0381919398183989,0.0389050834472852,0.0488414020245222,0.0599264469614204,0.0884881829144773,0.109291461702044,0.186370803290377,0.190560652520017,1,0.983351890566178,0.975405763653249,0.967810603345736,0.96890357986295,0.97004410042221,0.960533624903894,0.959805467749466,0.953291573424462,0.957759191899654,0.961808060181601,0.961094916552715,0.951158597975478,0.94007355303858,0.911511817085523,0.890708538297956,0.813629196709623,0.809439347479983,0,1e+05,1664.81094338224,98527.5963864522,5985116.92026408,59.8511692026408,2023,"Total","GMoH report",18.1338207973592
0,1,0.0181082,0.00688017,0.0070756,0.0072183,0.00689779,0.00832289,0.00928182,0.0106768,0.00878153,0.00874612,0.00807225,0.0108494,0.0132187,0.0186022,0.0244716,0.0416207,0.0434831,0.153766,0.11315599231,0.0178219939497425,0.027147126311925,0.0347630759495288,0.0354517466430168,0.0339042883472038,0.0407662181270318,0.0453566200423952,0.0519961195762702,0.0429644167142287,0.0427948771721674,0.03956284702035,0.0528144862813479,0.0639791955204351,0.0888776982060773,0.115303827158283,0.188490711599343,0.196098115125469,1,0.982178006050258,0.972852873688075,0.965236924050471,0.964548253356983,0.966095711652796,0.959233781872968,0.954643379957605,0.94800388042373,0.957035583285771,0.957205122827833,0.96043715297965,0.947185513718652,0.936020804479565,0.911122301793923,0.884696172841717,0.811509288400657,0.803901884874531,0,1e+05,1782.19939497425,98419.4671460583,5833691.68709504,58.3369168709504,2023,"Total","GMoH report",19.6480731290496
0,1,0.0172997,0.00615067,0.00658259,0.00646679,0.00640484,0.00759609,0.00841934,0.00936741,0.0084413,0.00761637,0.00736746,0.0102671,0.0120922,0.0179406,0.0227395,0.0400325,0.0428278,0.15222,0.114769313635,0.017038764521205,0.0243037117781549,0.0323800878930896,0.0318195245422141,0.0315195065098142,0.0372726342885183,0.0412288996892263,0.0457652943110444,0.0413342137536043,0.0373702852022356,0.0361710775818962,0.0500508083636246,0.0586868666769233,0.0858523914642416,0.107581619413374,0.181952469419872,0.193428687178176,1,0.982961235478795,0.975696288221845,0.96761991210691,0.968180475457786,0.968480493490186,0.962727365711482,0.958771100310774,0.954234705688956,0.958665786246396,0.962629714797764,0.963828922418104,0.949949191636375,0.941313133323077,0.914147608535758,0.892418380586626,0.818047530580128,0.806571312821824,0,1e+05,1703.8764521205,98491.6762788082,5997446.24794964,59.9744624794964,2023,"Total","GMoH report",18.0105275205036
0,1,0.0174538,0.00621794,0.00665325,0.00666044,0.00652679,0.0081558,0.00846579,0.0100365,0.00892078,0.0081596,0.00772067,0.0102606,0.0124139,0.0191943,0.0238116,0.0406278,0.0421337,0.151864,0.11446181479,0.017188139998573,0.0245662569761949,0.0327219811965108,0.0327567638494662,0.0321100117411696,0.0399641509443208,0.0414516476398183,0.0489541784694777,0.0436308470310558,0.0399823990419434,0.0378723502048596,0.0500199141716265,0.0602011716869873,0.0915771039825685,0.112368797833754,0.184408700495066,0.190592574146689,1,0.982811860001427,0.975433743023805,0.967278018803489,0.967243236150534,0.96788998825883,0.960035849055679,0.958548352360182,0.951045821530522,0.956369152968944,0.960017600958057,0.96212764979514,0.949980085828373,0.939798828313013,0.908422896017432,0.887631202166246,0.815591299504934,0.809407425853311,0,1e+05,1718.81399985729,98477.9245698528,5935260.80535944,59.3526080535944,2023,"Total","GMoH report",18.6323819464056
0,1,0.0176088,0.00650237,0.00676746,0.00666365,0.00652069,0.00795767,0.00845532,0.00986326,0.00894402,0.00827031,0.00769335,0.0103796,0.0124643,0.0182976,0.0245404,0.0413469,0.0429568,0.152022,0.11415252004,0.0173383441781243,0.0256755758122119,0.0332743430361907,0.0327722922862665,0.0320804827916631,0.0390122337937659,0.0414014438592696,0.048129515194897,0.0437420261090992,0.0405138938464568,0.0377408657757111,0.0505853604808816,0.0604382003484908,0.0874860386480821,0.11560925650421,0.187366898917835,0.193954805525054,1,0.982661655821876,0.974324424187788,0.966725656963809,0.967227707713733,0.967919517208337,0.960987766206234,0.95859855614073,0.951870484805103,0.956257973890901,0.959486106153543,0.962259134224289,0.949414639519118,0.939561799651509,0.912513961351918,0.88439074349579,0.812633101082165,0.806045194474946,0,1e+05,1733.83441781242,98464.087150313,5927711.97899525,59.2771197899525,2023,"Total","GMoH report",18.7078702100475
0,1,0.0171899,0.00614056,0.00642841,0.00624045,0.00656177,0.00762465,0.00847867,0.00956385,0.00853333,0.00787766,0.00767457,0.00992444,0.012272,0.0186503,0.0233145,0.0414182,0.042302,0.152339,0.114988414045,0.0169323044389716,0.0242642478603177,0.0316336645856032,0.0307229376099795,0.0322793262140707,0.0374101517167816,0.0415134038700234,0.0467026081525506,0.0417754409413792,0.038627562980527,0.0376504720419525,0.0484208260429654,0.0595335118562502,0.0890972728312867,0.110152144563912,0.187659684172515,0.191281070399863,1,0.983067695561028,0.975735752139682,0.968366335414397,0.96927706239002,0.967720673785929,0.962589848283218,0.958486596129977,0.95329739184745,0.958224559058621,0.961372437019473,0.962349527958048,0.951579173957035,0.94046648814375,0.910902727168713,0.889847855436088,0.812340315827485,0.808718929600137,0,1e+05,1693.23044389716,98501.4714394593,5985383.35437616,59.8538335437616,2023,"Total","GMoH report",18.1311564562384
0,1,0.0172009,0.00629212,0.00634682,0.00661532,0.00636656,0.0075808,0.00798244,0.00975574,0.00872203,0.00768182,0.00776158,0.00989202,0.0124503,0.0177364,0.02365,0.0422029,0.0424638,0.152539,0.114966464095,0.0169429708294434,0.0248556900312808,0.031238438140109,0.0325384690375168,0.0313340743391878,0.0371990044673351,0.0391312920232547,0.0476173439327537,0.0426795198683076,0.0376853694383527,0.0380692070106262,0.048266467837066,0.0603723648643243,0.0849167082399331,0.111648766670601,0.190875726957015,0.19194248207424,1,0.983057029170557,0.975144309968719,0.968761561859891,0.967461530962483,0.968665925660812,0.962800995532665,0.960868707976745,0.952382656067246,0.957320480131692,0.962314630561647,0.961930792989374,0.951733532162934,0.939627635135676,0.915083291760067,0.888351233329399,0.809124273042986,0.80805751792576,0,1e+05,1694.29708294434,98500.4902618082,5984723.18698912,59.8472318698912,2023,"Total","GMoH report",18.1377581301088
0,1,0.016841,0.00630026,0.00688036,0.0062969,0.00679398,0.00791866,0.00846427,0.00983484,0.00874024,0.00823738,0.00797075,0.0100967,0.0124544,0.018732,0.0229857,0.0411907,0.0417984,0.152872,0.11568462655,0.0165938715333625,0.0248874452483986,0.0338200644533445,0.0309965446450613,0.0334025592020806,0.0388247009832794,0.0414443593805647,0.0479941627217442,0.0427667214757226,0.0403558341472797,0.0390751052618356,0.049240581550644,0.0603916457188964,0.0894701145362666,0.108683106781151,0.186725150824802,0.18921933624024,1,0.983406128466638,0.975112554751601,0.966179935546655,0.969003455354939,0.966597440797919,0.961175299016721,0.958555640619435,0.952005837278256,0.957233278524277,0.95964416585272,0.960924894738164,0.950759418449356,0.939608354281104,0.910529885463733,0.891316893218849,0.813274849175198,0.81078066375976,0,1e+05,1659.38715333624,98532.5784297993,5944841.65236411,59.4484165236411,2023,"Total","GMoH report",18.5365734763589
0,1,0.0170994,0.00617926,0.006241,0.00603996,0.0059623,0.00758927,0.00791162,0.00891701,0.00824351,0.00762394,0.00712285,0.00995523,0.0121414,0.0181909,0.0240209,0.0406751,0.0425548,0.152522,0.11516900227,0.0168445407647716,0.0244153029896958,0.0307256037672219,0.0297505693774573,0.0293736635150604,0.0372397928924871,0.0387908537638619,0.0436128103352805,0.0403852592782185,0.0374067332747924,0.0349911580742766,0.048567400884238,0.0589186138543713,0.0869980671506721,0.113300547213593,0.184603577556345,0.192314262550084,1,0.983155459235228,0.975584697010304,0.969274396232778,0.970249430622543,0.97062633648494,0.962760207107513,0.961209146236138,0.95638718966472,0.959614740721781,0.962593266725208,0.965008841925723,0.951432599115762,0.941081386145629,0.913001932849328,0.886699452786407,0.815396422443655,0.807685737449916,0,1e+05,1684.45407647717,98509.5428188803,6042698.80571262,60.4269880571262,2023,"Total","GMoH report",17.5580019428738
0,1,0.0178512,0.00695008,0.00708925,0.00707913,0.00694214,0.00871766,0.00898864,0.0103284,0.00951452,0.00858309,0.00809465,0.0108518,0.0127819,0.0192322,0.0247533,0.0417164,0.0430398,0.153274,0.11366882296,0.017573156202684,0.027419188887395,0.0348289717795299,0.0347801175658403,0.0341185604420324,0.0426585922418914,0.0439554506941807,0.0503421162171568,0.0464673145167111,0.0420139267143924,0.0396704539008291,0.0528258608091774,0.0619305255390316,0.0917496318269446,0.116553773684631,0.188883183870918,0.194293153797921,1,0.982426843797316,0.972580811112605,0.96517102822047,0.96521988243416,0.965881439557968,0.957341407758109,0.956044549305819,0.949657883782843,0.953532685483289,0.957986073285608,0.960329546099171,0.947174139190823,0.938069474460968,0.908250368173055,0.883446226315369,0.811116816129082,0.805706846202079,0,1e+05,1757.31562026839,98442.4363778567,5830049.87178238,58.3004987178238,2023,"Total","GMoH report",19.6844912821762
0,1,0.0173147,0.00634991,0.00663867,0.00661952,0.00678431,0.00801235,0.00855087,0.0103923,0.00884551,0.0085166,0.00781958,0.0106104,0.0129467,0.0185653,0.0235508,0.040898,0.042514,0.153165,0.114739381885,0.0170533065417381,0.0250811143622006,0.0326514445859269,0.032558791078205,0.0333558096181242,0.0392750366502387,0.0418595118889356,0.0506456870657661,0.0432706720932315,0.0416952456766751,0.0383482323237153,0.0516811069568623,0.0627039760821433,0.0887092169369988,0.111206495183104,0.185521367753993,0.192147593070502,1,0.982946693458262,0.974918885637799,0.967348555414073,0.967441208921795,0.966644190381876,0.960724963349761,0.958140488111064,0.949354312934234,0.956729327906768,0.958304754323325,0.961651767676285,0.948318893043138,0.937296023917857,0.911290783063001,0.888793504816896,0.814478632246007,0.807852406929498,0,1e+05,1705.33065417381,98490.3379309956,5915584.5041267,59.155845041267,2023,"Total","GMoH report",18.829144958733
0,1,0.0171189,0.00643695,0.00694811,0.00670825,0.00681832,0.00783877,0.00834733,0.00989466,0.00890111,0.00835424,0.00784145,0.010103,0.0123607,0.0183648,0.0233651,0.0407092,0.0425802,0.152624,0.115130090995,0.0168634524312516,0.0254205385290311,0.0341474002668301,0.0329880202823523,0.0335202210165953,0.0384405337432731,0.040883480247073,0.0482790383265788,0.0435367367919349,0.0409166315990744,0.0384534235056295,0.0492705491059563,0.0599509119079486,0.0877932369071203,0.110378016515769,0.184744044372117,0.192418006951057,1,0.983136547568748,0.974579461470969,0.96585259973317,0.967011979717648,0.966479778983405,0.961559466256727,0.959116519752927,0.951720961673421,0.956463263208065,0.959083368400926,0.961546576494371,0.950729450894044,0.940049088092051,0.91220676309288,0.889621983484231,0.815255955627883,0.807581993048943,0,1e+05,1686.34524312516,98507.8038381648,5929890.76715026,59.2989076715026,2023,"Total","GMoH report",18.6860823284974
0,1,0.0168847,0.0063614,0.00696316,0.00673647,0.00680749,0.00769032,0.0083038,0.0097686,0.00865821,0.00800054,0.00755573,0.0102413,0.0121249,0.0184543,0.0236092,0.0408646,0.0422754,0.152598,0.115597425385,0.0166362726671818,0.025125927845211,0.0342200999225581,0.0331244945898262,0.0334678695320974,0.0377262820466279,0.0406746153231981,0.0476786166631606,0.0423738458600893,0.0392182814267844,0.0370782665722796,0.0499281764171477,0.0588408999310646,0.0882022242333273,0.111466889765378,0.185383902449868,0.19117228767415,1,0.983363727332818,0.974874072154789,0.965779900077442,0.966875505410174,0.966532130467903,0.962273717953372,0.959325384676802,0.952321383336839,0.957626154139911,0.960781718573216,0.96292173342772,0.950071823582852,0.941159100068935,0.911797775766673,0.888533110234622,0.814616097550132,0.80882771232585,0,1e+05,1663.62726671818,98528.6837621147,5946996.22812164,59.4699622812164,2023,"Total","GMoH report",18.5150277187836
0,1,0.0176641,0.00641934,0.0067795,0.0065613,0.00643554,0.00805689,0.00847913,0.00976541,0.00845847,0.00813126,0.00789084,0.0101243,0.0129714,0.0184109,0.0242395,0.040816,0.043322,0.151629,0.114042171655,0.0173919225398488,0.025351875384538,0.033332554860803,0.0322770514557091,0.031668195158327,0.0394890526171486,0.0415156093776443,0.0476634179541899,0.041416548419231,0.0398462984678018,0.0386909399583477,0.0493718611650175,0.0628198466043896,0.088003921503957,0.114272716236937,0.185183840876919,0.195442590261706,1,0.982608077460151,0.974648124615462,0.966667445139197,0.967722948544291,0.968331804841673,0.960510947382851,0.958484390622356,0.95233658204581,0.958583451580769,0.960153701532198,0.961309060041652,0.950628138834982,0.93718015339561,0.911996078496043,0.885727283763063,0.814816159123081,0.804557409738294,0,1e+05,1739.19225398489,98459.1490075851,5939129.93256127,59.3912993256126,2023,"Total","GMoH report",18.5936906743873
0,1,0.0166839,0.00586922,0.00615515,0.00595265,0.00599323,0.00713778,0.00740653,0.00876631,0.00781225,0.00756336,0.00705533,0.00960071,0.0117263,0.0183345,0.022725,0.0410945,0.0414441,0.151509,0.115998111745,0.0164414122027273,0.0232044954227498,0.0303093534576627,0.0293268192731344,0.0295237927982198,0.0350632161918258,0.036359407395851,0.042891548474237,0.0383129736784513,0.0371150144605737,0.0346652136946591,0.0468783855379548,0.0569616271780549,0.0876547356242433,0.10751670707907,0.18632968672246,0.187766016127523,1,0.983558587797273,0.97679550457725,0.969690646542337,0.970673180726866,0.97047620720178,0.964936783808174,0.963640592604149,0.957108451525763,0.961687026321549,0.962884985539426,0.965334786305341,0.953121614462045,0.943038372821945,0.912345264375757,0.89248329292093,0.81367031327754,0.812233983872477,0,1e+05,1644.14122027274,98546.576056721,6095960.16648883,60.9596016648883,2023,"Total","GMoH report",17.0253883351117
0,1,0.0169701,0.00627885,0.00675159,0.00650547,0.0062752,0.00752272,0.00829553,0.00926178,0.00866735,0.00813253,0.00780307,0.010208,0.0123191,0.0177843,0.0244197,0.0414451,0.0421721,0.153656,0.115427013955,0.0167191243420082,0.024803919816125,0.0331976083977938,0.0320068017780917,0.0308913760918707,0.0369192667343799,0.0406349293121088,0.0452609085558881,0.0424176289101637,0.0398523979453439,0.0382688144059337,0.0497698728449957,0.0597551750573767,0.0851362772607779,0.115073357810677,0.187770121358239,0.190749710350336,1,0.983280875657992,0.975196080183875,0.966802391602206,0.967993198221908,0.969108623908129,0.96308073326562,0.959365070687891,0.954739091444112,0.957582371089836,0.960147602054656,0.961731185594066,0.950230127155004,0.940244824942623,0.914863722739222,0.884926642189323,0.812229878641761,0.809250289649664,0,1e+05,1671.91243420081,98521.0714256732,5974680.76631183,59.7468076631183,2023,"Total","GMoH report",18.2381823368816
0,1,0.0165786,0.00590906,0.0063417,0.00616758,0.00607453,0.00726891,0.00814497,0.00907864,0.00815929,0.00767501,0.00744103,0.00949931,0.0120046,0.017981,0.0231681,0.0404105,0.0424855,0.152579,0.11620823263,0.0163391975836501,0.0233601667461737,0.0312136312861811,0.0303696321602034,0.029918300958201,0.0356958747477189,0.039912142001897,0.0443857934014839,0.0399809103940768,0.037652589988285,0.0365256783294505,0.0463947546089882,0.0582741066483238,0.0860374036140399,0.109498329387305,0.18351288173193,0.192031151303263,1,0.98366080241635,0.976639833253826,0.968786368713819,0.969630367839797,0.970081699041799,0.964304125252281,0.960087857998103,0.955614206598516,0.960019089605923,0.962347410011715,0.96347432167055,0.953605245391012,0.941725893351676,0.91396259638596,0.890501670612695,0.81648711826807,0.807968848696737,0,1e+05,1633.91975836501,98555.9551690138,6050556.10920479,60.5055610920479,2023,"Total","GMoH report",17.4794289079521
0,1,0.0178822,0.00644927,0.00685913,0.0064223,0.00631076,0.00773954,0.00875284,0.00981133,0.00882103,0.00856031,0.00747398,0.00987188,0.0125162,0.0182575,0.0237295,0.041742,0.0421943,0.151733,0.11360696401,0.0176031780529235,0.0254685725976069,0.0337174687464922,0.0316040729064325,0.0310637109388882,0.0379631565778487,0.0428270541190613,0.0478821803194167,0.0431535041140129,0.0419047557507483,0.0366844528330373,0.0481705649092102,0.0606822229042156,0.0873026783739682,0.112003058555045,0.188988142399862,0.19084054226841,1,0.982396821947077,0.974531427402393,0.966282531253508,0.968395927093567,0.968936289061112,0.962036843422151,0.957172945880939,0.952117819680583,0.956846495885987,0.958095244249252,0.963315547166963,0.95182943509079,0.939317777095784,0.912697321626032,0.887996941444955,0.811011857600138,0.80915945773159,0,1e+05,1760.31780529235,98439.6665562597,5942975.3636011,59.429753636011,2023,"Total","GMoH report",18.555236363989
0,1,0.0170191,0.00622342,0.00653807,0.00631412,0.00630381,0.00751353,0.00789025,0.00924298,0.00859057,0.00761672,0.00738066,0.0100152,0.0121609,0.0177996,0.0235958,0.04093,0.0425301,0.152181,0.115329236905,0.0167666561912987,0.0245876415595312,0.0321646137592969,0.0310799929867069,0.031030031443712,0.0368749965185205,0.0386881029884877,0.0451711108153889,0.0420497712416613,0.037371970413775,0.0362347098166123,0.048852823017293,0.0590104495598685,0.085206400389086,0.111407148040656,0.185653051504774,0.192213365825285,1,0.983233343808701,0.975412358440469,0.967835386240703,0.968920007013293,0.968969968556288,0.96312500348148,0.961311897011512,0.954828889184611,0.957950228758339,0.962628029586225,0.963765290183388,0.951147176982707,0.940989550440132,0.914793599610914,0.888592851959344,0.814346948495226,0.807786634174715,0,1e+05,1676.66561912987,98516.7029472692,6012551.13558334,60.1255113558334,2023,"Total","GMoH report",17.8594786441666
0,1,0.0176639,0.00652245,0.00668046,0.00674905,0.00668909,0.00789665,0.00853237,0.00988662,0.00896878,0.00808952,0.00739756,0.0102592,0.0127821,0.0180863,0.0240235,0.0416265,0.0421908,0.152773,0.114042570745,0.0173917287764482,0.0257538436845198,0.0328536069817566,0.0331853264316168,0.0328953501063921,0.0387188764604956,0.0417708393584577,0.0482407549678006,0.0438604628940136,0.0396458110465567,0.0363161723403547,0.0500132599098326,0.0619314645668986,0.0865194578248558,0.113312115955837,0.188514502639674,0.190826222526565,1,0.982608271223552,0.97424615631548,0.967146393018243,0.966814673568383,0.967104649893608,0.961281123539504,0.958229160641542,0.9517592450322,0.956139537105986,0.960354188953443,0.963683827659645,0.949986740090167,0.938068535433101,0.913480542175144,0.886687884044163,0.811485497360326,0.809173777473435,0,1e+05,1739.17287764483,98459.1668682918,5928950.94017912,59.2895094017912,2023,"Total","GMoH report",18.6954805982088
0,1,0.0173878,0.00647821,0.00676187,0.00656105,0.00668781,0.00767844,0.00826753,0.00995237,0.00854537,0.00846083,0.00757075,0.00998979,0.0124068,0.0181418,0.0238334,0.0405566,0.0423063,0.152732,0.11459351449,0.0171241687828434,0.0255813966804218,0.0332473149462117,0.0322758414757144,0.0328891588857802,0.037669100185921,0.0405005511949481,0.0485537868704113,0.0418331506241277,0.0414278646988011,0.0371506051403345,0.0487318964699096,0.0601677760890461,0.0867734342751669,0.112465888719483,0.184115275994049,0.191298654348808,1,0.982875831217157,0.974418603319578,0.966752685053788,0.967724158524286,0.96711084111422,0.962330899814079,0.959499448805052,0.951446213129589,0.958166849375872,0.958572135301199,0.962849394859665,0.95126810353009,0.939832223910954,0.913226565724833,0.887534111280517,0.815884724005951,0.808701345651192,0,1e+05,1712.41687828433,98483.8149900703,5948983.33324432,59.4898333324432,2023,"Total","GMoH report",18.4951566675568
0,1,0.0172634,0.00679105,0.00696493,0.006995,0.00680564,0.00818985,0.00876943,0.0105115,0.00904532,0.00843655,0.00833325,0.0109314,0.0129755,0.0192528,0.0246153,0.0418909,0.042894,0.154259,0.11484174847,0.0170035711337621,0.0268001970437323,0.0342286496283599,0.0343738866570842,0.0334589264789938,0.0401276513857461,0.0429064864268348,0.0512117200127159,0.0442264930448294,0.041311435031953,0.0408159266971279,0.0532030407021707,0.062839078831553,0.0918433937710136,0.115941653539098,0.189598382768235,0.193698717977665,1,0.982996428866238,0.973199802956268,0.96577135037164,0.965626113342916,0.966541073521006,0.959872348614254,0.957093513573165,0.948788279987284,0.955773506955171,0.958688564968047,0.959184073302872,0.946796959297829,0.937160921168447,0.908156606228986,0.884058346460902,0.810401617231765,0.806301282022335,0,1e+05,1700.3571133762,98494.9148705473,5858469.8258496,58.584698258496,2023,"Total","GMoH report",19.400291741504
0,1,0.0168134,0.00601229,0.00664432,0.0060694,0.00603336,0.00725802,0.00807781,0.0090619,0.00800026,0.0076564,0.00739488,0.00960466,0.012394,0.0181109,0.0236878,0.0415299,0.0410988,0.151587,0.11573970097,0.0165670900786381,0.0237634149162662,0.0326787793322676,0.0298934123083394,0.0297185433236323,0.0356433496386394,0.03958955768754,0.0443057639931756,0.0392169357931292,0.0375630064927228,0.0363032544738903,0.0468972203587723,0.0601075670354079,0.0866320394900013,0.111817239014199,0.188118177274065,0.186347367075131,1,0.983432909921362,0.976236585083734,0.967321220667732,0.970106587691661,0.970281456676368,0.964356650361361,0.96041044231246,0.955694236006824,0.960783064206871,0.962436993507277,0.96369674552611,0.953102779641228,0.939892432964592,0.913367960509999,0.888182760985801,0.811881822725935,0.813652632924869,0,1e+05,1656.70900786381,98535.0379973006,6041080.0388229,60.410800388229,2023,"Total","GMoH report",17.574189611771
0,1,0.0171017,0.00652706,0.00666451,0.00639103,0.00657703,0.0077039,0.00828663,0.00953597,0.00867822,0.00804403,0.0078668,0.0104326,0.012218,0.0188246,0.0236775,0.0409071,0.0425524,0.154144,0.115164412735,0.0168467714076301,0.0257718116777414,0.0327764525111867,0.0314526135087184,0.0323531804047071,0.0377916424149977,0.0405922182658786,0.0465696334317105,0.0424696965744835,0.0394272647488557,0.0385753388115924,0.0508370923752158,0.0592793133730211,0.0898925230275394,0.11177133550873,0.185558817265587,0.192304459313745,1,0.98315322859237,0.974228188322259,0.967223547488813,0.968547386491282,0.967646819595293,0.962208357585002,0.959407781734121,0.95343036656829,0.957530303425516,0.960572735251144,0.961424661188408,0.949162907624784,0.940720686626979,0.91010747697246,0.88822866449127,0.814441182734413,0.807695540686255,0,1e+05,1684.67714076301,98509.337712801,5955834.79574398,59.5583479574398,2023,"Total","GMoH report",18.4266420425602
0,1,0.017578,0.00646263,0.00691256,0.00676284,0.00686707,0.00792569,0.00912276,0.00994101,0.00903738,0.00837434,0.00815561,0.0102856,0.0128536,0.0191162,0.0237503,0.041649,0.0426422,0.152962,0.1142139799,0.0173085006447732,0.0255206588490053,0.0339756531476934,0.0332520050258278,0.0337558406975526,0.0388584989584745,0.0445966878009916,0.0484997097509225,0.0441885286865469,0.0410130567949005,0.0399632385305203,0.0501387326291734,0.0622671087281302,0.0912214798664428,0.112095731849629,0.188606789554601,0.192671191314339,1,0.982691499355227,0.974479341150995,0.966024346852307,0.966747994974172,0.966244159302447,0.961141501041526,0.955403312199008,0.951500290249078,0.955811471313453,0.9589869432051,0.96003676146948,0.949861267370827,0.93773289127187,0.908778520133557,0.887904268150371,0.811393210445399,0.807328808685661,0,1e+05,1730.85006447733,98466.8372099968,5891848.40706533,58.9184840706533,2023,"Total","GMoH report",19.0665059293466
0,1,0.0171459,0.00576049,0.00630461,0.00630085,0.00598909,0.00724199,0.00779822,0.00951905,0.00810514,0.00771741,0.00769184,0.0093525,0.011964,0.0178028,0.0233325,0.0409016,0.0426454,0.152228,0.115076213845,0.0168896366716698,0.0227795176329412,0.0310339082788157,0.031015687021083,0.029503699225021,0.0355660279530605,0.0382454832686616,0.0464889240195297,0.0397208425260216,0.0378566615538934,0.0377335980038256,0.0456941144856817,0.0580827450942315,0.0852210660148759,0.110232500457678,0.185536183130204,0.192684256969574,1,0.98311036332833,0.977220482367059,0.968966091721184,0.968984312978917,0.970496300774979,0.96443397204694,0.961754516731338,0.95351107598047,0.960279157473978,0.962143338446107,0.962266401996174,0.954305885514318,0.941917254905768,0.914778933985124,0.889767499542322,0.814463816869796,0.807315743030426,0,1e+05,1688.96366716697,98505.3958769724,6048509.75566505,60.4850975566505,2023,"Total","GMoH report",17.4998924433495
0,1,0.0168738,0.00608713,0.0064344,0.00612081,0.00598653,0.00736973,0.00797269,0.00920735,0.00856745,0.00751971,0.00715707,0.00980213,0.0120886,0.0180978,0.0231753,0.0398377,0.0420773,0.152953,0.11561917579,0.0166256969661239,0.0240556601389962,0.0316626742224575,0.0301428040587233,0.0294912740085244,0.0361820206916208,0.0390844298916185,0.045000902354271,0.0419389748253318,0.03690476713384,0.0351563095785123,0.0478383555497869,0.0586699073937013,0.0865720891140781,0.109530494809125,0.18114727318736,0.190361730855667,1,0.983374303033876,0.975944339861004,0.968337325777543,0.969857195941277,0.970508725991476,0.963817979308379,0.960915570108382,0.954999097645729,0.958061025174668,0.96309523286616,0.964843690421488,0.952161644450213,0.941330092606299,0.913427910885922,0.890469505190875,0.81885272681264,0.809638269144333,0,1e+05,1662.56969661239,98529.6552414034,6041253.30083127,60.4125330083127,2023,"Total","GMoH report",17.5724569916873
0,1,0.0173675,0.0061359,0.00631029,0.00621547,0.00610872,0.00759754,0.00810399,0.00916644,0.0080296,0.00747989,0.00723395,0.00958787,0.0124932,0.0182079,0.0225655,0.0399106,0.0422018,0.151919,0.114634022125,0.0171044911898836,0.0242460572348257,0.0310614333690638,0.0306018379851462,0.0300841607144018,0.037279616555095,0.0397153186372914,0.0448054341895684,0.0393579289345675,0.0367129283361689,0.0355272442290236,0.0468171579397603,0.0605740894637778,0.0870758299879079,0.106802377382915,0.181448685255595,0.190871226666196,1,0.982895508810116,0.975753942765174,0.968938566630936,0.969398162014854,0.969915839285598,0.962720383444905,0.960284681362709,0.955194565810432,0.960642071065433,0.963287071663831,0.964472755770976,0.95318284206024,0.939425910536222,0.912924170012092,0.893197622617085,0.818551314744405,0.809128773333804,0,1e+05,1710.44911898836,98485.6265431614,6038323.83802261,60.3832383802261,2023,"Total","GMoH report",17.6017516197739
0,1,0.0173565,0.00626848,0.00664175,0.00650816,0.0065443,0.00785698,0.00853136,0.00989019,0.0089429,0.00818554,0.00769475,0.0102491,0.0129416,0.0183367,0.0238068,0.0407539,0.0426224,0.152224,0.114655972075,0.017093828140798,0.0247634614740384,0.0326663457453643,0.0320198246450945,0.0321947694261117,0.0385281134578106,0.0417659980864137,0.0482577541072647,0.0437366683710611,0.0401069572430224,0.0377476040591644,0.0499652528183487,0.0626800496728835,0.0876647924984827,0.112347418682286,0.184928142439579,0.192590343371687,1,0.982906171859202,0.975236538525962,0.967333654254636,0.967980175354906,0.967805230573888,0.961471886542189,0.958234001913586,0.951742245892735,0.956263331628939,0.959893042756978,0.962252395940836,0.950034747181651,0.937319950327116,0.912335207501517,0.887652581317714,0.815071857560421,0.807409656628313,0,1e+05,1709.3828140798,98486.6081341168,5944225.03882706,59.4422503882706,2023,"Total","GMoH report",18.5427396117294
0,1,0.0172679,0.00634548,0.00674164,0.00650284,0.00651161,0.00813153,0.00830966,0.00959823,0.0086191,0.00845279,0.00763439,0.0101596,0.0123516,0.0185839,0.0236604,0.040825,0.0439004,0.151698,0.114832768945,0.0170079340808438,0.0250638358616334,0.033149495094724,0.031994069217327,0.0320365265828447,0.039847595210299,0.0407027352720482,0.0468665599458279,0.0421864763541401,0.0413893120916128,0.0374570457610311,0.0495397401401796,0.059908097846595,0.0887941461675903,0.111695121847593,0.185220892644473,0.197793919536905,1,0.982992065919156,0.974936164138367,0.966850504905276,0.968005930782673,0.967963473417155,0.960152404789701,0.959297264727952,0.953133440054172,0.95781352364586,0.958610687908387,0.962542954238969,0.95046025985982,0.940091902153405,0.91120585383241,0.888304878152407,0.814779107355527,0.802206080463095,0,1e+05,1700.79340808438,98494.5134083694,5948592.59968611,59.4859259968611,2023,"Total","GMoH report",18.4990640031389
0,1,0.0180187,0.00646471,0.00718823,0.00714897,0.00663877,0.00830516,0.00868184,0.0099011,0.00940974,0.00865904,0.00835853,0.0102107,0.0128184,0.019004,0.0237548,0.0418684,0.0427652,0.152947,0.113334585085,0.0177353501477329,0.0255287678385331,0.0353066688592644,0.035117220117246,0.0326519283933502,0.0406811415265974,0.0424870358810169,0.0483097020232441,0.0459673480166837,0.0423778218634292,0.0409372126988507,0.0497827092272337,0.0621018830556002,0.0907103512138309,0.112115780163434,0.189506196867665,0.193173266553017,1,0.982264649852267,0.974471232161467,0.964693331140736,0.964882779882754,0.96734807160665,0.959318858473403,0.957512964118983,0.951690297976756,0.954032651983316,0.957622178136571,0.959062787301149,0.950217290772766,0.9378981169444,0.909289648786169,0.887884219836566,0.810493803132335,0.806826733446983,0,1e+05,1773.53501477328,98427.4678402598,5869389.67915423,58.6938967915423,2023,"Total","GMoH report",19.2910932084577
0,1,0.0173082,0.0063463,0.00652144,0.00656063,0.00687622,0.00804357,0.00845591,0.0100335,0.00892095,0.0082818,0.00766736,0.00994128,0.0124124,0.0183871,0.0230163,0.0413622,0.0440349,0.153295,0.11475235231,0.017047005049881,0.025067034162193,0.0320841134479894,0.0322738087059733,0.0338000584059693,0.0394250545352301,0.0414042729850573,0.048939903690796,0.0436316603490234,0.0405690383455741,0.0376157659519271,0.0485009950693426,0.0601941163747744,0.0878951573793743,0.108819920178017,0.187429734580805,0.198339815181194,1,0.982952994950119,0.974932965837807,0.967915886552011,0.967726191294027,0.966199941594031,0.96057494546477,0.958595727014943,0.951060096309204,0.956368339650977,0.959430961654426,0.962384234048073,0.951499004930657,0.939805883625226,0.912104842620626,0.891180079821983,0.812570265419195,0.801660184818806,0,1e+05,1704.7005049881,98490.9178879433,5936028.22804349,59.3602822804349,2023,"Total","GMoH report",18.6247077195651
0,1,0.0175525,0.00656797,0.00697243,0.0068295,0.00691428,0.00819613,0.00881216,0.0105263,0.0093694,0.00847334,0.00781173,0.0105471,0.0131287,0.019472,0.0244626,0.0415971,0.0431553,0.153067,0.114264863875,0.0172837912144179,0.0259312486733024,0.0342648763701266,0.0335742614535082,0.0339839634037911,0.0401578035538945,0.0431110464033164,0.0512819763313581,0.0457747941101607,0.0414878483868739,0.0383104723348688,0.0513807063793655,0.0635574337972646,0.0928405233245604,0.115263865414762,0.188393900231682,0.194763776942304,1,0.982716208785582,0.974068751326698,0.965735123629873,0.966425738546492,0.966016036596209,0.959842196446105,0.956888953596684,0.948718023668642,0.954225205889839,0.958512151613126,0.961689527665131,0.948619293620634,0.936442566202735,0.90715947667544,0.884736134585238,0.811606099768318,0.805236223057696,0,1e+05,1728.37912144179,98469.1138835942,5865834.03691774,58.6583403691774,2023,"Total","GMoH report",19.3266496308226
0,1,0.0178452,0.00662979,0.00673807,0.00648102,0.00652527,0.00804184,0.00860864,0.00996477,0.00824989,0.00775236,0.00761588,0.0105792,0.0124834,0.018277,0.0234864,0.0417776,0.0428942,0.154967,0.11368079566,0.0175673453191893,0.0261721285674891,0.0331322317578977,0.0318884261803909,0.0321026537907471,0.0394167421654603,0.0421363581543454,0.0486128112910775,0.0404158835168333,0.0380248442951992,0.0373679259012186,0.0515330537932754,0.0605280115514952,0.0873918479859041,0.110919264467525,0.189134080134439,0.193699533658377,1,0.982432654680811,0.973827871432511,0.966867768242102,0.968111573819609,0.967897346209253,0.96058325783454,0.957863641845655,0.951387188708922,0.959584116483167,0.961975155704801,0.962632074098781,0.948466946206725,0.939471988448505,0.912608152014096,0.889080735532475,0.810865919865561,0.806300466341623,0,1e+05,1756.73453191893,98442.972447433,5935900.46699927,59.3590046699927,2023,"Total","GMoH report",18.6259853300073
0,1,0.0166492,0.00617171,0.00643942,0.00622602,0.00598332,0.00725679,0.0078812,0.00945891,0.0081099,0.00775058,0.00730999,0.00935751,0.0117929,0.0179889,0.0232542,0.0409715,0.0419547,0.151366,0.11606735386,0.0164077311709655,0.0243858353917093,0.0316869854799025,0.0306529847595681,0.0294756937304715,0.0356374168740072,0.0386445857274128,0.046201998632781,0.039743706290879,0.038016279461822,0.0358939882618641,0.0457180326311834,0.0572758782387943,0.0860735775519398,0.109882902520518,0.185823800404334,0.1898597299678,1,0.983592268829034,0.975614164608291,0.968313014520097,0.969347015240432,0.970524306269528,0.964362583125993,0.961355414272587,0.953798001367219,0.960256293709121,0.961983720538178,0.964106011738136,0.954281967368817,0.942724121761206,0.91392642244806,0.890117097479482,0.814176199595666,0.8101402700322,0,1e+05,1640.77311709656,98549.6670768895,6045504.52204269,60.4550452204269,2023,"Total","GMoH report",17.5299447795731
0,1,0.0173886,0.00616897,0.00617666,0.00629635,0.0060908,0.00751197,0.00803982,0.00934684,0.00818915,0.00815358,0.00749446,0.00970178,0.0120583,0.0179034,0.0230467,0.0410862,0.0429044,0.152179,0.11459191813,0.0171249442390929,0.0243751409731813,0.0304136628628538,0.0309938792214107,0.0299972321461112,0.0368674814631825,0.0394070363034667,0.045667092483235,0.0401242904178124,0.0399534900563655,0.0367831258368519,0.047360204292986,0.0585271550166566,0.0856820021086213,0.108955819771198,0.186295558555221,0.193741132397872,1,0.982875055760907,0.975624859026819,0.969586337137146,0.969006120778589,0.970002767853889,0.963132518536817,0.960592963696533,0.954332907516765,0.959875709582188,0.960046509943634,0.963216874163148,0.952639795707014,0.941472844983343,0.914317997891379,0.891044180228802,0.813704441444779,0.806258867602128,0,1e+05,1712.49442390929,98483.7435969134,6023913.30982305,60.2391330982305,2023,"Total","GMoH report",17.7458569017695
0,1,0.0179172,0.0066947,0.00702752,0.00709777,0.00702178,0.00827906,0.00872575,0.0103604,0.00876191,0.00848485,0.00827382,0.0105524,0.0129138,0.018516,0.0249871,0.0415002,0.0423889,0.15267,0.11353712326,0.0176370715798634,0.0264249853018001,0.0345309329452711,0.034870100123614,0.0345032150367973,0.040555888416124,0.0426973343372665,0.0504941509950765,0.042870481743272,0.0415430339705377,0.0405307398843257,0.0514058619557455,0.0625496168934049,0.0884840722935324,0.117589922141166,0.187996290828407,0.191636363389769,1,0.982362928420137,0.9735750146982,0.965469067054729,0.965129899876386,0.965496784963203,0.959444111583876,0.957302665662733,0.949505849004924,0.957129518256728,0.958456966029462,0.959469260115674,0.948594138044255,0.937450383106595,0.911515927706468,0.882410077858834,0.812003709171593,0.808363636610231,0,1e+05,1763.70715798634,98436.5390790045,5862673.72268374,58.6267372268373,2023,"Total","GMoH report",19.3582527731626
0,1,0.0173171,0.00653791,0.00715449,0.00677786,0.00650007,0.00849157,0.00888002,0.0101518,0.00901827,0.00863299,0.00799377,0.010266,0.0125723,0.0184112,0.024521,0.0414399,0.0426063,0.153804,0.114734592805,0.0170556332269485,0.025814099481715,0.0351438590300208,0.0333246258781144,0.0319806586995176,0.0415752520914936,0.0434358225672167,0.0495026475563438,0.0440971499879455,0.0422530251412154,0.039185745409789,0.0500455801845632,0.0609459239023075,0.0880052924013506,0.115523142553607,0.187748773955413,0.192524598045712,1,0.982944366773052,0.974185900518285,0.964856140969979,0.966675374121886,0.968019341300482,0.958424747908506,0.956564177432783,0.950497352443656,0.955902850012054,0.957746974858785,0.960814254590211,0.949954419815437,0.939054076097692,0.911994707598649,0.884476857446392,0.812251226044587,0.807475401954288,0,1e+05,1705.56332269484,98490.1237906377,5884007.21773314,58.8400721773314,2023,"Total","GMoH report",19.1449178226686
0,1,0.0166536,0.00588328,0.00601646,0.00594113,0.00610997,0.00729844,0.00791423,0.00895468,0.00810144,0.00768451,0.00712456,0.00968606,0.0115909,0.017539,0.0234892,0.0409051,0.0418698,0.151186,0.11605857388,0.0164120020858926,0.0232594364454979,0.0296365324696442,0.0292708945260117,0.0300902240838855,0.035838290959327,0.0388034023721114,0.0437930188254601,0.0397030699034044,0.0376983172600794,0.0349994114823237,0.0472852798555069,0.0563224308409151,0.0840113139131913,0.110931754576032,0.185550586736239,0.18951193315316,1,0.983587997914107,0.976740563554502,0.970363467530356,0.970729105473988,0.969909775916114,0.964161709040673,0.961196597627889,0.95620698117454,0.960296930096596,0.962301682739921,0.965000588517676,0.952714720144493,0.943677569159085,0.915988686086809,0.889068245423968,0.814449413263761,0.81048806684684,0,1e+05,1641.20020858926,98549.2751470712,6077502.99975741,60.7750299975741,2023,"Total","GMoH report",17.2099600024259
0,1,0.0171787,0.00666016,0.0065636,0.00677479,0.00675695,0.00782106,0.0087495,0.00999281,0.0088583,0.00826984,0.00816708,0.0102334,0.0126538,0.0183969,0.0236849,0.0408288,0.0432378,0.152028,0.115010763085,0.0169214438875261,0.0262904428877929,0.032288183201841,0.0333097830374395,0.033223525744305,0.038355351241547,0.0428110615425829,0.0487462694772623,0.0433318829530916,0.0405116380872023,0.0400183179888001,0.049890623240331,0.0613288911915993,0.0879399441057044,0.111804314951984,0.185236536269863,0.195099786164447,1,0.983078556112474,0.973709557112207,0.967711816798159,0.96669021696256,0.966776474255695,0.961644648758453,0.957188938457417,0.951253730522738,0.956668117046908,0.959488361912798,0.9599816820112,0.950109376759669,0.938671108808401,0.912060055894296,0.888195685048016,0.814763463730137,0.804900213835553,0,1e+05,1692.14438875261,98502.4704286478,5919820.79114985,59.1982079114985,2023,"Total","GMoH report",18.7867820885015
0,1,0.0175915,0.00648226,0.00712537,0.00683579,0.00657699,0.00801686,0.00887285,0.00993185,0.00866596,0.00871081,0.00815793,0.00993803,0.0129039,0.018926,0.0239996,0.0410882,0.0428732,0.152262,0.114187041325,0.017321581627415,0.0255971847858995,0.0350033209671999,0.033604663935786,0.0323529868229877,0.0392967094546044,0.0434015122305137,0.048456103130313,0.0424109705638316,0.0426257871672149,0.039974379525102,0.0484855235314469,0.0625031635690532,0.0903548598081761,0.113205767175252,0.186303782327435,0.19361388316114,1,0.982678418372585,0.9744028152141,0.9649966790328,0.966395336064214,0.967647013177012,0.960703290545396,0.956598487769486,0.951543896869687,0.957589029436168,0.957374212832785,0.960025620474898,0.951514476468553,0.937496836430947,0.909645140191824,0.886794232824748,0.813696217672565,0.80638611683886,0,1e+05,1732.1581627415,98465.6318529689,5898463.11890525,58.9846311890525,2023,"Total","GMoH report",19.0003588109475
0,1,0.0182696,0.00717123,0.00747172,0.00730569,0.00736962,0.00845173,0.00896171,0.0104314,0.00948272,0.00934383,0.00841297,0.0112485,0.0131733,0.0192663,0.0241922,0.0427159,0.0429316,0.155712,0.11283392668,0.017978206190478,0.0282793249135997,0.036673563505217,0.0358732528386726,0.0361814904115825,0.0413842291719514,0.0438266457757133,0.0508313935044931,0.0463156052103981,0.0456527218206758,0.0411983488183541,0.054704150896599,0.0637664631281838,0.0919048347076786,0.114062446221312,0.192972061766925,0.193852053003218,1,0.982021793809522,0.9717206750864,0.963326436494783,0.964126747161327,0.963818509588418,0.958615770828049,0.956173354224287,0.949168606495507,0.953684394789602,0.954347278179324,0.958801651181646,0.945295849103401,0.936233536871816,0.908095165292321,0.885937553778688,0.807027938233075,0.806147946996782,0,1e+05,1797.82061904779,98405.0345408656,5782788.11505436,57.8278811505436,2023,"Total","GMoH report",20.1571088494564
0,1,0.017089,0.00612478,0.00606504,0.00619143,0.00618033,0.00755306,0.00786825,0.00932634,0.00808132,0.00762772,0.00742332,0.00999376,0.0120327,0.017979,0.0237284,0.0403356,0.0414572,0.151775,0.11518975495,0.0168344542593394,0.0242026482086097,0.029872258887394,0.0304852812872,0.0304314588547407,0.0370654068945035,0.0385823118126993,0.0455692150180221,0.0396064196224419,0.0374249327302864,0.0364403294342602,0.0487507907437421,0.0584065293846823,0.0860282454381679,0.111998157310202,0.183203901751301,0.187819793175873,1,0.983165545740661,0.97579735179139,0.970127741112606,0.9695147187128,0.969568541145259,0.962934593105496,0.961417688187301,0.954430784981978,0.960393580377558,0.962575067269714,0.96355967056574,0.951249209256258,0.941593470615318,0.913971754561832,0.888001842689798,0.816796098248699,0.812180206824127,0,1e+05,1683.44542593394,98510.4702401511,6040654.27738909,60.4065427738909,2023,"Total","GMoH report",17.5784472261091
0,1,0.0171692,0.00615277,0.00650338,0.00633426,0.00620283,0.00779643,0.00818666,0.00953376,0.00864613,0.00801527,0.00765201,0.00975708,0.0115667,0.0183974,0.0231957,0.0403279,0.0420825,0.150819,0.11502971986,0.0169122316334264,0.0243119088333746,0.0319966835208111,0.0311775827123216,0.03054055531814,0.0382368722551102,0.0401123348813016,0.0465590919781559,0.0423159764170531,0.0392890687645097,0.037541873030382,0.0476237286735839,0.0562081431758206,0.0879422290865096,0.109621624227278,0.183172131495642,0.190383016744612,1,0.983087768366574,0.975688091166625,0.968003316479189,0.968822417287678,0.96945944468186,0.96176312774489,0.959887665118698,0.953440908021844,0.957684023582947,0.96071093123549,0.962458126969618,0.952376271326416,0.943791856824179,0.91205777091349,0.890378375772722,0.816827868504358,0.809616983255388,0,1e+05,1691.22316334264,98503.3177633574,6001139.96089536,60.0113996089536,2023,"Total","GMoH report",17.9735903910464
0,1,0.0171249,0.00590221,0.00605183,0.00601419,0.0059067,0.00708087,0.00742933,0.00890318,0.007949,0.00754198,0.00711549,0.00972323,0.0122302,0.017725,0.0226632,0.0401831,0.0429794,0.152149,0.115118118295,0.0168692712661519,0.0233334027143309,0.0298081651300525,0.0296255162904528,0.0291037324587153,0.034788517573916,0.0364692939509289,0.0435466410410406,0.0389705575942091,0.0370120398394296,0.0349556338423773,0.0474624296991899,0.0593367492240986,0.0848644443114489,0.10723999629019,0.18257447866581,0.194046946652598,1,0.983130728733848,0.976666597285669,0.970191834869948,0.970374483709547,0.970896267541285,0.965211482426084,0.963530706049071,0.95645335895896,0.961029442405791,0.96298796016057,0.965044366157623,0.95253757030081,0.940663250775901,0.915135555688551,0.89276000370981,0.81742552133419,0.805953053347402,0,1e+05,1686.92712661519,98507.2687499015,6090052.31444214,60.9005231444214,2023,"Total","GMoH report",17.0844668555786
0,1,0.0172655,0.00661118,0.00684983,0.00668597,0.00644043,0.00785589,0.00880102,0.00967027,0.00880462,0.00821127,0.00816703,0.00981216,0.0123258,0.0186471,0.0238177,0.0417503,0.0427091,0.153688,0.114837558025,0.0170056071803281,0.0260996214098552,0.033672522365316,0.0328802589378729,0.0316918767161033,0.0385228713995034,0.043057720355003,0.0472100159965233,0.0430749535071301,0.040230491431557,0.0400180778932586,0.0478861339790405,0.059786702651156,0.0890826665227109,0.112395966473321,0.189022169311487,0.192944305865861,1,0.982994392819672,0.973900378590145,0.966327477634684,0.967119741062127,0.968308123283897,0.961477128600497,0.956942279644997,0.952789984003477,0.95692504649287,0.959769508568443,0.959981922106741,0.95211386602096,0.940213297348844,0.910917333477289,0.887604033526679,0.810977830688513,0.807055694134139,0,1e+05,1700.56071803281,98494.7275220993,5926662.20212636,59.2666220212636,2023,"Total","GMoH report",18.7183679787364
0,1,0.0169217,0.00611023,0.0068581,0.00644583,0.00647961,0.00754684,0.00818073,0.00945986,0.00832142,0.00754943,0.00779826,0.0102788,0.0122388,0.0186503,0.0240772,0.0409306,0.0415968,0.15169,0.115523593735,0.016672170222406,0.0241458466468856,0.0337124909151372,0.0317180274675225,0.0318815991778776,0.0370354484897981,0.0400838618716763,0.046206531697637,0.0407591646796291,0.0370479232420961,0.038245675692682,0.0501064154423772,0.0593772347484031,0.0890972728312867,0.113551023257086,0.185655520392552,0.188392669512098,1,0.983327829777594,0.975854153353114,0.966287509084863,0.968281972532477,0.968118400822122,0.962964551510202,0.959916138128324,0.953793468302363,0.959240835320371,0.962952076757904,0.961754324307318,0.949893584557623,0.940622765251597,0.910902727168713,0.886448976742914,0.814344479607448,0.811607330487902,0,1e+05,1667.2170222406,98525.3858797048,5984673.55788061,59.8467355788061,2023,"Total","GMoH report",18.1382544211939
0,1,0.0170277,0.00630101,0.00629741,0.00631447,0.00631615,0.00765494,0.00828531,0.00939889,0.00820444,0.00784621,0.00722026,0.0100669,0.0120454,0.0182439,0.0232273,0.0403128,0.0411507,0.152149,0.115312076035,0.016774998064711,0.0248903710462675,0.030999016213271,0.0310816890178684,0.0310898299267701,0.0375559781024609,0.040585883435287,0.0459155617153725,0.0401977009363249,0.0384763168450186,0.035461202249613,0.0490988177782698,0.05846637288027,0.0872404833638936,0.109762768139012,0.183109825560374,0.186560737634554,1,0.983225001935289,0.975109628953732,0.969000983786729,0.968918310982132,0.96891017007323,0.962444021897539,0.959414116564713,0.954084438284628,0.959802299063675,0.961523683154981,0.964538797750387,0.95090118222173,0.94153362711973,0.912759516636106,0.890237231860988,0.816890174439626,0.813439262365446,0,1e+05,1677.4998064711,98515.9361787614,6011947.81751207,60.1194781751207,2023,"Total","GMoH report",17.8655118248793
0,1,0.0177671,0.00679585,0.00713214,0.00687521,0.00681924,0.00835127,0.00857199,0.0100964,0.0091973,0.00829737,0.00851246,0.010965,0.0124335,0.0191067,0.0240591,0.0419452,0.0428015,0.154981,0.113836640305,0.0174917009862711,0.0268188857505443,0.0350359959299701,0.0337951776418131,0.0335246681056678,0.0409023828920625,0.0419607325504619,0.0492391545012343,0.0449528870302908,0.040643759228721,0.0416753995704317,0.0533622084605745,0.0602933563835139,0.0911782130898886,0.113470504465062,0.18982081941381,0.193321386671003,1,0.982508299013729,0.973181114249456,0.96496400407003,0.966204822358187,0.966475331894332,0.959097617107938,0.958039267449538,0.950760845498766,0.955047112969709,0.959356240771279,0.958324600429568,0.946637791539426,0.939706643616486,0.908821786910111,0.886529495534938,0.81017918058619,0.806678613328997,0,1e+05,1749.1700986271,98449.9495487226,5862935.91432957,58.6293591432957,2023,"Total","GMoH report",19.3556308567043
0,1,0.0173827,0.00691058,0.00700404,0.00705392,0.00674997,0.00838788,0.00894518,0.0102469,0.00914051,0.00851966,0.0080435,0.0110256,0.0127029,0.019144,0.0236439,0.0419002,0.0436351,0.153098,0.114603691285,0.0171192252218111,0.0272654794460988,0.0344175453393534,0.0346584059428785,0.0331897750355089,0.0410780065265404,0.0437475751639865,0.0499547955146035,0.0446815202923807,0.0417099142792785,0.0394247181979372,0.0536492130903769,0.0615595383507119,0.0913480808504953,0.111621576517448,0.189636483531802,0.196716175072712,1,0.982880774778189,0.972734520553901,0.965582454660647,0.965341594057121,0.966810224964491,0.95892199347346,0.956252424836013,0.950045204485396,0.955318479707619,0.958290085720721,0.960575281802063,0.946350786909623,0.938440461649288,0.908651919149505,0.888378423482552,0.810363516468198,0.803283824927288,0,1e+05,1711.92252218111,98484.2701180548,5857119.48192609,58.5711948192609,2023,"Total","GMoH report",19.4137951807391
0,1,0.0174804,0.00658474,0.00719519,0.00669646,0.00682636,0.00818113,0.0089675,0.00992951,0.00898991,0.00852112,0.00801359,0.010612,0.012973,0.0190029,0.0244421,0.0414027,0.0420216,0.153013,0.11440873582,0.0172139200901982,0.0259965983183781,0.035340250458263,0.0329309972356287,0.0335590840278885,0.0400857825054284,0.0438543405038298,0.0484449631352473,0.0439615246253875,0.0417169129468753,0.0392809955178209,0.0516886988202975,0.0628273519092047,0.0907053387935979,0.115172835116969,0.187596043250302,0.190133694823963,1,0.982786079909802,0.974003401681622,0.964659749541737,0.967069002764371,0.966440915972112,0.959914217494572,0.95614565949617,0.951555036864753,0.956038475374613,0.958283087053125,0.960719004482179,0.948311301179703,0.937172648090795,0.909294661206402,0.884827164883031,0.812403956749698,0.809866305176037,0,1e+05,1721.39200901982,98475.5502745828,5879203.4771895,58.792034771895,2023,"Total","GMoH report",19.192955228105
0,1,0.0172524,0.00658067,0.0065549,0.00640347,0.00638082,0.00797061,0.00824404,0.00976808,0.00858756,0.00770519,0.00714114,0.0101126,0.0127291,0.0181498,0.0242559,0.0407211,0.042909,0.151676,0.11486369842,0.0169929059965797,0.0259807386649791,0.0322460754992745,0.031512870694731,0.0314031552965516,0.0390744323469771,0.0403878033344957,0.0476761391468071,0.0420353473316711,0.0377978509422458,0.03507943215957,0.0493162121817277,0.0616825903480031,0.086810037933774,0.114345610750493,0.184793058467135,0.193759891986842,1,0.98300709400342,0.974019261335021,0.967753924500726,0.968487129305269,0.968596844703448,0.960925567653023,0.959612196665504,0.952323860853193,0.957964652668329,0.962202149057754,0.96492056784043,0.950683787818272,0.938317409651997,0.913189962066226,0.885654389249507,0.815206941532865,0.806240108013158,0,1e+05,1699.29059965796,98495.8962033091,5968723.44175186,59.6872344175186,2023,"Total","GMoH report",18.2977555824814
0,1,0.0169703,0.00610865,0.0065645,0.00623337,0.00616935,0.00739767,0.00817491,0.00939075,0.00849191,0.00779907,0.0074672,0.0101856,0.0121746,0.01821,0.0230166,0.0404416,0.0432275,0.152799,0.115426614865,0.0167193183584448,0.0241396783082052,0.0322925390682167,0.0306886162503095,0.0303782153921757,0.0363167025476606,0.0400559162247381,0.0458767082548885,0.0415768821468215,0.0382495722709716,0.0366517844871931,0.0496633718979896,0.0590749648328645,0.0870854355467349,0.108821261387851,0.183641145613857,0.195057842755695,1,0.983280681641555,0.975860321691795,0.967707460931783,0.96931138374969,0.969621784607824,0.963683297452339,0.959944083775262,0.954123291745111,0.958423117853179,0.961750427729028,0.963348215512807,0.95033662810201,0.940925035167135,0.912914564453265,0.891178738612149,0.816358854386143,0.804942157244305,0,1e+05,1671.93183584447,98521.0535962521,6010828.3646439,60.108283646439,2023,"Total","GMoH report",17.876706353561
0,1,0.0176446,0.00685339,0.00712009,0.00688946,0.0068374,0.00848919,0.00911436,0.0104907,0.00904519,0.00814059,0.0079244,0.010411,0.0127122,0.0187564,0.0240407,0.0418092,0.0426538,0.15177,0.11408108293,0.0173730302647244,0.0270428890689673,0.0349778366378333,0.033864037667626,0.0336124456601089,0.0415638416282203,0.0445565391544799,0.0511129728395796,0.0442258714740051,0.0398911071305111,0.038852297141333,0.0507345076033537,0.0616032189016947,0.0895814368449055,0.113388644061761,0.189263600667437,0.192718553415785,1,0.982626969735276,0.972957110931033,0.965022163362167,0.966135962332374,0.966387554339891,0.95843615837178,0.95544346084552,0.94888702716042,0.955774128525995,0.960108892869489,0.961147702858667,0.949265492396646,0.938396781098305,0.910418563155095,0.886611355938239,0.810736399332563,0.807281446584216,0,1e+05,1737.30302647244,98460.8903841651,5862795.58019805,58.6279558019805,2023,"Total","GMoH report",19.3570341980195
0,1,0.0167831,0.00600817,0.00612548,0.00597903,0.00594458,0.00715202,0.00774462,0.00888245,0.0080244,0.00729483,0.00705456,0.00935714,0.0117988,0.0176328,0.0230953,0.041285,0.0410973,0.152654,0.115800163105,0.016537687102276,0.0237473240797673,0.0301654552676675,0.029454871105042,0.0292876431556248,0.0351319391710251,0.0379876011607462,0.0434474504836292,0.0393329418534774,0.0358208818903987,0.0346614959920852,0.0457162662412582,0.0573037123954708,0.0844416434724476,0.109173039738328,0.187112636957975,0.186341199549396,1,0.983462312897724,0.976252675920233,0.969834544732332,0.970545128894958,0.970712356844375,0.964868060828975,0.962012398839254,0.956552549516371,0.960667058146523,0.964179118109601,0.965338504007915,0.954283733758742,0.942696287604529,0.915558356527552,0.890826960261672,0.812887363042025,0.813658800450604,0,1e+05,1653.7687102276,98537.7379761547,6087702.08707968,60.8770208707968,2023,"Total","GMoH report",17.1079691292032
0,1,0.0169056,0.00615635,0.00627761,0.00616544,0.00615302,0.00761446,0.00785187,0.00934132,0.00802738,0.00786998,0.00735402,0.00946506,0.0118548,0.0178165,0.0230688,0.0399609,0.0421881,0.151436,0.11555572048,0.016656550241215,0.0243258827040301,0.0309030566562602,0.0303592545933992,0.0302990237521809,0.0373610887111316,0.0385035380615026,0.045640738149767,0.039347261450935,0.0385906312595009,0.0361062841603969,0.0462313438904897,0.0575678612948058,0.0852838506856479,0.109054602939286,0.181656597211252,0.190815175713684,1,0.983343449758785,0.97567411729597,0.96909694334374,0.969640745406601,0.969700976247819,0.962638911288868,0.961496461938497,0.954359261850233,0.960652738549065,0.961409368740499,0.963893715839603,0.95376865610951,0.942432138705194,0.914716149314352,0.890945397060714,0.818343402788748,0.809184824286316,0,1e+05,1665.6550241215,98526.820942262,6043331.8950441,60.433318950441,2023,"Total","GMoH report",17.5516710495589
0,1,0.017044,0.00626044,0.00621809,0.00648851,0.00628633,0.00735889,0.00804213,0.00965275,0.00857829,0.00748981,0.00787933,0.0102751,0.0120179,0.0179513,0.0229725,0.0411018,0.0418344,0.15124,0.1152795502,0.0167908084550979,0.0247320924384295,0.0306145400860902,0.0319246908110638,0.0309453187853994,0.0361297626277409,0.0394181355734027,0.0471264992118325,0.0419909241873816,0.0367607229245806,0.0386355935222312,0.0500888306407091,0.058336785853236,0.0859013956889236,0.108624083125972,0.186359702000763,0.189366875915501,1,0.983209191544902,0.97526790756157,0.96938545991391,0.968075309188936,0.969054681214601,0.963870237372259,0.960581864426597,0.952873500788168,0.958009075812618,0.963239277075419,0.961364406477769,0.949911169359291,0.941663214146764,0.914098604311076,0.891375916874029,0.813640297999237,0.810633124084499,0,1e+05,1679.0808455098,98514.48283911,6009172.2809126,60.091722809126,2023,"Total","GMoH report",17.893267190874
0,1,0.0172642,0.00667438,0.00720977,0.00676989,0.00677669,0.00803108,0.00895227,0.00995705,0.00907794,0.00848619,0.00769945,0.00992387,0.012615,0.0185357,0.0240607,0.0416994,0.0421548,0.153336,0.11484015211,0.0170043467714972,0.0263458357614214,0.0354105943970843,0.0332860920458001,0.0333189691867545,0.0393650405258344,0.0437814906859424,0.0485760642486817,0.0443824470221983,0.0415494585018896,0.0377702251008678,0.0484181123680356,0.0611465894356725,0.0885740451770303,0.11347762242528,0.188813478125621,0.19067892059523,1,0.982995653228503,0.973654164238579,0.964589405602916,0.9667139079542,0.966681030813245,0.960634959474166,0.956218509314058,0.951423935751318,0.955617552977802,0.95845054149811,0.962229774899132,0.951581887631964,0.938853410564328,0.91142595482297,0.88652237757472,0.811186521874379,0.80932107940477,0,1e+05,1700.43467714972,98494.8434998273,5892509.54598342,58.9250954598342,2023,"Total","GMoH report",19.0598945401658
0,1,0.0177023,0.00661285,0.00676349,0.00700319,0.00675786,0.0084361,0.00908499,0.0102909,0.00963984,0.00874085,0.00842042,0.0101971,0.0129541,0.0187016,0.0240241,0.0418067,0.0424796,0.153097,0.113965945465,0.0174289300102016,0.0261061281805229,0.0332551478501672,0.0344134403467452,0.0332279258229945,0.0413092770203222,0.044416149318996,0.0501639202819268,0.0470649534478873,0.0427696424274696,0.0412340793342311,0.0497180501763664,0.062738691781968,0.0893313997367099,0.113314785645439,0.189253354464747,0.192007043940557,1,0.982571069989798,0.973893871819477,0.966744852149833,0.965586559653255,0.966772074177006,0.958690722979678,0.955583850681004,0.949836079718073,0.952935046552113,0.95723035757253,0.958765920665769,0.950281949823634,0.937261308218032,0.91066860026329,0.886685214354561,0.810746645535253,0.807992956059443,0,1e+05,1742.89300102016,98455.7374476854,5860169.61548152,58.6016961548152,2023,"Total","GMoH report",19.3832938451848
0,1,0.0171061,0.00608062,0.00630126,0.00622685,0.00619067,0.00740535,0.00827082,0.00925828,0.00799703,0.00789165,0.00735331,0.0100257,0.012074,0.0180599,0.0231895,0.0411151,0.0427857,0.151371,0.115155632755,0.0168510386975442,0.0240302424542556,0.0310176739299307,0.0306570085163007,0.0304815962414892,0.0363537199499221,0.0405163415793468,0.0452441915164184,0.039201412814206,0.0386948347680076,0.036102861174738,0.0489027882886365,0.058601125040648,0.0863986237378902,0.109593928960903,0.186414384817024,0.193256918640326,1,0.983148961302456,0.975969757545744,0.968982326070069,0.969342991483699,0.969518403758511,0.963646280050078,0.959483658420653,0.954755808483582,0.960798587185794,0.961305165231992,0.963897138825262,0.951097211711363,0.941398874959352,0.91360137626211,0.890406071039097,0.813585615182976,0.806743081359674,0,1e+05,1685.10386975443,98508.945332625,6027467.55787703,60.2746755787703,2023,"Total","GMoH report",17.7103144212297
0,1,0.0173402,0.00597272,0.00620545,0.00601078,0.00613738,0.00728592,0.00795855,0.00892778,0.00830123,0.00753625,0.00740593,0.00943769,0.0119806,0.0176665,0.0223231,0.0401956,0.0416627,0.152155,0.11468849791,0.0170780270350039,0.0236088617583968,0.030553258209608,0.0296089675254435,0.0302231722674726,0.0357779124797636,0.0390164638049625,0.0436643360350818,0.0406622825995405,0.0369844400344755,0.0363565154783093,0.0461007387961768,0.0581609910757934,0.0845962029513978,0.105715742283574,0.182626087130357,0.188662977425986,1,0.982921972964996,0.976391138241603,0.969446741790392,0.970391032474556,0.969776827732527,0.964222087520236,0.960983536195038,0.956335663964918,0.95933771740046,0.963015559965525,0.963643484521691,0.953899261203823,0.941839008924207,0.915403797048602,0.894284257716426,0.817373912869642,0.811337022574014,0,1e+05,1707.80270350038,98488.0626232907,6064000.08955513,60.6400008955513,2023,"Total","GMoH report",17.3449891044487
0,1,0.0177909,0.00665427,0.00683542,0.00696046,0.00661518,0.0081624,0.00897688,0.00987728,0.00887897,0.00836103,0.00776893,0.0101554,0.0122061,0.0185226,0.024123,0.0422007,0.0429949,0.151225,0.113789148595,0.0175147538327294,0.0262674979527953,0.0336028755804989,0.0342070578552029,0.0325377916289303,0.039995844791191,0.0438992052558081,0.0481962796278925,0.0434307981161271,0.0409492061473153,0.0381045706449483,0.0495197673857275,0.0592232866034733,0.0885142164365795,0.113754736243967,0.190866726352989,0.194110135353703,1,0.982485246167271,0.973732502047205,0.966397124419501,0.965792942144797,0.96746220837107,0.960004155208809,0.956100794744192,0.951803720372107,0.956569201883873,0.959050793852685,0.961895429355052,0.950480232614273,0.940776713396527,0.91148578356342,0.886245263756033,0.809133273647011,0.805889864646297,0,1e+05,1751.47538327293,98447.8235093748,5901246.60847892,59.0124660847892,2023,"Total","GMoH report",18.9725239152108
0,1,0.0173566,0.00633803,0.00686151,0.00657169,0.00634375,0.00747873,0.00834709,0.00969657,0.00865021,0.00814274,0.00753271,0.0101255,0.0120583,0.0180099,0.0233762,0.0410408,0.0426758,0.153405,0.11465577253,0.0170939250786018,0.0250347776563416,0.0337289708235119,0.032327336908283,0.0312235637929709,0.0367073393008759,0.0408823288051349,0.0473353731030748,0.0423355221082598,0.0399014325233373,0.0369673884582173,0.049377568573522,0.0585271550166566,0.0861697294729144,0.110427558280319,0.186108858862944,0.192808371273063,1,0.982906074921398,0.974965222343658,0.966271029176488,0.967672663091717,0.968776436207029,0.963292660699124,0.959117671194865,0.952664626896925,0.95766447789174,0.960098567476663,0.963032611541783,0.950622431426478,0.941472844983343,0.913830270527086,0.889572441719681,0.813891141137056,0.807191628726937,0,1e+05,1709.39250786019,98486.5992106855,5966872.98259763,59.6687298259763,2023,"Total","GMoH report",18.3162601740237
0,1,0.0169818,0.00624513,0.0061766,0.00603718,0.00628281,0.00722944,0.00820194,0.00904752,0.0082612,0.0079406,0.00707951,0.0101066,0.0126651,0.0183569,0.0224999,0.0406062,0.041673,0.151374,0.11540366719,0.0167304741810192,0.02467235586049,0.0304133719175354,0.0297370797423034,0.0309282590617112,0.0355054880118687,0.0401856982845304,0.044237011875784,0.0404701695875092,0.0389301775797751,0.0347819520564914,0.0492876730098955,0.0613819777829528,0.0877571279450632,0.106508427575959,0.184319694094182,0.188705218566677,1,0.983269525818981,0.97532764413951,0.969586628082465,0.970262920257697,0.969071740938289,0.964494511988131,0.95981430171547,0.955762988124216,0.959529830412491,0.961069822420225,0.965218047943509,0.950712326990105,0.938618022217047,0.912242872054937,0.893491572424041,0.815680305905818,0.811294781433323,0,1e+05,1673.04741810192,98520.0283893298,6036257.7734348,60.362577734348,2023,"Total","GMoH report",17.622412265652
0,1,0.0176872,0.00685137,0.00741354,0.00712637,0.00682339,0.00844008,0.00875022,0.0106017,0.00939514,0.00882346,0.00807808,0.0107951,0.0131448,0.0192575,0.0246658,0.0418072,0.0429124,0.153041,0.11399607676,0.0174143017212617,0.0270350260669119,0.0363931940013579,0.0350081474702805,0.0335447280944195,0.0413283632693442,0.042814509066197,0.0516398251638997,0.0458976625858333,0.0431651353863108,0.0395908547697539,0.0525571020686469,0.0636328957789134,0.0918647847683106,0.116165700181178,0.189255403714561,0.193773757519546,1,0.982585698278738,0.972964973933088,0.963606805998642,0.964991852529719,0.96645527190558,0.958671636730656,0.957185490933803,0.9483601748361,0.954102337414167,0.956834864613689,0.960409145230246,0.947442897931353,0.936367104221087,0.908135215231689,0.883834299818822,0.810744596285438,0.806226242480454,0,1e+05,1741.43017212617,98457.0860354477,5829115.98608331,58.2911598608331,2023,"Total","GMoH report",19.6938301391669
0,1,0.0178701,0.00692256,0.00726331,0.00705844,0.00699561,0.008142,0.00887852,0.0100733,0.00923408,0.00843674,0.007869,0.0110924,0.0130597,0.0188352,0.0238651,0.0409069,0.043996,0.15356,0.113631108955,0.017591460055783,0.0273121006885154,0.0356688649414552,0.0346802292073836,0.034376832713257,0.0398978786794792,0.0434286447720462,0.0491292654264494,0.0451285973054835,0.0413123461909915,0.0385859185179555,0.0539654831857753,0.0632339586747388,0.089940864569167,0.112607053517735,0.185557994216013,0.198181965603294,1,0.982408539944217,0.972687899311485,0.964331135058545,0.965319770792616,0.965623167286743,0.960102121320521,0.956571355227954,0.950870734573551,0.954871402694517,0.958687653809008,0.961414081482044,0.946034516814225,0.936766041325261,0.910059135430833,0.887392946482265,0.814442005783988,0.801818034396706,0,1e+05,1759.1460055783,98440.7477058493,5851041.19466454,58.5104119466454,2023,"Total","GMoH report",19.4745780533546
0,1,0.0172693,0.00644909,0.00673193,0.00686518,0.0065965,0.00788147,0.0083305,0.00991272,0.00887341,0.00832152,0.00764612,0.0102755,0.0124945,0.0178991,0.0241008,0.0402002,0.0419169,0.152855,0.114829975315,0.0170092914346282,0.025467870817973,0.0331025400440039,0.0337467069558521,0.032447401785308,0.0386458840603865,0.0408027321005901,0.0483650275600133,0.0434041920211931,0.0407596445075929,0.0375135178521998,0.0500907317156399,0.0605802016754163,0.0856623046089355,0.113655998762558,0.182645078307552,0.189704897006654,1,0.982990708565372,0.974532129182027,0.966897459955996,0.966253293044148,0.967552598214692,0.961354115939614,0.95919726789941,0.951634972439987,0.956595807978807,0.959240355492407,0.9624864821478,0.94990926828436,0.939419798324584,0.914337695391064,0.886344001237442,0.817354921692448,0.810295102993346,0,1e+05,1700.92914346282,98494.3885080936,5936542.84390957,59.3654284390957,2023,"Total","GMoH report",18.6195615609043
0,1,0.0169763,0.00644091,0.00676214,0.00646293,0.00667923,0.00774565,0.00836472,0.0098754,0.00850361,0.00854311,0.00797145,0.0102441,0.0125225,0.0186521,0.0233633,0.0411673,0.0426701,0.154062,0.115414642165,0.0167251388176662,0.025435978305939,0.033248620434537,0.0318008335963134,0.0328476573539298,0.0379925573700173,0.0409669082089168,0.0481873271730872,0.0416329735739667,0.0418223183350222,0.0390784698292001,0.049941486056716,0.0607118399602446,0.0891054887817355,0.11036998247132,0.18662897272758,0.192785101139652,1,0.983274861182334,0.974564021694061,0.966751379565463,0.968199166403687,0.96715234264607,0.962007442629983,0.959033091791083,0.951812672826913,0.958367026426033,0.958177681664978,0.9609215301708,0.950058513943284,0.939288160039755,0.910894511218264,0.88963001752868,0.81337102727242,0.807214898860348,0,1e+05,1672.51388176662,98520.5187094135,5941101.83800633,59.4110183800633,2023,"Total","GMoH report",18.5739716199366
0,1,0.0166418,0.00589791,0.00619343,0.00606046,0.00597472,0.0071119,0.00792141,0.00890375,0.00826869,0.00775707,0.00773832,0.00966629,0.0120092,0.0174565,0.0221399,0.0399561,0.0425908,0.150696,0.11608212019,0.0164005481891615,0.0233166015649284,0.03049497871002,0.0298500376027747,0.0294339509612815,0.0349383056599426,0.0388379222360503,0.0435493682804327,0.0405061186543597,0.0380475070610057,0.0379572859377063,0.0471910442033197,0.0582957856280879,0.0836326659184849,0.104893662030052,0.181636758758431,0.192461298336974,1,0.983599451810839,0.976683398435072,0.96950502128998,0.970149962397225,0.970566049038718,0.965061694340057,0.96116207776395,0.956450631719567,0.95949388134564,0.961952492938994,0.962042714062294,0.95280895579668,0.941704214371912,0.916367334081515,0.895106337969948,0.818363241241569,0.807538701663026,0,1e+05,1640.05481891615,98550.3262216915,6072548.9553832,60.725489553832,2023,"Total","GMoH report",17.259500446168
0,1,0.016877,0.00629186,0.00643077,0.00637617,0.00613,0.00757344,0.00832472,0.00974813,0.00875426,0.00790854,0.00776468,0.00990188,0.0125756,0.0182409,0.024941,0.0406941,0.0432503,0.151922,0.11561279035,0.0166288017815261,0.0248546757200481,0.0316450941940247,0.0313806294301164,0.0301873784256273,0.0371635600200052,0.0407749988783437,0.0475810835305093,0.0428338532789848,0.038776045237984,0.0380841224404232,0.0483134158838208,0.0609614334924314,0.0872267633318501,0.117385707662946,0.184681846205792,0.195150685741217,1,0.983371198218474,0.975145324279952,0.968354905805975,0.968619370569884,0.969812621574373,0.962836439979995,0.959225001121656,0.952418916469491,0.957166146721015,0.961223954762016,0.961915877559577,0.951686584116179,0.939038566507569,0.91277323666815,0.882614292337054,0.815318153794208,0.804849314258783,0,1e+05,1662.88017815261,98529.3700392613,5981672.41591788,59.8167241591788,2023,"Total","GMoH report",18.1682658408212
0,1,0.0177747,0.0064099,0.00689902,0.00682909,0.00664742,0.0080071,0.00819761,0.00987514,0.00851302,0.00804382,0.00812758,0.0103334,0.0124686,0.0188204,0.0234117,0.0408163,0.0431941,0.154553,0.113821474885,0.0174990625118668,0.0253150659179451,0.0339102315852223,0.033572279701041,0.0326937768349791,0.0392498071724732,0.0401649093437857,0.0481860890611712,0.0416780840914201,0.0394262557389057,0.0398286241767832,0.0503658732143179,0.0604584203500582,0.0898733681549418,0.11058598522431,0.185185075960213,0.194921818679445,1,0.982500937488133,0.974684934082055,0.966089768414778,0.966427720298959,0.967306223165021,0.960750192827527,0.959835090656214,0.951813910938829,0.95832191590858,0.960573744261094,0.960171375823217,0.949634126785682,0.939541579649942,0.910126631845058,0.88941401477569,0.814814924039787,0.805078181320555,0,1e+05,1749.90625118668,98449.2706592339,5925551.26127598,59.2555126127598,2023,"Total","GMoH report",18.7294773872402
0,1,0.0175192,0.00641408,0.0068026,0.00652898,0.00663558,0.00785794,0.00813788,0.00962203,0.00873173,0.00820895,0.00785854,0.0101261,0.0125377,0.0185911,0.0230733,0.0408509,0.0417225,0.151108,0.11433131236,0.0172515218185972,0.0253313651942695,0.0334442306907576,0.0321206129019388,0.0326364948192679,0.0385327302932977,0.0398780921780649,0.0469800415763771,0.0427259708953841,0.0402193533483281,0.0385356158044404,0.0493804222652496,0.0607832932602281,0.0888270199724743,0.109074715894385,0.185327510956652,0.188908194624453,1,0.982748478181403,0.97466863480573,0.966555769309242,0.967879387098061,0.967363505180732,0.961467269706702,0.960121907821935,0.953019958423623,0.957274029104616,0.959780646651672,0.96146438419556,0.95061957773475,0.939216706739772,0.911172980027526,0.890925284105615,0.814672489043348,0.811091805375547,0,1e+05,1725.15218185971,98472.086731113,5952863.70806252,59.5286370806252,2023,"Total","GMoH report",18.4563529193748
0,1,0.0178767,0.00689958,0.00731498,0.00726837,0.00713022,0.00866138,0.00928696,0.0106654,0.00957986,0.00927332,0.00824536,0.0107946,0.0130318,0.019852,0.0245202,0.0421594,0.0428165,0.153934,0.113617938985,0.0175978517237499,0.0272226700207564,0.0359180504483287,0.0356932702630455,0.0350267292857799,0.0423890312316764,0.0453811672866392,0.051942043327731,0.0467789602740721,0.0453160249976715,0.040394139445945,0.0525547317321114,0.0631031315264345,0.0945666568219277,0.115519591293889,0.190697743845319,0.193382586240576,1,0.98240214827625,0.972777329979244,0.964081949551671,0.964306729736955,0.96497327071422,0.957610968768324,0.954618832713361,0.948057956672269,0.953221039725928,0.954683975002328,0.959605860554055,0.947445268267889,0.936896868473565,0.905433343178072,0.884480408706111,0.809302256154681,0.806617413759424,0,1e+05,1759.78517237499,98440.1579919666,5793291.76493486,57.9329176493486,2023,"Total","GMoH report",20.0520723506514
0,1,0.0171005,0.00650508,0.00701475,0.00691807,0.00674143,0.00827048,0.00858805,0.0098821,0.00910495,0.0083915,0.00821693,0.010209,0.0130515,0.0193052,0.023863,0.0412742,0.0432045,0.154217,0.115166807275,0.0168456075951674,0.0256861392189788,0.0344692667771868,0.0340022747085181,0.0331484796127112,0.0405147097580996,0.0420376954245235,0.0482192318230047,0.0445115611531955,0.0410953704962028,0.040257663982726,0.049774627080342,0.0631955095187888,0.092081853504321,0.112597702559553,0.187068267304093,0.194964175679624,1,0.983154392404833,0.974313860781021,0.965530733222813,0.965997725291482,0.966851520387289,0.9594852902419,0.957962304575476,0.951780768176995,0.955488438846804,0.958904629503797,0.959742336017274,0.950225372919658,0.936804490481211,0.907918146495679,0.887402297440447,0.812931732695907,0.805035824320376,0,1e+05,1684.56075951674,98509.4447248176,5888234.71763631,58.8823471763631,2023,"Total","GMoH report",19.1026428236369
0,1,0.0172674,0.00685487,0.00674453,0.00709851,0.00685427,0.00796137,0.00861698,0.0103444,0.00901777,0.00802728,0.00842865,0.010194,0.012742,0.0192952,0.0239026,0.0416993,0.0435759,0.154633,0.11483376667,0.0170074493107691,0.0270486500405925,0.0331634699549617,0.03487367222248,0.0336939808939451,0.0390300189451761,0.042176318761888,0.0504181365701591,0.0440947590125485,0.0393467809309221,0.0412735492478307,0.0497033111162036,0.0617431712789103,0.0920363505234498,0.112774019314814,0.188813068075951,0.196475507348348,1,0.982992550689231,0.972951349959407,0.966836530045038,0.96512632777752,0.966306019106055,0.960969981054824,0.957823681238112,0.949581863429841,0.955905240987451,0.960653219069078,0.958726450752169,0.950296688883796,0.93825682872109,0.90796364947655,0.887225980685186,0.811186931924049,0.803524492651652,0,1e+05,1700.7449310769,98494.5580155036,5881399.62170086,58.8139962170086,2023,"Total","GMoH report",19.1709937829914
0,1,0.0170458,0.00624603,0.00679892,0.00626347,0.0062848,0.007357,0.00801432,0.00932676,0.00790973,0.00755935,0.00722051,0.0102236,0.012309,0.0185308,0.0236769,0.0406959,0.0425972,0.152314,0.11527595839,0.0167925543581024,0.0246758675816184,0.0334264407584956,0.0308345222375027,0.0309379036577298,0.0361206509278102,0.0392845035438952,0.0455712204108033,0.0387817667404011,0.0370957015217538,0.0354624083153376,0.0498440362768012,0.0597076464496288,0.0885516669263051,0.111768661449326,0.184689260780506,0.192487435528286,1,0.983207445641898,0.975324132418382,0.966573559241504,0.969165477762497,0.96906209634227,0.96387934907219,0.960715496456105,0.954428779589197,0.961218233259599,0.962904298478246,0.964537591684662,0.950155963723199,0.940292353550371,0.911448333073695,0.888231338550674,0.815310739219493,0.807512564471714,0,1e+05,1679.25543581024,98514.3223439344,6011296.87690433,60.1129687690433,2023,"Total","GMoH report",17.8720212309566
0,1,0.0170278,0.00627487,0.0064436,0.00657136,0.00626507,0.00768796,0.00851062,0.00977746,0.00839278,0.00807025,0.00772635,0.00993265,0.0126395,0.0183645,0.0234741,0.0411051,0.0418726,0.15374,0.11531187649,0.0167750950624466,0.0247883921238279,0.0317072282599603,0.0323257398160067,0.0308422774323178,0.0377149229523482,0.0416665789496488,0.0477208287639833,0.0411015101687155,0.0395532386886817,0.0378996844329536,0.0484599116464619,0.0612617066470854,0.0877918657056227,0.11086439524873,0.186373270225169,0.189523405615103,1,0.983224904937553,0.975211607876172,0.96829277174004,0.967674260183993,0.969157722567682,0.962285077047652,0.958333421050351,0.952279171236017,0.958898489831284,0.960446761311318,0.962100315567046,0.951540088353538,0.938738293352915,0.912208134294377,0.88913560475127,0.813626729774831,0.810476594384897,0,1e+05,1677.50950624466,98515.9272627502,5973297.53470263,59.7329753470263,2023,"Total","GMoH report",18.2520146529737
0,1,0.0170555,0.00576484,0.00623213,0.00620087,0.00623098,0.00730021,0.00776443,0.0092236,0.00814028,0.00772173,0.00711258,0.00981334,0.0117124,0.0175693,0.0236407,0.0410786,0.0414027,0.153015,0.115256602525,0.0168019627337927,0.0227965233803125,0.0306826050416052,0.0305310522845507,0.0306770300975076,0.0358468265950563,0.0380829195915887,0.0450785340825896,0.0398896183439674,0.0378774513686087,0.0349415879018035,0.0478917548169613,0.0568960274210833,0.084150343428025,0.111607312517423,0.186264307540651,0.187596043250302,1,0.983198037266207,0.977203476619688,0.969317394958395,0.969468947715449,0.969322969902492,0.964153173404944,0.961917080408411,0.95492146591741,0.960110381656033,0.962122548631391,0.965058412098197,0.952108245183039,0.943103972578917,0.915849656571975,0.888392687482577,0.813735692459349,0.812403956749698,0,1e+05,1680.19627337928,98513.4574406656,6055584.45827108,60.5558445827108,2023,"Total","GMoH report",17.4291454172892
0,1,0.0179629,0.00694558,0.00747913,0.00762709,0.00709794,0.0085856,0.00915125,0.0106845,0.00959815,0.00896378,0.00814013,0.0107245,0.013094,0.0195006,0.0246131,0.0415637,0.0440189,0.154355,0.113445931195,0.0176813234723745,0.0274016788942119,0.0367092665580198,0.0374218995111439,0.0348709207420701,0.0420259549039418,0.0447328463496079,0.0520326430629839,0.0468661784727299,0.0438365470898181,0.0398888979625699,0.0522223534266887,0.0633947721341874,0.0929705464068466,0.115931891879926,0.188256869846865,0.198274893253418,1,0.982318676527626,0.972598321105788,0.96329073344198,0.962578100488856,0.96512907925793,0.957974045096058,0.955267153650392,0.947967356937016,0.95313382152727,0.956163452910182,0.96011110203743,0.947777646573311,0.936605227865813,0.907029453593153,0.884068108120075,0.811743130153135,0.801725106746582,0,1e+05,1768.13234723745,98432.4550733709,5788304.83035598,57.8830483035598,2023,"Total","GMoH report",20.1019416964402
0,1,0.0170018,0.00650375,0.00669608,0.0066689,0.00674729,0.0079984,0.00815634,0.0097972,0.00858044,0.00801386,0.00740351,0.0103286,0.0126985,0.0185231,0.0243042,0.0404819,0.0422912,0.152507,0.11536375819,0.0167498750378438,0.0256809549781221,0.0329291592876922,0.0327976887340045,0.0331768160028798,0.0392079968941055,0.0399667441157474,0.0478148703797879,0.0420012274694305,0.0392822930083797,0.0363448513244277,0.0503430665081596,0.0615388715975464,0.0885165000450393,0.11456026124653,0.183807325567748,0.191236904555189,1,0.983250124962156,0.974319045021878,0.967070840712308,0.967202311265996,0.96682318399712,0.960792003105895,0.960033255884253,0.952185129620212,0.95799877253057,0.96071770699162,0.963655148675572,0.94965693349184,0.938461128402454,0.911483499954961,0.88543973875347,0.816192674432253,0.808763095444811,0,1e+05,1674.98750378437,98518.2453495735,5945175.26540836,59.4517526540836,2023,"Total","GMoH report",18.5332373459164
0,1,0.016933,0.00601957,0.00665957,0.00645953,0.00646763,0.00776783,0.00854395,0.00979684,0.00882107,0.00819519,0.00783698,0.0097881,0.0123457,0.0184243,0.0232849,0.0415101,0.043313,0.151477,0.11550104515,0.0166831330328894,0.0237918466275919,0.0327525551654914,0.0317843697747719,0.0318235919549116,0.0380992782093673,0.0418263445095687,0.0478131554162302,0.0431536955764046,0.0401532903903155,0.038431924441967,0.0477715189874962,0.0598803382695636,0.0880651530037811,0.110019988901092,0.18803692146567,0.195405954709201,1,0.983316866967111,0.976208153372408,0.967247444834509,0.968215630225228,0.968176408045088,0.961900721790633,0.958173655490431,0.95218684458377,0.956846304423595,0.959846709609685,0.961568075558033,0.952228481012504,0.940119661730436,0.911934846996219,0.889980011098908,0.81196307853433,0.804594045290799,0,1e+05,1668.31330328893,98524.3786268786,5965042.4508449,59.650424508449,2023,"Total","GMoH report",18.334565491551
0,1,0.0172357,0.0063762,0.00668539,0.00663853,0.00660222,0.00762984,0.00852123,0.00967369,0.00909927,0.00800872,0.00750154,0.0105513,0.0122931,0.0190797,0.0242742,0.0412391,0.0428086,0.1529,0.114897022435,0.0169767139575422,0.0251836480466499,0.032877453502817,0.0326507672551344,0.032475080927989,0.0374351396845727,0.0417174402417226,0.0472263180972154,0.0444844108374967,0.0392575923377324,0.0368172350956023,0.0514006410404741,0.0596328194675099,0.0910552336464878,0.114426943707631,0.186924050928397,0.193350354984072,1,0.983023286042458,0.97481635195335,0.967122546497183,0.967349232744866,0.967524919072011,0.962564860315427,0.958282559758277,0.952773681902785,0.955515589162503,0.960742407662268,0.963182764904398,0.948599358959526,0.94036718053249,0.908944766353512,0.885573056292369,0.813075949071603,0.806649645015928,0,1e+05,1697.67139575422,98497.385992691,5940686.97018885,59.4068697018885,2023,"Total","GMoH report",18.5781202981115
0,1,0.0173316,0.00659366,0.00706207,0.00680858,0.00661188,0.0079308,0.00872745,0.0103439,0.00913456,0.00828667,0.00828406,0.010479,0.0124738,0.0181867,0.0239476,0.0405814,0.0429368,0.153614,0.11470565878,0.0170696900599942,0.0260313561760722,0.0346977550622685,0.0334731386442243,0.0325218240057324,0.0388830654611027,0.0427054752500719,0.0504157610238632,0.0446530843055644,0.0405924102298025,0.0405798845049204,0.0510574231568485,0.060482871881802,0.086978854181637,0.112974339281553,0.184217490797387,0.193873256861927,1,0.982930309940006,0.973968643823928,0.965302244937732,0.966526861355776,0.967478175994268,0.961116934538897,0.957294524749928,0.949584238976137,0.955346915694436,0.959407589770197,0.95942011549508,0.948942576843152,0.939517128118198,0.913021145818363,0.887025660718447,0.815782509202613,0.806126743138073,0,1e+05,1706.96900599942,98488.8299983508,5895949.96330151,58.9594996330151,2023,"Total","GMoH report",19.0254903669849
0,1,0.016808,0.00633016,0.00639611,0.0061377,0.00646271,0.00751418,0.00815364,0.00942828,0.00845648,0.00781451,0.00759393,0.00995062,0.012052,0.0180157,0.0231523,0.0401529,0.0420278,0.151617,0.1157504764,0.0165618500666093,0.02500408034157,0.0314772205865848,0.0302247242745502,0.0317997682985482,0.0368781277745967,0.0399537781899973,0.0460558318052676,0.0414070062005137,0.0383238448283755,0.0372622330268755,0.0485454565235198,0.0584974711929562,0.0861962840151698,0.109427740319502,0.182449780519451,0.190159080492222,1,0.983438149933391,0.97499591965843,0.968522779413415,0.96977527572545,0.968200231701452,0.963121872225403,0.960046221810003,0.953944168194732,0.958592993799486,0.961676155171625,0.962737766973124,0.95145454347648,0.941502528807044,0.91380371598483,0.890572259680498,0.817550219480549,0.809840919507778,0,1e+05,1656.18500666093,98535.5191968666,6011072.82500101,60.1107282500101,2023,"Total","GMoH report",17.8742617499899
0,1,0.0172805,0.00634082,0.00654457,0.0064716,0.00640905,0.00803635,0.0083048,0.00987807,0.00871633,0.00832499,0.00749557,0.00999843,0.0121058,0.0186756,0.024231,0.0410527,0.0421214,0.151646,0.114807626275,0.0170201501362538,0.0250456599568646,0.0321960763121249,0.0318428150945847,0.0315398980411484,0.03939036313799,0.0406794140063991,0.0482000415391826,0.0426522228754599,0.0407762943923662,0.0367884735532217,0.0487730160332565,0.0587509324061928,0.0892127460974559,0.114234933326419,0.186157799283396,0.190542235684588,1,0.982979849863746,0.974954340043135,0.967803923687875,0.968157184905415,0.968460101958852,0.96060963686201,0.959320585993601,0.951799958460817,0.95734777712454,0.959223705607634,0.963211526446778,0.951226983966743,0.941249067593807,0.910787253902544,0.885765066673581,0.813842200716604,0.809457764315412,0,1e+05,1702.01501362538,98493.3892899734,5958408.28979305,59.5840828979305,2023,"Total","GMoH report",18.4009071020695
0,1,0.0177526,0.00612888,0.00651043,0.00655148,0.00668763,0.00784452,0.00842561,0.00976729,0.00831915,0.00805528,0.00743397,0.0101171,0.0122592,0.0178886,0.0232861,0.0408551,0.0424762,0.152075,0.11386557433,0.0174776556776897,0.024218653557173,0.0320308140679195,0.0322295223227327,0.0328882882422561,0.0384681888088137,0.0412589700239414,0.0476723752156986,0.0407482725216292,0.0394813173352395,0.0364916553227017,0.0493376160125974,0.0594732634226234,0.0856142043597265,0.110025346922566,0.185344799232219,0.191993151270057,1,0.98252234432231,0.975781346442827,0.96796918593208,0.967770477677267,0.967111711757744,0.961531811191186,0.958741029976059,0.952327624784301,0.959251727478371,0.96051868266476,0.963508344677298,0.950662383987403,0.940526736577377,0.914385795640273,0.889974653077434,0.814655200767781,0.808006848729943,0,1e+05,1747.76556776896,98451.2447623992,5970710.62216023,59.7071062216023,2023,"Total","GMoH report",18.2778837783977
0,1,0.0181254,0.00674223,0.00689349,0.00689802,0.00706455,0.00830086,0.00867622,0.0101896,0.00950642,0.0082647,0.00789876,0.0106083,0.0129689,0.0189299,0.0247409,0.0421742,0.0427219,0.153155,0.11312167057,0.0178386433712553,0.0266100972085946,0.0338835108912654,0.0339053996871255,0.0347097284693546,0.040660507058447,0.0424601167153792,0.0496823907773381,0.04642867381664,0.0404869683810528,0.0387290218778797,0.0516711425463148,0.0628081194491885,0.0903726375224113,0.116498787849251,0.190758302949381,0.192996551559794,1,0.982161356628745,0.973389902791405,0.966116489108735,0.966094600312874,0.965290271530646,0.959339492941553,0.957539883284621,0.950317609222662,0.95357132618336,0.959513031618947,0.96127097812212,0.948328857453685,0.937191880550811,0.909627362477589,0.883501212150749,0.809241697050619,0.807003448440206,0,1e+05,1783.86433712553,98417.9293767604,5862278.98722136,58.6227898722136,2023,"Total","GMoH report",19.3622001277864
0,1,0.0172666,0.00608289,0.00640379,0.00592491,0.00616903,0.00716837,0.00770868,0.00932651,0.00820861,0.00746964,0.00703808,0.00943173,0.0118131,0.0184267,0.0229705,0.040515,0.0418676,0.152319,0.11483536303,0.0170066736777014,0.0240391055307165,0.0315144206701419,0.0291921478777935,0.0303766636269634,0.0352108391916592,0.0378146474585726,0.0455700267251198,0.0402177210323908,0.0366635413622473,0.0345819241285729,0.0460722963508471,0.0573711715338827,0.0880761194254573,0.108615139826536,0.183943793060395,0.189502918973919,1,0.982993326322299,0.975960894469283,0.968485579329858,0.970807852122207,0.969623336373037,0.964789160808341,0.962185352541427,0.95442997327488,0.959782278967609,0.963336458637753,0.965418075871427,0.953927703649153,0.942628828466117,0.911923880574543,0.891384860173464,0.816056206939605,0.810497081026081,0,1e+05,1700.66736777013,98494.629386801,6057654.16933057,60.5765416933057,2023,"Total","GMoH report",17.4084483066943
0,1,0.0179302,0.00680888,0.00702276,0.00677926,0.00670255,0.00811864,0.0086313,0.0101441,0.00888524,0.0085612,0.00788643,0.0103609,0.0130196,0.018514,0.0236758,0.0416103,0.0435295,0.152097,0.11351118241,0.017649660034013,0.0268696160177777,0.0345079474179773,0.0333313945258664,0.0329604523010736,0.0397856858486052,0.0422449283743071,0.0494660291346383,0.0434608008838862,0.0419090212188529,0.0386697346121566,0.0504965263503419,0.0630459184019354,0.0884749375170245,0.111763758987414,0.188448050237959,0.196286830977421,1,0.982350339965987,0.973130383982222,0.965492052582023,0.966668605474134,0.967039547698926,0.960214314151395,0.957755071625693,0.950533970865362,0.956539199116114,0.958090978781147,0.961330265387843,0.949503473649658,0.936954081598065,0.911525062482975,0.888236241012586,0.811551949762041,0.803713169022579,0,1e+05,1764.96600340131,98435.3773745582,5887991.0098127,58.879910098127,2023,"Total","GMoH report",19.105079901873
0,1,0.0174109,0.00627619,0.00653941,0.00645487,0.00646805,0.00769047,0.00820034,0.0095535,0.00850284,0.00789269,0.00748867,0.0109094,0.012414,0.017914,0.0232636,0.0407053,0.0429072,0.153208,0.114547419595,0.0171465596122318,0.0247935420387832,0.0321710999678973,0.0317618042071928,0.0318256256549562,0.0377270040185143,0.0401780165102263,0.0466532455466746,0.0416292821856514,0.0386998354885938,0.0367552305196608,0.0530988096159397,0.06020164203931,0.0857305570045512,0.109924878964314,0.184727980353311,0.193752551324521,1,0.982853440387768,0.975206457961217,0.967828900032103,0.968238195792807,0.968174374345044,0.962272995981486,0.959821983489774,0.953346754453325,0.958370717814349,0.961300164511406,0.963244769480339,0.94690119038406,0.93979835796069,0.914269442995449,0.890075121035686,0.815272019646689,0.806247448675479,0,1e+05,1714.65596122319,98481.7534546281,5975369.293001,59.75369293001,2023,"Total","GMoH report",18.2312970699899
0,1,0.0173114,0.006867,0.00668248,0.00662011,0.00691556,0.00801011,0.00868337,0.00985435,0.00895666,0.00809933,0.00805296,0.0100953,0.0126302,0.018621,0.0236359,0.0416761,0.0421042,0.151961,0.11474596687,0.0170501073324234,0.0270958653848051,0.0328633778371766,0.0325616458074344,0.0339901477348273,0.0392642721524719,0.0424943642801027,0.048087082642895,0.0438024899753436,0.039692934560809,0.0394701707347007,0.0492339219688692,0.061218010703046,0.0889635254800882,0.111585916113342,0.188717931533991,0.190471838991803,1,0.982949892667577,0.972904134615195,0.967136622162823,0.967438354192566,0.966009852265173,0.960735727847528,0.957505635719897,0.951912917357105,0.956197510024656,0.960307065439191,0.960529829265299,0.950766078031131,0.938781989296954,0.911036474519912,0.888414083886658,0.811282068466009,0.809528161008197,0,1e+05,1705.01073324234,98490.6323718673,5912925.0336839,59.129250336839,2023,"Total","GMoH report",18.855739663161
0,1,0.0170209,0.00657833,0.00688385,0.00691379,0.00684737,0.00788752,0.00865495,0.0098452,0.00880724,0.00841088,0.0080974,0.010331,0.0124923,0.018554,0.0238768,0.0411668,0.0423514,0.153805,0.115325645095,0.016768402175952,0.0259716202230759,0.033836929138377,0.0339815959542683,0.0336606329788982,0.0386749758855088,0.0423582291123599,0.048043505206356,0.0430874952214643,0.0411883248555964,0.0396836637528198,0.0503544699279362,0.0605698579100749,0.0886576164604806,0.112659150017175,0.186626917528699,0.191483060752153,1,0.983231597824048,0.974028379776924,0.966163070861623,0.966018404045732,0.966339367021102,0.961325024114491,0.95764177088764,0.951956494793644,0.956912504778536,0.958811675144404,0.96031633624718,0.949645530072064,0.939430142089925,0.911342383539519,0.887340849982825,0.813373082471301,0.808516939247847,0,1e+05,1676.84021759519,98516.5424622202,5908205.57070437,59.0820557070437,2023,"Total","GMoH report",18.9029342929563
0,1,0.0173526,0.00597735,0.00631694,0.00671834,0.00630195,0.0077036,0.00820413,0.00916693,0.00814695,0.00780601,0.0075778,0.00997798,0.0120577,0.0187347,0.0230647,0.0412101,0.0419662,0.151607,0.11466375433,0.0170900475522219,0.0236269469374469,0.0310936580689941,0.0330368185511379,0.0310210177430849,0.0377901985658209,0.0401962126154873,0.0448077756430609,0.0399216507681853,0.0382829571344473,0.0371845571569403,0.0486756874113093,0.0585243280249344,0.0894824336268286,0.109036277429906,0.186804880486643,0.189906829979306,1,0.982909952447778,0.976373053062553,0.968906341931006,0.966963181448862,0.968978982256915,0.962209801434179,0.959803787384513,0.955192224356939,0.960078349231815,0.961717042865553,0.96281544284306,0.951324312588691,0.941475671975066,0.910517566373171,0.890963722570094,0.813195119513357,0.810093170020694,0,1e+05,1709.00475522218,98486.9561461794,6005249.11999253,60.0524911999253,2023,"Total","GMoH report",17.9324988000747
0,1,0.0171922,0.00643514,0.00660104,0.0063699,0.00680691,0.00791543,0.00847786,0.00979034,0.0086453,0.00802186,0.00735882,0.0104068,0.0126591,0.0185033,0.0236736,0.041555,0.0425486,0.151625,0.11498382451,0.0169345347024888,0.025413481378879,0.0324693709588151,0.0313502550262704,0.0334650657728503,0.0388091717932808,0.0415095202467032,0.0477821902780822,0.0423120001624881,0.0393207363938785,0.0361294251588808,0.0507145593104208,0.0613537905743506,0.0884260649796549,0.11175395398722,0.188221172900318,0.192288937305417,1,0.983065465297511,0.974586518621121,0.967530629041185,0.96864974497373,0.96653493422715,0.961190828206719,0.958490479753297,0.952217809721918,0.957687999837512,0.960679263606122,0.963870574841119,0.949285440689579,0.938646209425649,0.911573935020345,0.88824604601278,0.811778827099682,0.807711062694583,0,1e+05,1693.45347024887,98501.2662863901,5949780.26069065,59.4978026069065,2023,"Total","GMoH report",18.4871873930935
0,1,0.0171132,0.00597911,0.00606857,0.00596982,0.00601193,0.00692387,0.00773965,0.0085032,0.00791474,0.00785145,0.00726569,0.00952397,0.0110487,0.0177324,0.0225221,0.0406794,0.0413635,0.151183,0.11514146506,0.0168579244773328,0.0236338215623171,0.0298893854306429,0.0294101664995689,0.0296145485183157,0.0340302966252631,0.037963685896135,0.0416310080312712,0.038805854380256,0.0385015181385281,0.035680344199876,0.0465123934015389,0.0537585935681101,0.0848983703442682,0.10660791471026,0.184621291578413,0.187435073357901,1,0.983142075522667,0.976366178437683,0.970110614569357,0.970589833500431,0.970385451481684,0.965969703374737,0.962036314103865,0.958368991968729,0.961194145619744,0.961498481861472,0.964319655800124,0.953487606598461,0.94624140643189,0.915101629655732,0.89339208528974,0.815378708421587,0.812564926642099,0,1e+05,1685.79244773329,98508.3121644858,6098736.64099412,60.9873664099412,2023,"Total","GMoH report",16.9976235900588
0,1,0.0173247,0.00655066,0.00664696,0.00647696,0.00647896,0.00769878,0.00830715,0.00934266,0.00831409,0.00777076,0.00753793,0.0102719,0.0117719,0.0184149,0.0235571,0.041155,0.0415033,0.15198,0.114719427385,0.0170630009941528,0.0258637902080712,0.0326915514135406,0.0318687681584708,0.0318784519621877,0.0377670004310535,0.0406906908193991,0.0456471358250323,0.040723992649874,0.0381133752699679,0.036992532204303,0.0500736219078128,0.0571768010396047,0.0880221999742361,0.111234589149845,0.186578413482789,0.188009013749161,1,0.982936999005847,0.974136209791929,0.967308448586459,0.968131231841529,0.968121548037812,0.962232999568946,0.959309309180601,0.954352864174968,0.959276007350126,0.961886624730032,0.963007467795697,0.949926378092187,0.942823198960395,0.911977800025764,0.888765410850155,0.81342158651721,0.811990986250839,0,1e+05,1706.30009941528,98489.4456709366,5979280.9959915,59.792809959915,2023,"Total","GMoH report",18.192180040085
0,1,0.0170576,0.00603397,0.00638166,0.00614399,0.00593194,0.00733912,0.00753665,0.00923115,0.00801186,0.00732435,0.00714335,0.00938194,0.0117451,0.0174731,0.0227764,0.0405443,0.0424697,0.152245,0.11525241208,0.0168039995760603,0.0238480827680403,0.0314072244303545,0.030255230417173,0.0292262786712472,0.0360344471702104,0.0369863667476287,0.0451146008802116,0.0392726819264519,0.0359632317586709,0.0350900978733903,0.0458346550412067,0.0570503449828547,0.0837088665113992,0.107746790028961,0.184064576479596,0.191966591158671,1,0.98319600042394,0.97615191723196,0.968592775569646,0.969744769582827,0.970773721328753,0.96396555282979,0.963013633252371,0.954885399119788,0.960727318073548,0.964036768241329,0.96490990212661,0.954165344958793,0.942949655017145,0.916291133488601,0.892253209971039,0.815935423520404,0.808033408841329,0,1e+05,1680.39995760603,98513.2701907672,6070839.25502153,60.7083925502153,2023,"Total","GMoH report",17.2765974497847
0,1,0.0170866,0.00680014,0.00669576,0.00657412,0.00666619,0.00805196,0.00848257,0.0101178,0.00892248,0.00868119,0.00827826,0.0104649,0.0126049,0.0192636,0.0244552,0.0412793,0.0423846,0.151766,0.11519454403,0.0168321265762524,0.0268355884826709,0.0329276115393974,0.0323390972352102,0.0327845794114332,0.0394653661264119,0.0415321025815128,0.0493409454551838,0.0436389801803021,0.0424839224922488,0.0405520489873745,0.0509904744595701,0.06109912897302,0.0918925468368826,0.115231006711662,0.18708921991129,0.191618786006565,1,0.983167873423748,0.973164411517329,0.967072388460603,0.96766090276479,0.967215420588567,0.960534633873588,0.958467897418487,0.950659054544816,0.956361019819698,0.957516077507751,0.959447951012626,0.94900952554043,0.93890087102698,0.908107453163117,0.884768993288338,0.81291078008871,0.808381213993435,0,1e+05,1683.21265762523,98510.6842569754,5903933.80478755,59.0393380478755,2023,"Total","GMoH report",18.9456519521245
0,1,0.0169897,0.00606333,0.00644105,0.00634127,0.00610599,0.00752102,0.00815494,0.00963247,0.00855474,0.00771327,0.00732551,0.0100956,0.0125942,0.0183158,0.0232823,0.0399603,0.0414165,0.152115,0.115387903135,0.0167381376065205,0.0239627320952103,0.0316948792450959,0.0312115478696023,0.0300709181856687,0.0369110776175423,0.0399600210645496,0.0470298167525636,0.0418780602080397,0.0378367375680463,0.0359688250313613,0.0492353490259344,0.0610488465421957,0.0875692479222635,0.110008379750346,0.181654117428323,0.187652704418616,1,0.98326186239348,0.97603726790479,0.968305120754904,0.968788452130398,0.969929081814331,0.963088922382458,0.96003997893545,0.952970183247436,0.95812193979196,0.962163262431954,0.964031174968639,0.950764650974066,0.938951153457804,0.912430752077736,0.889991620249654,0.818345882571678,0.812347295581384,0,1e+05,1673.81376065206,98519.3240994281,6010843.3151207,60.108433151207,2023,"Total","GMoH report",17.876556848793
0,1,0.0171008,0.00642079,0.00669536,0.00666435,0.00662526,0.0077578,0.00850635,0.0097609,0.00892082,0.0087751,0.00765292,0.0100803,0.0128093,0.018635,0.0241789,0.0402878,0.0424476,0.152735,0.11516620864,0.0168458985485291,0.0253575292594129,0.0329256768506039,0.032775678517185,0.0325865638548869,0.0380510195022634,0.0416461090506916,0.0476419297204785,0.0436310384000502,0.042933632699252,0.0375462538082641,0.0491625664534483,0.0620591638802711,0.0890274343998949,0.11400331322468,0.183006660643334,0.191876280942647,1,0.983154101451471,0.974642470740587,0.967074323149396,0.967224321482815,0.967413436145113,0.961948980497737,0.958353890949308,0.952358070279522,0.95636896159995,0.957066367300748,0.962453746191736,0.950837433546552,0.937940836119729,0.910972565600105,0.88599668677532,0.816993339356666,0.808123719057353,0,1e+05,1684.58985485291,98509.4179718439,5933734.86756248,59.3373486756248,2023,"Total","GMoH report",18.6476413243752
0,1,0.0171046,0.00594655,0.00643652,0.00626148,0.00616552,0.00720366,0.00785205,0.00963173,0.00838669,0.00789637,0.00746802,0.00965113,0.0121165,0.0181815,0.0233016,0.0410281,0.043218,0.152861,0.11515862593,0.0168495839435821,0.0235066332599758,0.0316729412012483,0.030824876628717,0.0303596425417894,0.0353811161716965,0.0385044037415038,0.0470262887105938,0.041072298414035,0.0387175301412954,0.0366557355838625,0.0471187764085992,0.0588013340887831,0.0869550661614634,0.110094551969565,0.186056625416839,0.195019155359214,1,0.983150416056418,0.976493366740024,0.968327058798752,0.969175123371283,0.969640357458211,0.964618883828304,0.961495596258496,0.952973711289406,0.958927701585965,0.961282469858705,0.963344264416138,0.952881223591401,0.941198665911217,0.913044933838537,0.889905448030435,0.813943374583161,0.804980844640786,0,1e+05,1684.95839435821,98509.0790990853,6024920.101599,60.24920101599,2023,"Total","GMoH report",17.73578898401
0,1,0.0177991,0.00670233,0.00694829,0.00666314,0.00657786,0.00806035,0.00860542,0.0100188,0.00899083,0.00856926,0.00776044,0.0106876,0.0125932,0.0189772,0.0240939,0.0425242,0.0439169,0.152659,0.113772785905,0.0175226961704333,0.0264547036916132,0.0341482697961454,0.0327698251678281,0.0323571972167889,0.039505676059926,0.0421209292818485,0.0488699542557561,0.0439659246149846,0.0419476492186417,0.0380637219245692,0.0520473469371853,0.0610441471163364,0.0905882229391003,0.113625307980143,0.192189263321644,0.197860905948839,1,0.982477303829567,0.973545296308387,0.965851730203855,0.967230174832172,0.967642802783211,0.960494323940074,0.957879070718151,0.951130045744244,0.956034075385015,0.958052350781358,0.961936278075431,0.947952653062815,0.938955852883664,0.9094117770609,0.886374692019857,0.807810736678356,0.802139094051161,0,1e+05,1752.26961704333,98447.0909789444,5894462.43348415,58.9446243348415,2023,"Total","GMoH report",19.0403656651585
0,1,0.0174516,0.00660047,0.00702367,0.00713008,0.00691456,0.0079268,0.00924325,0.0101834,0.00951126,0.00832602,0.00818462,0.0107333,0.0131983,0.0193027,0.0248414,0.0416053,0.0427771,0.153876,0.11446620478,0.017186007752744,0.0260578913398955,0.0345123417515252,0.0350260535895555,0.0339853162295299,0.0388638353743858,0.0451724005221833,0.0496529113562372,0.0464517630113516,0.0407812365227178,0.0401025398752163,0.0522640847479374,0.0638836122994698,0.0920704779625793,0.116944346760932,0.188427539252812,0.193221826512708,1,0.982813992247256,0.973942108660104,0.965487658248475,0.964973946410445,0.96601468377047,0.961136164625614,0.954827599477817,0.950347088643763,0.953548236988648,0.959218763477282,0.959897460124784,0.947735915252063,0.93611638770053,0.907929522037421,0.883055653239068,0.811572460747188,0.806778173487292,0,1e+05,1718.6007752744,98478.1209330032,5853572.52436402,58.5357252436402,2023,"Total","GMoH report",19.4492647563598
0,1,0.0175255,0.0066094,0.00688089,0.0067818,0.00664938,0.00787385,0.00846717,0.0103173,0.00877598,0.00841641,0.00765698,0.0105272,0.0126734,0.0185616,0.0238008,0.0408502,0.043729,0.153492,0.114318741025,0.0172576269946397,0.0260926860022732,0.0338226255846029,0.033343674667844,0.0327032590090264,0.0386092415583887,0.0414582645650567,0.0502893736140299,0.0429378458098247,0.0412148473661967,0.0375657985789916,0.0512862485116699,0.0614209687370206,0.0886923215125325,0.112320694061927,0.185324629545365,0.197097778148374,1,0.98274237300536,0.973907313997727,0.966177374415397,0.966656325332156,0.967296740990974,0.961390758441611,0.958541735434943,0.94971062638597,0.957062154190175,0.958785152633803,0.962434201421008,0.94871375148833,0.938579031262979,0.911307678487468,0.887679305938073,0.814675370454635,0.802902221851626,0,1e+05,1725.76269946396,98471.5243196467,5909646.14193117,59.0964614193117,2023,"Total","GMoH report",18.8885285806883
0,1,0.0176197,0.00682885,0.00706337,0.00698924,0.00699081,0.00833095,0.00867234,0.0100917,0.00904257,0.00839894,0.00810354,0.0107807,0.0130891,0.0188762,0.0237799,0.0413972,0.0432501,0.152809,0.114130769635,0.0173489052734552,0.0269473610272975,0.0347040314632093,0.0343460677240509,0.0343536503932362,0.0408048912285488,0.0424415315213161,0.0492167971212292,0.0442133443470199,0.041131056804408,0.03971315710714,0.0524888340664496,0.0633718004178759,0.0901278229701282,0.112227597391948,0.187573459913203,0.195149871370587,1,0.982651094726545,0.973052638972703,0.965295968536791,0.965653932275949,0.965646349606764,0.959195108771451,0.957558468478684,0.950783202878771,0.95578665565298,0.958868943195592,0.96028684289286,0.94751116593355,0.936628199582124,0.909872177029872,0.887772402608052,0.812426540086797,0.804850128629413,0,1e+05,1734.89052734552,98463.1138637729,5864994.16237838,58.6499416237838,2023,"Total","GMoH report",19.3350483762162
0,1,0.0175341,0.00660682,0.00714944,0.007128,0.00694409,0.00841073,0.00894515,0.0100669,0.00925603,0.00853248,0.0080913,0.0101516,0.0131077,0.0185131,0.0242162,0.0426235,0.0431926,0.15295,0.114301580155,0.0172659609275538,0.0260826334710614,0.0351194883136767,0.0350160146194809,0.034127980578364,0.0411876054284862,0.0437474316543429,0.0490988177782698,0.0452334446971985,0.0417713666242645,0.0396543616587759,0.0495016964458995,0.0634589962859564,0.0884708268391121,0.114169142998311,0.192594835113816,0.194915709332692,1,0.982734039072446,0.973917366528939,0.964880511686323,0.964983985380519,0.965872019421636,0.958812394571514,0.956252568345657,0.95090118222173,0.954766555302802,0.958228633375735,0.960345638341224,0.9504983035541,0.936541003714044,0.911529173160888,0.885830857001689,0.807405164886184,0.805084290667308,0,1e+05,1726.59609275538,98470.756568936,5858077.14843838,58.5807714843838,2023,"Total","GMoH report",19.4042185156162
0,1,0.0167441,0.00624349,0.00627643,0.00638465,0.00637533,0.00764459,0.00811951,0.00957529,0.00816319,0.00776648,0.00742885,0.00964738,0.0124664,0.0180744,0.0231764,0.0421055,0.0421328,0.153259,0.115877985655,0.0164998392276102,0.0246659566921048,0.0308973375590605,0.0314217084725026,0.0313765601863676,0.0375061521115735,0.0397898644933686,0.0467571664296447,0.0399996383799333,0.0380927829084921,0.0364669806765034,0.0471008993149181,0.0604480752856475,0.0864649928338114,0.109535408874408,0.190477159863426,0.190588890939555,1,0.98350016077239,0.975334043307895,0.96910266244094,0.968578291527497,0.968623439813632,0.962493847888427,0.960210135506631,0.953242833570355,0.960000361620067,0.961907217091508,0.963533019323497,0.952899100685082,0.939551924714352,0.913535007166189,0.890464591125592,0.809522840136574,0.809411109060445,0,1e+05,1649.98392276102,98541.2128905717,6006470.2635023,60.064702635023,2023,"Total","GMoH report",17.920287364977
0,1,0.0170585,0.00596405,0.00632597,0.00607038,0.00640796,0.00756343,0.00812222,0.00931288,0.0080611,0.00783557,0.00751454,0.00958893,0.0117525,0.0175471,0.0225375,0.0407766,0.0421933,0.15143,0.115250616175,0.0168048725060012,0.0235749951009365,0.031137414130827,0.0298981669138242,0.0315346185640655,0.0371153515907941,0.0398028806174778,0.045504944774765,0.0395092793701727,0.0384251427603531,0.036879862004433,0.046822212699938,0.0570852635988853,0.0840484821951823,0.106676922166672,0.185021618661245,0.190836450936728,1,0.983195127493999,0.976425004899063,0.968862585869173,0.970101833086176,0.968465381435935,0.962884648409206,0.960197119382522,0.954495055225235,0.960490720629827,0.961574857239647,0.963120137995567,0.953177787300062,0.942914736401115,0.915951517804818,0.893323077833328,0.814978381338755,0.809163549063272,0,1e+05,1680.48725060011,98513.1899405058,6038237.7295201,60.382377295201,2023,"Total","GMoH report",17.602612704799
0,1,0.0175404,0.00596911,0.00614624,0.0060657,0.00597648,0.00728853,0.0079066,0.00876029,0.00814194,0.00761661,0.00728693,0.00960876,0.0120156,0.0177676,0.0225035,0.0400395,0.0422172,0.151931,0.11428900882,0.0172720659322903,0.0235947605576159,0.0302661425598819,0.0298754610399253,0.0294424938114642,0.0357904996735361,0.0387667176750756,0.0428627252417303,0.0398975905294124,0.0373714407761745,0.035782783405301,0.0469167700417345,0.0583259468816229,0.0850597317743166,0.106524561334995,0.181981390307007,0.190934228700286,1,0.98272793406771,0.976405239442384,0.969733857440118,0.970124538960075,0.970557506188536,0.964209500326464,0.961233282324924,0.95713727475827,0.960102409470588,0.962628559223826,0.964217216594699,0.953083229958266,0.941674053118377,0.914940268225683,0.893475438665005,0.818018609692993,0.809065771299714,0,1e+05,1727.20659322904,98470.1941363385,6069625.132835,60.69625132835,2023,"Total","GMoH report",17.2887386716499
0,1,0.0169844,0.00602366,0.00612215,0.00619294,0.00606959,0.00711669,0.0078365,0.00932422,0.00802281,0.00731226,0.00723117,0.00979913,0.0117688,0.0181247,0.0228091,0.0406824,0.0420583,0.153491,0.11539847902,0.0167329963336071,0.0238078195790292,0.0301493036023768,0.0304926028502613,0.0298943341214002,0.0349614259243462,0.0384296157896608,0.0455590924964079,0.0393253014457697,0.0359049344598662,0.0355138335800769,0.0478240644385946,0.0571621745018078,0.0866951892581328,0.107893136642518,0.184633649993737,0.190283951234486,1,0.983267003666393,0.976192180420971,0.969850696397623,0.969507397149739,0.9701056658786,0.965038574075654,0.961570384210339,0.954440907503592,0.96067469855423,0.964095065540134,0.964486166419923,0.952175935561405,0.942837825498192,0.913304810741867,0.892106863357482,0.815366350006263,0.809716048765514,0,1e+05,1673.2996333607,98519.7965992738,6062167.48025033,60.6216748025033,2023,"Total","GMoH report",17.3633151974967
0,1,0.0172171,0.0061644,0.00644735,0.00644429,0.00633601,0.00746519,0.00820597,0.00965059,0.00841655,0.00811082,0.00766091,0.0105164,0.0119307,0.0181902,0.0233682,0.0408446,0.0428478,0.152459,0.114934137805,0.016958679111991,0.0243573036744583,0.0317253882944495,0.0317105697314631,0.0311860619982955,0.0366420994146764,0.0402050464867038,0.0471162021272812,0.0412155188128395,0.0397481252763649,0.0375847171611328,0.051234981111595,0.0579257627557257,0.0869948650159664,0.110391852765512,0.185301577925645,0.193510275990984,1,0.983041320888009,0.975642696325542,0.96827461170555,0.968289430268537,0.968813938001705,0.963357900585324,0.959794953513296,0.952883797872719,0.95878448118716,0.960251874723635,0.962415282838867,0.948765018888405,0.942074237244274,0.913005134984034,0.889608147234488,0.814698422074355,0.806489724009016,0,1e+05,1695.86791119909,98499.0452050057,5989718.81862787,59.8971881862786,2023,"Total","GMoH report",18.0878018137213
0,1,0.0167783,0.00584045,0.00602877,0.00573088,0.00591198,0.00715496,0.00747549,0.00883829,0.00837928,0.00780911,0.00760836,0.00924458,0.0113489,0.0178468,0.0230348,0.0403462,0.0421303,0.153959,0.115809741265,0.0165330290517019,0.0230920639106659,0.0296962700451005,0.0282496614504669,0.0291293693770753,0.0351461271649497,0.0366917283785584,0.0432361166562946,0.0410367538725275,0.0382978693143956,0.0373317171414247,0.0451787534974807,0.0551789490624625,0.0854226955908242,0.108902624559492,0.183247635610345,0.190578659729948,1,0.983466970948298,0.976907936089334,0.9703037299549,0.971750338549533,0.970870630622925,0.96485387283505,0.963308271621442,0.956763883343705,0.958963246127473,0.961702130685604,0.962668282858575,0.954821246502519,0.944821050937537,0.914577304409176,0.891097375440507,0.816752364389655,0.809421340270052,0,1e+05,1653.30290517019,98538.1656765102,6091774.74902059,60.9177474902059,2023,"Total","GMoH report",17.0672425097941
0,1,0.0168876,0.00599968,0.00594049,0.00600051,0.00609649,0.0072832,0.00816889,0.00905393,0.00797259,0.00758219,0.00728712,0.00996644,0.0116991,0.0177451,0.0235517,0.0409157,0.0425394,0.153312,0.11559163858,0.0166390863493791,0.023714165194729,0.0292677875025475,0.0295591254306552,0.0300248347381678,0.0357647946195669,0.0400270094077969,0.0442676592790589,0.0390839492427665,0.0372056983157188,0.0357836997153261,0.0486207602749142,0.0568332551613545,0.0849565919504502,0.111210508658093,0.185594207690949,0.192251356602373,1,0.983360913650621,0.976285834805271,0.970732212497453,0.970440874569345,0.969975165261832,0.964235205380433,0.959972990592203,0.955732340720941,0.960916050757233,0.962794301684281,0.964216300284674,0.951379239725086,0.943166744838645,0.91504340804955,0.888789491341907,0.814405792309051,0.807748643397627,0,1e+05,1663.90863493791,98528.425290622,6061311.20761919,60.6131120761919,2023,"Total","GMoH report",17.3718779238081
0,1,0.0169886,0.00606152,0.00619513,0.00598016,0.00638537,0.00742538,0.00815326,0.00931729,0.00826941,0.00774544,0.00755211,0.00953163,0.0120586,0.017875,0.0233011,0.0412796,0.0431196,0.151757,0.11539009813,0.0167370705540856,0.0239556645207879,0.0305032214443339,0.029460355895224,0.0314251962367641,0.0364502574680056,0.0399519533422323,0.0455260025785864,0.0405095743029094,0.0379915468827806,0.0370608313130804,0.0465489320080112,0.0585285685094305,0.0855518994914747,0.110092319627802,0.187090452402513,0.194618337803157,1,0.983262929445914,0.976044335479212,0.969496778555666,0.970539644104776,0.968574803763236,0.963549742531994,0.960048046657768,0.954473997421414,0.95949042569709,0.962008453117219,0.96293916868692,0.953451067991989,0.94147143149057,0.914448100508525,0.889907680372198,0.812909547597487,0.805381662196843,0,1e+05,1673.70705540855,98519.4221659559,6033163.65977713,60.3316365977713,2023,"Total","GMoH report",17.6533534022287
0,1,0.0175541,0.00655295,0.00672855,0.00669239,0.00670824,0.00830481,0.00880866,0.0100257,0.00906005,0.00838123,0.00772731,0.0103619,0.0124242,0.0186068,0.0244054,0.0423209,0.0424006,0.152617,0.114261671155,0.0172853416449446,0.0258727147872695,0.0330861947114359,0.0329113116672776,0.0329879719181495,0.0406794619931124,0.0430942925719822,0.0489027882886365,0.0442969192420526,0.0410461078242994,0.0379043042272542,0.0505012770435072,0.0602496167780649,0.0888986992088996,0.115009846717313,0.191358355438325,0.191684188493415,1,0.982714658355055,0.97412728521273,0.966913805288564,0.967088688332722,0.96701202808185,0.959320538006888,0.956905707428018,0.951097211711363,0.955703080757947,0.958953892175701,0.962095695772746,0.949498722956493,0.939750383221935,0.9111013007911,0.884990153282687,0.808641644561675,0.808315811506585,0,1e+05,1728.53416449446,98468.9710377892,5901848.1689481,59.018481689481,2023,"Total","GMoH report",18.966508310519
0,1,0.017615,0.0065519,0.00684445,0.00673902,0.00663553,0.00813144,0.00863549,0.00981092,0.00885055,0.00851763,0.00785271,0.0103759,0.0129416,0.0182939,0.023827,0.0420946,0.0426701,0.152434,0.11414014825,0.0173443514332583,0.0258686227413223,0.0336465201872608,0.0331368256726389,0.0326362529117906,0.0398471629629906,0.0422650024842433,0.0478802273009221,0.0432947931707564,0.0417001831720212,0.038507577894971,0.0505677843167691,0.0626800496728835,0.0874691215913022,0.112437386008914,0.190432545432584,0.192785101139652,1,0.982655648566742,0.974131377258678,0.966353479812739,0.966863174327361,0.96736374708821,0.96015283703701,0.957734997515757,0.952119772699078,0.956705206829244,0.958299816827979,0.961492422105029,0.949432215683231,0.937319950327116,0.912530878408698,0.887562613991086,0.809567454567416,0.807214898860348,0,1e+05,1734.43514332583,98463.5335410634,5909108.36651502,59.0910836651502,2023,"Total","GMoH report",18.8939063348498
0,1,0.0171332,0.00630925,0.00653913,0.00631941,0.00641152,0.00784604,0.00842509,0.00966851,0.00843328,0.00788718,0.00736968,0.00971743,0.0121808,0.0182814,0.023034,0.0414631,0.0418085,0.154554,0.11510155606,0.0168773205462855,0.0249225152414261,0.0321697446442609,0.0311056269746011,0.0315518615220356,0.0384754992349564,0.0412564761875917,0.0472016265052933,0.041295753372497,0.0386733409959097,0.0361817796552753,0.0474347893864315,0.0591041601161432,0.0874119671589509,0.108899048303446,0.187844012330815,0.189260731742373,1,0.983122679453714,0.975077484758574,0.967830255355739,0.968894373025399,0.968448138477964,0.961524500765044,0.958743523812408,0.952798373494707,0.958704246627503,0.96132665900409,0.963818220344725,0.952565210613568,0.940895839883857,0.912588032841049,0.891100951696554,0.812155987669185,0.810739268257627,0,1e+05,1687.73205462855,98506.5285310715,5982392.47082227,59.8239247082227,2023,"Total","GMoH report",18.1610652917772
0,1,0.0174301,0.00682806,0.00679804,0.00709632,0.0069685,0.00810473,0.00899642,0.0104369,0.00925527,0.00844341,0.00824796,0.0109043,0.0126278,0.0189824,0.0239139,0.042108,0.0434729,0.15457,0.114509106955,0.0171651694309722,0.026944285602498,0.0334221865965726,0.0348631007030474,0.0342458937239614,0.0397188731431758,0.0439926589088481,0.0508575130549909,0.0452298146337859,0.041344332131592,0.040406619545631,0.0530746453614625,0.0612067340106508,0.0906119206916567,0.112824325883157,0.190487392220905,0.196056624880573,1,0.982834830569028,0.973055714397502,0.966577813403427,0.965136899296953,0.965754106276039,0.960281126856824,0.956007341091152,0.949142486945009,0.954770185366214,0.958655667868408,0.959593380454369,0.946925354638537,0.938793265989349,0.909388079308343,0.887175674116843,0.809512607779095,0.803943375119427,0,1e+05,1716.51694309723,98480.03987913,5856525.60226817,58.5652560226817,2023,"Total","GMoH report",19.4197339773183
0,1,0.0179056,0.00685955,0.00715721,0.00693494,0.00699806,0.00807667,0.0086775,0.0103645,0.00869504,0.00880559,0.0078077,0.0104701,0.013086,0.0190501,0.0247343,0.0419186,0.0434898,0.15269,0.11356027048,0.0176258385446538,0.0270668669456854,0.0351569851851573,0.0340837776181126,0.0343886651449887,0.0395840810992699,0.0424662478360076,0.0505136287373786,0.0425502594795376,0.0430795968323232,0.0382910867058175,0.0510151652946219,0.0633572670097752,0.0909203935281247,0.116469519885726,0.18971186096263,0.196125367483085,1,0.982374161455346,0.972933133054315,0.964843014814843,0.965916222381887,0.965611334855011,0.96041591890073,0.957533752163992,0.949486371262621,0.957449740520462,0.956920403167677,0.961708913294183,0.948984834705378,0.936642732990225,0.909079606471875,0.883530480114274,0.81028813903737,0.803874632516915,0,1e+05,1762.58385446537,98437.5756447914,5861630.29585061,58.6163029585061,2023,"Total","GMoH report",19.3686870414939
0,1,0.0169608,0.00600202,0.00662442,0.00649363,0.00656576,0.00754638,0.0080917,0.00947743,0.00868166,0.0081649,0.00771997,0.0103246,0.012398,0.0185587,0.0234496,0.0402673,0.0414819,0.151319,0.11544557164,0.0167101024972514,0.0237233045038042,0.0325824995950809,0.0319494797495351,0.0322986372487442,0.0370332328801448,0.0396562831344034,0.0462903657473869,0.0424861737128111,0.0400078497685617,0.0378689814972762,0.0503240605120921,0.0601263827661628,0.0886790789440047,0.110755093404268,0.182922056668756,0.187921180913646,1,0.983289897502749,0.976276695496196,0.967417500404919,0.968050520250465,0.967701362751256,0.962966767119855,0.960343716865597,0.953709634252613,0.957513826287189,0.959992150231438,0.962131018502724,0.949675939487908,0.939873617233837,0.911320921055995,0.889244906595732,0.817077943331245,0.812078819086354,0,1e+05,1671.01024972514,98521.9004837707,5983763.70503938,59.8376370503938,2023,"Total","GMoH report",18.1473529496062
0,1,0.0175542,0.00690936,0.00685294,0.00693582,0.00716704,0.00836004,0.00909225,0.0101154,0.00914152,0.00846832,0.00820276,0.0104683,0.0125375,0.0190559,0.0238442,0.0418196,0.0427554,0.152696,0.11426147161,0.0172854385466973,0.0272607315832558,0.0336875530504953,0.0340880289181719,0.0352044212616031,0.0409444567592853,0.0444508542999776,0.0493295301761407,0.044686347159291,0.0414637786352685,0.0401896351705216,0.0510066185378993,0.0607823531194134,0.0909468164032531,0.112513985091692,0.189306223626113,0.19313327403799,1,0.982714561453303,0.972739268416744,0.966312446949505,0.965911971081828,0.964795578738397,0.959055543240715,0.955549145700022,0.950670469823859,0.955313652840709,0.958536221364731,0.959810364829478,0.948993381462101,0.939217646880587,0.909053183596747,0.887486014908308,0.810693776373887,0.80686672596201,0,1e+05,1728.54385466973,98468.9621099073,5860173.71102725,58.6017371102725,2023,"Total","GMoH report",19.3832528897275
0,1,0.0173494,0.0061083,0.00668667,0.00637623,0.00665316,0.00753081,0.00854884,0.00982054,0.0088621,0.00839752,0.00742167,0.00989695,0.0126463,0.0186164,0.0235779,0.0402151,0.0421446,0.152861,0.11467013977,0.017086945510108,0.0241383118988564,0.0328836447971112,0.0313809200897405,0.032721545800849,0.0369582363600926,0.0418497822683819,0.0479260507538251,0.0433500683971442,0.0411242458083487,0.0364323772959843,0.0482899421427752,0.0612936551230436,0.0889425259019953,0.111327337899357,0.182706590482698,0.190637180687042,1,0.982913054489892,0.975861688101144,0.967116355202889,0.96861907991026,0.967278454199151,0.963041763639907,0.958150217731618,0.952073949246175,0.956649931602856,0.958875754191651,0.963567622704016,0.951710057857225,0.938706344876956,0.911057474098005,0.888672662100643,0.817293409517302,0.809362819312958,0,1e+05,1708.69455101081,98487.2416919778,5961302.04169449,59.6130204169449,2023,"Total","GMoH report",18.3719695830551
0,1,0.0167418,0.00588475,0.00618645,0.00627805,0.00597636,0.00735071,0.0078386,0.00921937,0.00796207,0.00751009,0.00734824,0.00953263,0.0118154,0.018664,0.0235084,0.0408228,0.041823,0.151521,0.11588257519,0.0164976070870266,0.0232651804585926,0.0304611342894378,0.0309051891924755,0.0294419113467592,0.0360903261958228,0.0384397161033801,0.0450583265401147,0.039033383667261,0.0368584247815803,0.0360784178176393,0.0465537019602077,0.0573820211677368,0.0891598035656278,0.111017396585286,0.18521183568545,0.18932015761968,1,0.983502392912973,0.976734819541407,0.969538865710562,0.969094810807525,0.970558088653241,0.963909673804177,0.96156028389662,0.954941673459885,0.960966616332739,0.96314157521842,0.963921582182361,0.953446298039792,0.942617978832263,0.910840196434372,0.888982603414714,0.81478816431455,0.81067984238032,0,1e+05,1649.76070870267,98541.4178106691,6058601.53988934,60.5860153988934,2023,"Total","GMoH report",17.3989746011066
0,1,0.0169016,0.00606204,0.00636712,0.00617756,0.0060957,0.00748446,0.00788115,0.00934984,0.00815381,0.00752442,0.00725039,0.0101827,0.0124557,0.0174383,0.0230095,0.0412042,0.0425215,0.152499,0.11556370228,0.016652669427346,0.0239576949893337,0.0313367872873179,0.0304180270323156,0.0300210024385877,0.0367349468983431,0.038644345295192,0.0456814151924427,0.0399545945681605,0.0369274557828952,0.0356065466260204,0.0496495829785118,0.060397759080551,0.0835491137253098,0.108789518911514,0.186780633547913,0.192178233147994,1,0.983347330572654,0.976042305010666,0.968663212712682,0.969581972967684,0.969978997561412,0.963265053101657,0.961355654704808,0.954318584807557,0.96004540543184,0.963072544217105,0.96439345337398,0.950350417021488,0.939602240919449,0.91645088627469,0.891210481088486,0.813219366452087,0.807821766852006,0,1e+05,1665.2669427346,98527.1774704523,6036359.02556023,60.3635902556023,2023,"Total","GMoH report",17.6213997443977
0,1,0.0174245,0.00660101,0.00705116,0.00682873,0.00694276,0.00805855,0.00867466,0.0100824,0.0090264,0.00847481,0.00772058,0.0104709,0.0125234,0.0191799,0.0243585,0.0420084,0.0428788,0.153994,0.114520281475,0.0171597416366396,0.0260599954192748,0.0346450799943673,0.0335705396224106,0.0341215555720908,0.0394970280612917,0.0424526443601862,0.0491725565398564,0.044136026427634,0.0414948965886048,0.0378719170859612,0.0510189638291046,0.0607160708944026,0.0915115443273878,0.114801518056078,0.190079645545198,0.193636724087945,1,0.98284025836336,0.973940004580725,0.965354920005633,0.966429460377589,0.965878444427909,0.960502971938708,0.957547355639814,0.950827443460144,0.955863973572366,0.958505103411395,0.962128082914039,0.948981036170895,0.939283929105597,0.908488455672612,0.885198481943922,0.809920354454802,0.806363275912055,0,1e+05,1715.97416366397,98480.5396805627,5884644.75016817,58.8464475016817,2023,"Total","GMoH report",19.1385424983183
0,1,0.0175631,0.00664628,0.00712847,0.00677656,0.00681041,0.00793112,0.00885844,0.0102377,0.00914538,0.00860715,0.00795063,0.0104002,0.0127137,0.018438,0.0241065,0.0406419,0.0421251,0.152314,0.114243712105,0.0172940627295999,0.0262363714582095,0.035018283049574,0.0333183406634837,0.0334819848882431,0.0388846038517483,0.0433325529491332,0.0499110637564514,0.0447047941736505,0.0421292187373618,0.0389783930472175,0.0506832111680257,0.0616102639674913,0.0881277513036579,0.113681351264364,0.184466797188375,0.190557378443341,1,0.9827059372704,0.97376362854179,0.964981716950426,0.966681659336516,0.966518015111757,0.961115396148252,0.956667447050867,0.950088936243549,0.95529520582635,0.957870781262638,0.961021606952782,0.949316788831974,0.938389736032509,0.911872248696342,0.886318648735636,0.815533202811625,0.809442621556659,0,1e+05,1729.40627295998,98468.1675194006,5887071.31889938,58.8707131889938,2023,"Total","GMoH report",19.1142768110062
0,1,0.0170477,0.00642456,0.00659177,0.00680328,0.00672504,0.00816303,0.00855727,0.0101035,0.00925345,0.00825203,0.0075805,0.0101752,0.0122948,0.0187259,0.0235644,0.0415423,0.0429518,0.152351,0.115272167035,0.0167943972493146,0.0253722291825657,0.0324245126752074,0.0334475179256175,0.0330692204246879,0.0399988700593486,0.0418901859217926,0.0492729274439257,0.0452211215323903,0.0404261553824974,0.0371975597458662,0.0496139210756769,0.059640820112211,0.0894422819319273,0.11126714143115,0.188169061038999,0.193934419049657,1,0.983205602750685,0.974627770817434,0.967575487324793,0.966552482074382,0.966930779575312,0.960001129940651,0.958109814078207,0.950727072556074,0.95477887846761,0.959573844617503,0.962802440254134,0.950386078924323,0.940359179887789,0.910557718068073,0.88873285856885,0.811830938961001,0.806065580950343,0,1e+05,1679.43972493145,98514.1529315661,5920687.49443331,59.2068749443331,2023,"Total","GMoH report",18.7781150556669
0,1,0.0168723,0.00606583,0.00618248,0.00601427,0.00595874,0.00734322,0.00795476,0.00923357,0.00841106,0.00757855,0.00724,0.00959466,0.0117389,0.0181514,0.0226819,0.0403693,0.0425203,0.150894,0.115622168965,0.0166242415774862,0.0239724938551967,0.0304418841501977,0.0296259045279369,0.0293563823752138,0.0360542149197917,0.0389982457858808,0.0451261610820442,0.0411891881674311,0.0371881690044778,0.0355564286415873,0.0468495365637824,0.0570210878787503,0.0868173584974246,0.10732373446793,0.183342935122862,0.192173330805389,1,0.983375758422514,0.976027506144803,0.969558115849802,0.970374095472063,0.970643617624786,0.963945785080208,0.961001754214119,0.954873838917956,0.958810811832569,0.962811830995522,0.964443571358413,0.953150463436218,0.94297891212125,0.913182641502575,0.89267626553207,0.816657064877138,0.807826669194611,0,1e+05,1662.42415774862,98529.7889291101,6059350.39312159,60.5935039312159,2023,"Total","GMoH report",17.3914860687841
0,1,0.0171967,0.00632821,0.00665218,0.00621446,0.00649209,0.00771266,0.0082984,0.00963936,0.00870672,0.00799819,0.00725541,0.0104527,0.0122661,0.0183317,0.0240602,0.0414346,0.0419529,0.151777,0.114974844985,0.016938898233656,0.0249964741249554,0.0327168048133911,0.0305969413299566,0.0319420237673014,0.0378338018740944,0.0406487020277327,0.0470626650720282,0.0426061993793496,0.0392069876584502,0.0356307605588346,0.0509325435062311,0.0595057415586681,0.0876419358131359,0.113475398068482,0.187727015508073,0.18985235757023,1,0.983061101766344,0.975003525875045,0.967283195186609,0.969403058670043,0.968057976232699,0.962166198125906,0.959351297972267,0.952937334927972,0.95739380062065,0.96079301234155,0.964369239441165,0.949067456493769,0.940494258441332,0.912358064186864,0.886524601931518,0.812272984491927,0.81014764242977,0,1e+05,1693.88982336561,98500.8648964975,5973815.14359418,59.7381514359418,2023,"Total","GMoH report",18.2468385640582
0,1,0.0177158,0.00708587,0.00747448,0.00712218,0.00705504,0.00832212,0.00938728,0.0106591,0.0095755,0.00880131,0.00794897,0.0108153,0.0126572,0.0192793,0.0237103,0.042704,0.0431661,0.152865,0.11393900689,0.0174420079292537,0.0279474164799741,0.0366868619600423,0.0349879242639151,0.0346638135226136,0.0407625234704405,0.0458601449463696,0.0519121577970633,0.0467581679079926,0.0430591085923868,0.0389704133828307,0.0526528588394833,0.0613448644540796,0.0919639963146285,0.111917505899668,0.192923488380498,0.19480777072073,1,0.982557992070746,0.972052583520026,0.963313138039958,0.965012075736085,0.965336186477386,0.95923747652956,0.95413985505363,0.948087842202937,0.953241832092007,0.956940891407613,0.961029586617169,0.947347141160517,0.93865513554592,0.908036003685372,0.888082494100332,0.807076511619502,0.80519222927927,0,1e+05,1744.20079292536,98454.5317132373,5811194.43080569,58.1119443080569,2023,"Total","GMoH report",19.8730456919431
0,1,0.0174367,0.00643727,0.00677348,0.00670363,0.00641429,0.00774824,0.00840839,0.00987834,0.00904432,0.00817147,0.00758752,0.0105368,0.013053,0.0191274,0.0247695,0.0412316,0.0423399,0.153085,0.114495936985,0.017171566400847,0.0254217861967386,0.0333034493792466,0.0329656757673887,0.0315652778842988,0.0380050199603559,0.0411763822971413,0.0482013272523744,0.0442217117206272,0.0400393981480381,0.0372313656708625,0.0513318172694872,0.063202543015061,0.0912724865995399,0.116625605181163,0.186893232488335,0.191436042735462,1,0.982828433599153,0.974578213803261,0.966696550620753,0.967034324232611,0.968434722115701,0.961994980039644,0.958823617702859,0.951798672747626,0.955778288279373,0.959960601851962,0.962768634329138,0.948668182730513,0.936797456984939,0.90872751340046,0.883374394818837,0.813106767511665,0.808563957264538,0,1e+05,1717.15664008471,98479.4508183718,5926497.36849912,59.2649736849912,2023,"Total","GMoH report",18.7200163150088
0,1,0.0173159,0.00631643,0.00636608,0.00667483,0.00663584,0.00754607,0.0084317,0.00933561,0.00851028,0.00814886,0.00749635,0.0101957,0.0125094,0.0180734,0.0234941,0.0415502,0.0419006,0.151311,0.114736987345,0.0170544698856563,0.0249505235293273,0.0313317489491249,0.0328263738377907,0.0326377527371911,0.0370317397490792,0.0412881762115918,0.0456134759445923,0.0416649490436324,0.039930823278546,0.0367922313905388,0.0497113938542018,0.0606502542729935,0.0864604158025839,0.110953611868501,0.188201477431105,0.18963812223835,1,0.982945530114344,0.975049476470673,0.968668251050875,0.967173626162209,0.967362247262809,0.962968260250921,0.958711823788408,0.954386524055408,0.958335050956368,0.960069176721454,0.963207768609461,0.950288606145798,0.939349745727006,0.913539584197416,0.889046388131499,0.811798522568895,0.81036187776165,0,1e+05,1705.44698856563,98490.230860979,5975238.18242417,59.7523818242417,2023,"Total","GMoH report",18.2326081757583
0,1,0.0171006,0.00594103,0.00615893,0.00590746,0.00613541,0.00736713,0.00781406,0.00916661,0.00846088,0.00764211,0.00765218,0.00949445,0.0119934,0.0180932,0.0229306,0.0403891,0.0419153,0.152414,0.11516660773,0.0168457045796395,0.0234850690010257,0.0303276847809305,0.0291074226622984,0.0302136176700278,0.0361694867231924,0.0383216802284845,0.0448062465312113,0.0414281044490723,0.0374942127544183,0.0375426914189445,0.0463715686500757,0.058221321021162,0.0865510369458293,0.10843670332674,0.183424612462025,0.189698342646204,1,0.98315429542036,0.976514930998974,0.96967231521907,0.970892577337702,0.969786382329972,0.963830513276808,0.961678319771516,0.955193753468789,0.958571895550928,0.962505787245582,0.962457308581055,0.953628431349924,0.941778678978838,0.913448963054171,0.89156329667326,0.816575387537975,0.810301657353796,0,1e+05,1684.57045796396,98509.4358071619,6054787.56574398,60.5478756574398,2023,"Total","GMoH report",17.4371143425602
0,1,0.0168746,0.00637839,0.00655274,0.00618094,0.00625927,0.007702,0.00814433,0.0096705,0.008741,0.00812196,0.00759096,0.0100488,0.0123745,0.0181563,0.0237528,0.0417338,0.0424418,0.1522,0.11561757943,0.0166264731717223,0.0251921887898889,0.0322356208938599,0.0304344167404802,0.0308141645604788,0.0377824980009909,0.0399090684415486,0.0472111123451652,0.0427703606929572,0.0398016318455395,0.037247931112113,0.0490127028782915,0.0600158351207458,0.0868397773751107,0.112106869854311,0.188954524195341,0.1918525781244,1,0.983373526828278,0.974807811210111,0.96776437910614,0.96956558325952,0.969185835439521,0.962217501999009,0.960090931558451,0.952788887654835,0.957229639307043,0.96019836815446,0.962752068887887,0.950987297121708,0.939984164879254,0.913160222624889,0.887893130145689,0.811045475804659,0.8081474218756,0,1e+05,1662.64731717223,98529.583941085,5982791.96132813,59.8279196132813,2023,"Total","GMoH report",18.1570703867187
0,1,0.0175784,0.00641464,0.00630205,0.00622348,0.00615876,0.00775047,0.00843495,0.00963734,0.00852697,0.00821092,0.00769522,0.00998785,0.01277,0.0184531,0.0235697,0.0413263,0.0423314,0.152514,0.11421318172,0.0173088882342263,0.0253335488089365,0.0310215023527447,0.0306406709922331,0.0303268603636667,0.0380157501719127,0.041303762080106,0.0470530347648483,0.04174495505156,0.0402288111253859,0.0377498661868049,0.0487226633667315,0.0618746517431015,0.0881967417615021,0.11129077457618,0.18728228977063,0.191401288717012,1,0.982691111765774,0.974666451191064,0.968978497647255,0.969359329007767,0.969673139636333,0.961984249828087,0.958696237919894,0.952946965235152,0.95825504494844,0.959771188874614,0.962250133813195,0.951277336633269,0.938125348256899,0.911803258238498,0.88870922542382,0.81271771022937,0.808598711282988,0,1e+05,1730.88882342263,98466.801496304,5978692.30938285,59.7869230938285,2023,"Total","GMoH report",18.1980669061714
0,1,0.0173381,0.00661977,0.00688011,0.00656014,0.00647771,0.00798891,0.00839261,0.00987423,0.00864742,0.00809707,0.00778017,0.0100069,0.0121968,0.0183366,0.023432,0.0418816,0.0428929,0.152999,0.114692688355,0.017075991274483,0.0261330899108023,0.0338188563702463,0.0322714371359671,0.031872399596032,0.0391623880168704,0.0411006947456762,0.0481817556570951,0.0423221563469066,0.039682078579981,0.0381586480774678,0.0488133248489233,0.0591794987248809,0.0876643353701302,0.110676566721457,0.189560280400904,0.193694231720581,1,0.982924008725517,0.973866910089198,0.966181143629754,0.967728562864033,0.968127600403968,0.96083761198313,0.958899305254324,0.951818244342905,0.957677843653093,0.960317921420019,0.961841351922532,0.951186675151077,0.940820501275119,0.91233566462987,0.889323433278543,0.810439719599096,0.806305768279419,0,1e+05,1707.5991274483,98488.2500071114,5938571.43099477,59.3857143099477,2023,"Total","GMoH report",18.5992756900523
0,1,0.0170721,0.00622029,0.00641811,0.00605525,0.00610225,0.00739861,0.00832828,0.00935,0.00822759,0.0079892,0.00726574,0.0096918,0.0123285,0.0178719,0.0236062,0.0411742,0.0422794,0.15253,0.115223478055,0.0168180632676903,0.0245754274290349,0.0315837795712401,0.0298247590691168,0.0300527761173448,0.0363212333984154,0.0407920803330105,0.0456821790643703,0.0403088385084408,0.0391637817863806,0.0356805853593283,0.0473126384272275,0.0597994075112441,0.0855376970789373,0.111453515080752,0.186657333996412,0.191188646814661,1,0.98318193673231,0.975424572570965,0.96841622042876,0.970175240930883,0.969947223882655,0.963678766601585,0.95920791966699,0.95431782093563,0.959691161491559,0.960836218213619,0.964319414640672,0.952687361572772,0.940200592488756,0.914462302921063,0.888546484919248,0.813342666003588,0.808811353185339,0,1e+05,1681.80632676903,98511.9772476162,6021162.43342925,60.2116243342925,2023,"Total","GMoH report",17.7733656657075
0,1,0.0172172,0.00667538,0.00682164,0.00647796,0.00654168,0.00795746,0.00870883,0.00999676,0.00852019,0.00846398,0.00752471,0.0102323,0.0126272,0.0182838,0.0233457,0.041312,0.0417803,0.153589,0.11493393826,0.0169587760752125,0.0263497310644934,0.0335362691129213,0.0318736100722411,0.0321820877013151,0.0390112243565787,0.0426163046195992,0.048765068289808,0.041712454897272,0.0414429688512559,0.0369288527314086,0.0498853942022605,0.0612039148170552,0.0874229410749352,0.110291423770219,0.187223551591618,0.189145147486205,1,0.983041223924788,0.973650268935507,0.966463730887079,0.968126389927759,0.967817912298685,0.960988775643421,0.957383695380401,0.951234931710192,0.958287545102728,0.958557031148744,0.963071147268591,0.950114605797739,0.938796085182945,0.912577058925065,0.889708576229781,0.812776448408382,0.810854852513795,0,1e+05,1695.87760752125,98499.0362847181,5931535.13934246,59.3153513934246,2023,"Total","GMoH report",18.6696386065754
0,1,0.0172235,0.00610001,0.00604013,0.00595633,0.00600492,0.00727298,0.00777332,0.00904575,0.00826269,0.00759894,0.0071179,0.00950227,0.0117502,0.0175517,0.0229029,0.0407418,0.0412339,0.153087,0.114921366925,0.0169648847214135,0.0241059469649092,0.029751394277211,0.029344683454006,0.0295805282359633,0.0357155046229681,0.0381256919898536,0.0442285490070487,0.0404773211091124,0.037286358006721,0.0349672662390919,0.0464088758286981,0.0570744106499523,0.0840695894664062,0.108312806556777,0.184878311973133,0.186902683588002,1,0.983035115278586,0.975894053035091,0.970248605722789,0.970655316545994,0.970419471764037,0.964284495377032,0.961874308010146,0.955771450992951,0.959522678890888,0.962713641993279,0.965032733760908,0.953591124171302,0.942925589350048,0.915930410533594,0.891687193443223,0.815121688026867,0.813097316411998,0,1e+05,1696.48847214135,98498.4743020496,6072144.37804955,60.7214437804955,2023,"Total","GMoH report",17.2635462195045
0,1,0.0169344,0.00602758,0.00631547,0.00638942,0.00621359,0.00752275,0.00822868,0.00938528,0.00841635,0.0082706,0.00764646,0.0101475,0.0121341,0.0183447,0.0227875,0.0412614,0.0422767,0.152697,0.11549825152,0.016684491241008,0.02382312837573,0.0310865348050863,0.0314448146804609,0.0305927233995298,0.0369194112475929,0.0403140710250931,0.0458505982432979,0.0412145596032088,0.0405152856953207,0.0375151546759415,0.049482198477377,0.0588842320982418,0.0877013620586086,0.107796469857789,0.187015678235169,0.191177604427274,1,0.983315508758992,0.97617687162427,0.968913465194914,0.968555185319539,0.96940727660047,0.963080588752407,0.959685928974907,0.954149401756702,0.958785440396791,0.959484714304679,0.962484845324059,0.950517801522623,0.941115767901758,0.912298637941391,0.892203530142211,0.812984321764831,0.808822395572726,0,1e+05,1668.44912410081,98524.2538324829,6005373.55220918,60.0537355220918,2023,"Total","GMoH report",17.9312544779082
0,1,0.016998,0.00612416,0.00614249,0.0062123,0.00634828,0.00757916,0.00793754,0.00908596,0.00843015,0.00796756,0.00743177,0.00955965,0.0120686,0.0183063,0.0229929,0.0412655,0.0431106,0.151989,0.1153713409,0.0167461889311115,0.0242002278650361,0.0302479555881976,0.0305864691935719,0.0312455118550028,0.0371911066306727,0.0389154673041368,0.04442078628169,0.0412807428638655,0.0390597723015036,0.036481053011649,0.0466825772509572,0.0585756837575103,0.087525815413251,0.108715299949479,0.187032523503424,0.194581668775245,1,0.983253811068888,0.975799772134964,0.969752044411802,0.969413530806428,0.968754488144997,0.962808893369327,0.961084532695863,0.95557921371831,0.958719257136134,0.960940227698496,0.963518946988351,0.953317422749043,0.94142431624249,0.912474184586749,0.891284700050521,0.812967476496576,0.805418331224755,0,1e+05,1674.61889311115,98518.5841340835,6027375.74398155,60.2737574398155,2023,"Total","GMoH report",17.7112325601845
0,1,0.0173337,0.00613458,0.0063797,0.00623574,0.00626389,0.00740623,0.0081656,0.00940456,0.00865095,0.00776951,0.00740416,0.0101145,0.0122422,0.0187793,0.0236333,0.0406877,0.0429027,0.151458,0.114701468335,0.0170717258454082,0.0242409044645794,0.0313977297586469,0.0307001053132351,0.0308365579820545,0.0363579614381449,0.0400112111358723,0.0459426245765313,0.0423390671182827,0.0381073611903941,0.0363479842719328,0.0493252494120544,0.0593932401874432,0.089685903768405,0.111574326192016,0.184655482782932,0.19373419940768,1,0.982928274154592,0.975759095535421,0.968602270241353,0.969299894686765,0.969163442017946,0.963642038561855,0.959988788864128,0.954057375423469,0.957660932881717,0.961892638809606,0.963652015728067,0.950674750587946,0.940606759812557,0.910314096231595,0.888425673807984,0.815344517217068,0.80626580059232,0,1e+05,1707.17258454082,98488.6426176073,6006099.73304075,60.0609973304075,2023,"Total","GMoH report",17.9239926695925
0,1,0.0173052,0.00644925,0.00655864,0.00662673,0.00649284,0.00742274,0.00828954,0.00994884,0.00842522,0.00840835,0.00738397,0.0100597,0.0123919,0.0183899,0.0237054,0.0411228,0.0422538,0.152803,0.11475833866,0.017044096643039,0.0254684946221166,0.0322641771922496,0.0325936762691425,0.0319456549345371,0.0364375341445104,0.0406061835431787,0.0485369832977208,0.0412570996472745,0.0411761904476243,0.0362506654348722,0.0490645630380162,0.0600976886306448,0.087907953800988,0.111895670907192,0.18644604178247,0.191083943201845,1,0.982955903356961,0.974531505377883,0.96773582280775,0.967406323730858,0.968054345065463,0.96356246585549,0.959393816456821,0.951463016702279,0.958742900352725,0.958823809552376,0.963749334565128,0.950935436961984,0.939902311369355,0.912092046199012,0.888104329092808,0.81355395821753,0.808916056798155,0,1e+05,1704.40966430389,98491.1855571677,5964110.52543459,59.6411052543459,2023,"Total","GMoH report",18.3438847456541
0,1,0.0167414,0.0060744,0.00643617,0.00598839,0.00628014,0.00755224,0.00834752,0.00959281,0.0085542,0.00814222,0.00747475,0.00990128,0.0122543,0.0179926,0.0233101,0.0411353,0.0422206,0.152279,0.11588337337,0.0164972188876815,0.0240059564364449,0.0316712461885467,0.0295003017204507,0.0309153186764187,0.037061457446535,0.0408843918043141,0.0468407148064928,0.0418754720915854,0.0398989352289993,0.0366881628861666,0.0483105590692471,0.0594501985788869,0.0860905193058442,0.110132500972691,0.186497430606891,0.190948137648947,1,0.983502781112318,0.975994043563555,0.968328753811453,0.970499698279549,0.969084681323581,0.962938542553465,0.959115608195686,0.953159285193507,0.958124527908415,0.960101064771001,0.963311837113833,0.951689440930753,0.940549801421113,0.913909480694156,0.889867499027309,0.813502569393109,0.809051862351053,0,1e+05,1649.72188876815,98541.4534488246,6008003.03899218,60.0800303899218,2023,"Total","GMoH report",17.9049596100782
0,1,0.0169826,0.00627794,0.00643646,0.00656733,0.00621822,0.00756607,0.00839544,0.00913714,0.00863124,0.00800812,0.00752748,0.0102591,0.0122846,0.0181248,0.0237355,0.0403912,0.0419613,0.152056,0.11540207083,0.0167312502292807,0.0248003695361485,0.0316726506278497,0.0323062357223833,0.0306151703387406,0.0371280661317072,0.0411142690525634,0.0446654146333428,0.0422446409138959,0.0392547089504003,0.0369421958980533,0.0500127846036809,0.059592815254317,0.0866956468499357,0.11202979216988,0.183433274779333,0.189886761578446,1,0.983268749770719,0.975199630463851,0.96832734937215,0.967693764277617,0.969384829661259,0.962871933868293,0.958885730947437,0.955334585366657,0.957755359086104,0.9607452910496,0.963057804101947,0.949987215396319,0.940407184745683,0.913304353150064,0.88797020783012,0.816566725220667,0.810113238421554,0,1e+05,1673.12502292807,98519.9570694753,5992453.34409203,59.9245334409203,2023,"Total","GMoH report",18.0604565590797
0,1,0.0170397,0.00620203,0.00660698,0.00647947,0.00617627,0.00737119,0.00816128,0.0095215,0.00851242,0.00797438,0.00733936,0.00962904,0.0119383,0.0180393,0.0225436,0.0406976,0.0414915,0.151577,0.115288130635,0.0167866376629169,0.0245041688197102,0.0324981140264734,0.0318809213168872,0.0304117717167475,0.036189058926823,0.0399904665136291,0.0465006110790276,0.0416752078186509,0.0390925528215767,0.0360356043177364,0.0470134636938826,0.0579615927919302,0.0863043259329924,0.106704254898193,0.184696263378789,0.187960583612595,1,0.983213362337083,0.97549583118029,0.967501885973527,0.968119078683113,0.969588228283253,0.963810941073177,0.960009533486371,0.953499388920972,0.958324792181349,0.960907447178423,0.963964395682264,0.952986536306117,0.94203840720807,0.913695674067008,0.893295745101807,0.815303736621211,0.812039416387405,0,1e+05,1678.66376629169,98514.8662412888,6011312.74223857,60.1131274223857,2023,"Total","GMoH report",17.8718625776143
0,1,0.0170407,0.00625582,0.00646423,0.00622012,0.00658755,0.00779499,0.00861135,0.0095404,0.00855767,0.00825691,0.00803835,0.0100353,0.0123576,0.0179777,0.0238112,0.0412582,0.0423281,0.152917,0.115286135185,0.0167876076175928,0.0247140664970528,0.031807128514113,0.0306243816775988,0.0324040910746037,0.0382299449044237,0.0421493431349863,0.046590763695108,0.0418921030169376,0.0404495786733898,0.0393999730662571,0.0489484685830708,0.0599363271102558,0.0860222925768528,0.112367016256295,0.187002530491218,0.191387795620491,1,0.983212392382407,0.975285933502947,0.968192871485887,0.969375618322401,0.967595908925396,0.961770055095576,0.957850656865014,0.953409236304892,0.958107896983062,0.95955042132661,0.960600026933743,0.951051531416929,0.940063672889744,0.913977707423147,0.887632983743705,0.812997469508782,0.808612204379509,0,1e+05,1678.76076175927,98514.7770783642,5968672.1901849,59.686721901849,2023,"Total","GMoH report",18.298268098151
0,1,0.0174664,0.00629849,0.00649112,0.00648159,0.00638149,0.00788059,0.00846487,0.00967888,0.00870078,0.00777689,0.00787597,0.00961503,0.0123513,0.0184655,0.0236507,0.0409862,0.0425986,0.152562,0.11443667212,0.0172003517818445,0.0248805403310604,0.0319373274378048,0.0318911860190273,0.0314064009165378,0.0386416524502919,0.0414472363314867,0.0472510567300907,0.0425777508914957,0.0381428677824288,0.0386194361977245,0.0469466659951418,0.0599066863618473,0.0882533924540972,0.111651886802028,0.185884274836718,0.192493152938125,1,0.982799648218155,0.97511945966894,0.968062672562195,0.968108813980973,0.968593599083462,0.961358347549708,0.958552763668513,0.952748943269909,0.957422249108504,0.961857132217571,0.961380563802275,0.953053334004858,0.940093313638153,0.911746607545903,0.888348113197972,0.814115725163282,0.807506847061875,0,1e+05,1720.03517818445,98476.7999235363,5969086.85574376,59.6908685574376,2023,"Total","GMoH report",18.2941214425624
0,1,0.0174148,0.00663441,0.00690661,0.00675527,0.00693006,0.00853817,0.00901662,0.0100275,0.0090156,0.00844122,0.00828981,0.0105632,0.0122598,0.0188625,0.0244257,0.0424433,0.0431048,0.15339,0.11453963734,0.0171503397860888,0.0261901279070247,0.0339469049175682,0.0332154024703847,0.0340602018931705,0.0417986402592443,0.0440892597469511,0.048911353506777,0.0440843821115869,0.0413338301163629,0.040607479280465,0.0514571203653908,0.0594760876515246,0.0900653555761139,0.115100004547321,0.191858708223178,0.194558036834627,1,0.982849660213911,0.973809872092975,0.966053095082432,0.966784597529615,0.96593979810683,0.958201359740756,0.955910740253049,0.951088646493223,0.955915617888413,0.958666169883637,0.959392520719535,0.948542879634609,0.940523912348475,0.909934644423886,0.884899995452679,0.808141291776822,0.805441963165373,0,1e+05,1715.03397860889,98481.4053913268,5872293.32324305,58.7229332324305,2023,"Total","GMoH report",19.2620567675694
0,1,0.0169887,0.0061924,0.0063702,0.00643732,0.00624351,0.00750499,0.00846457,0.0096109,0.00845673,0.00784702,0.00745585,0.00996431,0.0126737,0.0181066,0.0235721,0.0410829,0.0424316,0.153419,0.115389898585,0.0167371675589435,0.0244665862229461,0.0313517083683794,0.0316768155050328,0.0307377710477147,0.0368338557032148,0.0414457978570822,0.0469269738671505,0.041408204976816,0.0384802125071307,0.0365970938937311,0.0486106217392436,0.0614223780192438,0.0866123615365077,0.111301476183157,0.186281989168023,0.191810892350366,1,0.983262832441057,0.975533413777054,0.968648291631621,0.968323184494967,0.969262228952285,0.963166144296785,0.958554202142918,0.95307302613285,0.958591795023184,0.961519787492869,0.963402906106269,0.951389378260756,0.938577621980756,0.913387638463492,0.888698523816843,0.813718010831977,0.808189107649634,0,1e+05,1673.71675589435,98519.4132508283,5992522.13958523,59.9252213958523,2023,"Total","GMoH report",18.0597686041477
0,1,0.0167707,0.00589215,0.00610102,0.00606202,0.0060413,0.0070578,0.00790559,0.00881895,0.00791919,0.00742143,0.00702667,0.00942135,0.0112179,0.0180654,0.0233256,0.0414059,0.0416583,0.150979,0.115824906685,0.0165256537191989,0.0232940953916759,0.0300468095352235,0.0298576064809016,0.0297570715097208,0.0346771392170842,0.0387618615376171,0.0431435480180163,0.0388272490931353,0.0364312206159602,0.0345268284262552,0.0460227587056708,0.0545593953959689,0.0864237987644995,0.110201698172754,0.187609182387458,0.18864493206626,1,0.983474346280801,0.976705904608324,0.969953190464776,0.970142393519098,0.970242928490279,0.965322860782916,0.961238138462383,0.956856451981984,0.961172750906865,0.96356877938404,0.965473171573745,0.953977241294329,0.945440604604031,0.9135762012355,0.889798301827246,0.812390817612542,0.81135506793374,0,1e+05,1652.56537191989,98538.8428580736,6088702.26310701,60.8870226310701,2023,"Total","GMoH report",17.0979673689299
0,1,0.0186198,0.00684561,0.0072279,0.00728101,0.00702948,0.00818971,0.0087843,0.0103349,0.00903678,0.00871562,0.00776479,0.0113151,0.0130768,0.0189609,0.0248385,0.0423057,0.0425284,0.152753,0.11213512009,0.0183169860323959,0.0270126044891658,0.0354980589493009,0.035754232685683,0.0345403974178971,0.0401269791930816,0.042977677958767,0.0503730002005679,0.0441856597834552,0.0426488226703937,0.0380846516934432,0.0550191325336707,0.0633141343207849,0.0905139357873253,0.11693149279079,0.191296200795061,0.192206421102013,1,0.981683013967604,0.972987395510834,0.964501941050699,0.964245767314317,0.965459602582103,0.959873020806918,0.957022322041233,0.949626999799432,0.955814340216545,0.957351177329606,0.961915348306557,0.944980867466329,0.936685865679215,0.909486064212675,0.88306850720921,0.808703799204939,0.807793578897987,0,1e+05,1831.69860323958,98373.6991396034,5834562.91043806,58.3456291043806,2023,"Total","GMoH report",19.6393608956194
0,1,0.0168564,0.00618905,0.00649658,0.00615428,0.0064122,0.00745971,0.00813062,0.0094055,0.00848804,0.00806036,0.00781549,0.0104905,0.0121462,0.0184629,0.0234113,0.0413655,0.0421122,0.152154,0.11565389662,0.0166088142060785,0.0244535119833193,0.0319637621551453,0.0303051342952732,0.0315551550863877,0.0366156938559643,0.0398432247009548,0.0459471111159962,0.0415583281214304,0.0395057241041497,0.0383285588293863,0.0511120232989558,0.0589412203727706,0.0882415143612492,0.110584200279964,0.187443286799716,0.190504582320958,1,0.983391185793921,0.975546488016681,0.968036237844855,0.969694865704727,0.968444844913612,0.963384306144036,0.960156775299045,0.954052888884004,0.95844167187857,0.96049427589585,0.961671441170614,0.948887976701044,0.941058779627229,0.911758485638751,0.889415799720036,0.812556713200284,0.809495417679042,0,1e+05,1660.88142060785,98531.2059875092,5996051.14924069,59.9605114924069,2023,"Total","GMoH report",18.0244785075931
0,1,0.017258,0.00616663,0.00668083,0.00661296,0.00646332,0.00780443,0.00823551,0.00994088,0.00853348,0.00786043,0.00744461,0.0104779,0.0125047,0.0176882,0.023666,0.0420448,0.04226,0.151974,0.1148525239,0.0169983355485298,0.0243660076919729,0.0328553967001592,0.0325270498018558,0.0318027220758813,0.0382753566458314,0.0403468576263736,0.0484990908933015,0.0417761599367572,0.0385447051090492,0.036542930338433,0.0510522003742467,0.0606281576912942,0.0846957132138279,0.111720081384864,0.190228682703654,0.191109302220413,1,0.98300166445147,0.975633992308027,0.967144603299841,0.967472950198144,0.968197277924119,0.961724643354169,0.959653142373626,0.951500909106698,0.958223840063243,0.961455294890951,0.963457069661567,0.948947799625753,0.939371842308706,0.915304286786172,0.888279918615136,0.809771317296346,0.808890697779587,0,1e+05,1699.83355485299,98495.3966191318,5964904.64113007,59.6490464113007,2023,"Total","GMoH report",18.3359435886993
0,1,0.0176624,0.00614462,0.0066057,0.00641469,0.00620709,0.00723288,0.00811692,0.0092839,0.00853032,0.0083027,0.00744321,0.00983802,0.0125624,0.0182016,0.024092,0.0404013,0.0435654,0.152501,0.11404556392,0.0173902755486154,0.0242800960721463,0.0324919203051015,0.0315672152500196,0.0305612095544664,0.0355220825980456,0.0397774245674499,0.0453665536318433,0.041761012989195,0.040669336744528,0.0365361837788388,0.0480093086532089,0.0608993936432404,0.0870470127326151,0.113616856719768,0.183474935246558,0.196432814642441,1,0.982609724451385,0.975719903927854,0.967508079694898,0.96843278474998,0.969438790445534,0.964477917401954,0.96022257543255,0.954633446368157,0.958238987010805,0.959330663255472,0.963463816221161,0.951990691346791,0.93910060635676,0.912952987267385,0.886383143280232,0.816525064753442,0.80356718535756,0,1e+05,1739.02755486153,98459.3008233051,5995688.06928932,59.9568806928932,2023,"Total","GMoH report",18.0281093071068
0,1,0.0169608,0.00632646,0.00662424,0.00639814,0.00637533,0.00762661,0.00817032,0.00979144,0.00871937,0.00766912,0.0074379,0.0104286,0.0119501,0.0177718,0.0231091,0.0410285,0.0425454,0.152323,0.11544557164,0.0167101024972514,0.0249896479832399,0.0325816286800807,0.0314870535578731,0.0313765601863676,0.0374195884807422,0.0400338760544863,0.0477874306012834,0.0426667813663933,0.0376242380094916,0.0365105946206772,0.0508180960098784,0.0580172210177883,0.0850789833109846,0.109234710385572,0.18605827061063,0.192275865933755,1,0.983289897502749,0.97501035201676,0.967418371319919,0.968512946442127,0.968623439813632,0.962580411519258,0.959966123945514,0.952212569398717,0.957333218633607,0.962375761990508,0.963489405379323,0.949181903990122,0.941982778982212,0.914921016689015,0.890765289614428,0.81394172938937,0.807724134066245,0,1e+05,1671.01024972514,98521.9004837707,5985590.71229666,59.8559071229666,2023,"Total","GMoH report",18.1290828770334
0,1,0.0172821,0.00626371,0.00651957,0.00646072,0.00649095,0.00748712,0.00798908,0.00931727,0.00845967,0.00779735,0.00715211,0.0100649,0.0126001,0.018223,0.0232952,0.0407109,0.0421039,0.153241,0.114804433555,0.0170217013606727,0.024744850860434,0.0320750609866088,0.0317901321436423,0.0319365043674404,0.0367477627268317,0.0391632050544098,0.0455259070793666,0.0414223024760315,0.0382412980368803,0.03513237350041,0.0490893026933054,0.0610765726910876,0.0871448963830301,0.110065977596722,0.184751046547748,0.190470611093908,1,0.982978298639327,0.975255149139566,0.967924939013391,0.968209867856358,0.96806349563256,0.963252237273168,0.96083679494559,0.954474092920633,0.958577697523968,0.96175870196312,0.96486762649959,0.950910697306695,0.938923427308912,0.91285510361697,0.889934022403278,0.815248953452252,0.809529388906092,0,1e+05,1702.17013606727,98493.2465422182,5997829.17119716,59.9782917119716,2023,"Total","GMoH report",18.0066982880284
0,1,0.0167898,0.0061797,0.00644412,0.0064094,0.00638559,0.00757161,0.00862227,0.00945403,0.00844026,0.00786979,0.00744862,0.00980552,0.0122571,0.0178887,0.0236845,0.040581,0.0427808,0.151886,0.11578679359,0.0165441888944168,0.0244170202795568,0.0317097464714215,0.0315415932800767,0.0314262619400457,0.0371547468676731,0.0422016646327181,0.046178712662811,0.0413292264577444,0.0385897175664812,0.0365622541561191,0.0478545042536274,0.0594633785567307,0.0856146624687387,0.111802532308829,0.18421584226283,0.193236924455622,1,0.983455811105583,0.975582979720443,0.968290253528579,0.968458406719923,0.968573738059954,0.962845253132327,0.957798335367282,0.953821287337189,0.958670773542256,0.961410282433519,0.963437745843881,0.952145495746373,0.940536621443269,0.914385337531261,0.888197467691171,0.81578415773717,0.806763075544378,0,1e+05,1654.41888944167,98537.1409690215,5995658.9978563,59.956589978563,2023,"Total","GMoH report",18.028400021437
0,1,0.0174954,0.00660791,0.00691203,0.0067803,0.00659585,0.00801731,0.00890499,0.00990751,0.00936202,0.00892333,0.00778985,0.0104024,0.0126897,0.0189818,0.0235799,0.0417398,0.0423118,0.154027,0.11437880407,0.0172284571665813,0.0260868804831729,0.0339730924150854,0.0333364226340361,0.032444256378908,0.0392988719032533,0.0435553011960064,0.048340221919818,0.0457395632354951,0.0436430467295666,0.0382052177120151,0.0506936606608538,0.0614975367691513,0.090609186365613,0.111336255568312,0.188979123004085,0.191321144947976,1,0.982771542833419,0.973913119516827,0.966026907584915,0.966663577365964,0.967555743621092,0.960701128096747,0.956444698803994,0.951659778080182,0.954260436764505,0.956356953270433,0.961794782287985,0.949306339339146,0.938502463230849,0.909390813634387,0.888663744431688,0.811020876995915,0.808678855052024,0,1e+05,1722.84571665812,98474.2113160104,5890153.41167179,58.9015341167179,2023,"Total","GMoH report",19.0834558832821
0,1,0.0175045,0.00647289,0.00653506,0.00645168,0.00655417,0.00809062,0.00883651,0.00982492,0.00836659,0.0081426,0.00791304,0.0102479,0.0125846,0.0179993,0.0233275,0.0419499,0.0426193,0.154566,0.114360645475,0.017237276126167,0.0255606573532495,0.0321500438363176,0.0317463566640935,0.0322425422422798,0.0396510951415644,0.0432275972613111,0.0479469135259027,0.0409758790502426,0.0399007601754877,0.0387976809959299,0.0499595488483914,0.0610037311135704,0.086121196853679,0.110210180061536,0.189840070107494,0.19257768470557,1,0.982762723873833,0.974439342646751,0.967849956163682,0.968253643335906,0.96775745775772,0.960348904858436,0.956772402738689,0.952053086474097,0.959024120949757,0.960099239824512,0.96120231900407,0.950040451151609,0.93899626888643,0.913878803146321,0.889789819938464,0.810159929892506,0.80742231529443,0,1e+05,1723.7276126167,98473.3989897852,5939596.94652546,59.3959694652546,2023,"Total","GMoH report",18.5890205347454
0,1,0.0174772,0.00695932,0.00683901,0.00670884,0.00677182,0.00823835,0.00887216,0.010123,0.00871296,0.00825306,0.00795981,0.0105808,0.0126425,0.0186591,0.0236887,0.0411711,0.0429502,0.153764,0.11441512126,0.0172108187941031,0.0274551417656154,0.033620227322842,0.0329908737661075,0.0332954234637001,0.04036049038509,0.043398210335475,0.0493656781014476,0.042636083768912,0.0404310992794518,0.0390225203801325,0.0515406468105669,0.0612758016927486,0.0891374390285557,0.111821249894085,0.186644592086834,0.193927895280327,1,0.982789181205897,0.972544858234385,0.966379772677158,0.967009126233893,0.9667045765363,0.95963950961491,0.956601789664525,0.950634321898552,0.957363916231088,0.959568900720548,0.960977479619867,0.948459353189433,0.938724198307251,0.910862560971444,0.888178750105915,0.813355407913166,0.806072104719673,0,1e+05,1721.08187941031,98475.8359125208,5890726.18200023,58.9072618200023,2023,"Total","GMoH report",19.0777281799977
0,1,0.0174777,0.00647724,0.0070274,0.0068591,0.00680782,0.00787213,0.00880934,0.00980209,0.00897887,0.00814904,0.00778071,0.0105806,0.0125509,0.0187089,0.0230202,0.0407684,0.0433687,0.152647,0.114414123535,0.0172113033728495,0.0255776152942233,0.0345303534848022,0.0337173237614693,0.0334694647708591,0.0386009703580384,0.0430975476245235,0.047838165003014,0.0439087232061647,0.0399316876991797,0.0381612460285333,0.0515396976866418,0.0608453405385857,0.0893647113782391,0.108837355757479,0.184987853031206,0.195632664191225,1,0.98278869662715,0.974422384705777,0.965469646515198,0.966282676238531,0.966530535229141,0.961399029641962,0.956902452375477,0.952161834996986,0.956091276793835,0.96006831230082,0.961838753971467,0.948460302313358,0.939154659461414,0.910635288621761,0.891162644242521,0.815012146968794,0.804367335808775,0,1e+05,1721.13033728497,98475.791281745,5909342.51120306,59.0934251120306,2023,"Total","GMoH report",18.8915648879694
0,1,0.0173171,0.00608812,0.00619224,0.00636301,0.00605393,0.00750828,0.00776602,0.00939463,0.00826784,0.0076331,0.00752817,0.00977608,0.0121936,0.018112,0.0227451,0.0402399,0.041783,0.152524,0.114734592805,0.0170556332269485,0.0240595254439089,0.0304892087549481,0.0313168760119185,0.0298183544240047,0.0368497052378911,0.0380905696850365,0.0458952282788858,0.0405020390535782,0.0374508350769356,0.036945519618926,0.0477142540872566,0.0591644314710369,0.0866370733200674,0.107606687812585,0.182808963930802,0.189156214702693,1,0.982944366773052,0.975940474556091,0.969510791245052,0.968683123988082,0.970181645575995,0.963150294762109,0.961909430314963,0.954104771721114,0.959497960946422,0.962549164923064,0.963054480381074,0.952285745912743,0.940835568528963,0.913362926679933,0.892393312187415,0.817191036069198,0.810843785297307,0,1e+05,1705.56332269484,98490.1237906377,6035775.62619525,60.3577562619525,2023,"Total","GMoH report",17.6272337380475
0,1,0.0170609,0.00599081,0.00610436,0.00601296,0.00615415,0.00718738,0.00753951,0.0088601,0.00821843,0.00771045,0.00724886,0.00934879,0.01189,0.0180229,0.0231803,0.0406733,0.0416565,0.151402,0.115245827095,0.0168072003119622,0.0236795209778612,0.0300630113894862,0.0296195471198752,0.0303045038441685,0.0353025675795748,0.0370001426364771,0.0433404971529381,0.0402648650625598,0.0378231659257201,0.0355991665636584,0.0456764022681,0.0577338609823011,0.0862292472493732,0.109552831263648,0.184596162281672,0.188637549770014,1,0.983192799688038,0.976320479022139,0.969936988610514,0.970380452880125,0.969695496155832,0.964697432420425,0.962999857363523,0.956659502847062,0.95973513493744,0.96217683407428,0.964400833436342,0.9543235977319,0.942266139017699,0.913770752750627,0.890447168736352,0.815403837718328,0.811362450229986,0,1e+05,1680.72003119621,98512.9759389141,6074763.61506662,60.7476361506662,2023,"Total","GMoH report",17.2373538493338
0,1,0.01699,0.00570033,0.00602698,0.00591193,0.00601672,0.00705205,0.00785702,0.00867272,0.00802564,0.00768825,0.00705,0.00999194,0.011513,0.0173872,0.0225277,0.0409781,0.0417081,0.152379,0.1153873045,0.0167384286204385,0.0225443000996262,0.029687583815243,0.0291291266063552,0.0296377942267993,0.034649377149679,0.0385283058263898,0.0424433517363234,0.0393389003691043,0.0377163187803426,0.034639479179462,0.0487421289306321,0.0559544898946084,0.0833144859257783,0.106633008912788,0.185850952689034,0.188849151736181,1,0.983261571379561,0.977455699900374,0.970312416184757,0.970870873393645,0.970362205773201,0.965350622850321,0.96147169417361,0.957556648263677,0.960661099630896,0.962283681219657,0.965360520820538,0.951257871069368,0.944045510105392,0.916685514074222,0.893366991087212,0.814149047310966,0.81115084826382,0,1e+05,1673.84286204385,98519.297353964,6095186.28911318,60.9518628911318,2023,"Total","GMoH report",17.0331271088682
0,1,0.0170267,0.00633,0.00674664,0.00655934,0.00656742,0.00786213,0.00809673,0.0097554,0.00865891,0.00817603,0.00756797,0.0104148,0.0126099,0.0190341,0.0241823,0.0411185,0.0420078,0.153387,0.115314071485,0.0167740280863527,0.0250034562439516,0.0331736729281894,0.0322675651726511,0.0323066713018963,0.0385528806020799,0.0396804453689203,0.0476157239172443,0.0423771991169849,0.0400612941431176,0.0371372166463424,0.0507525557070554,0.0611226245419705,0.0908474990460204,0.114018430283395,0.186428363353611,0.190077188683096,1,0.983225971913647,0.974996543756048,0.966826327071811,0.967732434827349,0.967693328698104,0.96144711939792,0.96031955463108,0.952384276082756,0.957622800883015,0.959938705856882,0.962862783353658,0.949247444292945,0.93887737545803,0.90915250095398,0.885981569716605,0.813571636646389,0.809922811316904,0,1e+05,1677.40280863528,98516.0253387488,5949291.94518274,59.4929194518274,2023,"Total","GMoH report",18.4920705481726
0,1,0.0173274,0.00609694,0.00656871,0.00637628,0.00619305,0.00751614,0.00803068,0.00944572,0.00801075,0.00790388,0.00743043,0.00988084,0.0120873,0.0179057,0.0234249,0.0427423,0.0420927,0.153549,0.11471403967,0.0170656184650393,0.0240939611292651,0.0323129145870571,0.0313811623060283,0.0304931362070326,0.0368875696555233,0.0393631184792281,0.0461390584324584,0.0392673477353231,0.038753639705511,0.0364745951842625,0.0482132319236976,0.0586637831352726,0.0856925378141528,0.110644886495811,0.193079811890574,0.190424768380025,1,0.982934381534961,0.975906038870735,0.967687085412943,0.968618837693972,0.969506863792967,0.963112430344477,0.960636881520772,0.953860941567542,0.960732652264677,0.961246360294489,0.963525404815737,0.951786768076302,0.941336216864727,0.914307462185847,0.889355113504189,0.806920188109426,0.809575231619975,0,1e+05,1706.56184650393,98489.2047568552,6007962.24016553,60.0796224016553,2023,"Total","GMoH report",17.9053675983447
0,1,0.0175974,0.00644564,0.0066445,0.00646688,0.00641746,0.00801562,0.00836492,0.00992469,0.00866809,0.00837823,0.0076583,0.0101032,0.0123859,0.0186399,0.0238252,0.0417598,0.0431315,0.152136,0.11417526817,0.0173272983968478,0.0254544199452482,0.0326796501612588,0.0318199603372358,0.0315806314029914,0.0392907506825351,0.0409678676611106,0.0484220162488871,0.0424211736228292,0.0410317170922652,0.0375721529526076,0.04927150044184,0.0600694640626656,0.0890498015119916,0.112429369466469,0.189061114207314,0.194666820119987,1,0.982672701603152,0.974545580054752,0.967320349838741,0.968180039662764,0.968419368597009,0.960709249317465,0.959032132338889,0.951577983751113,0.957578826377171,0.958968282907735,0.962427847047392,0.95072849955816,0.939930535937334,0.910950198488008,0.887570630533531,0.810938885792686,0.805333179880013,0,1e+05,1732.72983968478,98465.1050544274,5943658.12598455,59.4365812598455,2023,"Total","GMoH report",18.5484087401545
0,1,0.0174449,0.00673393,0.00662906,0.0067476,0.00660441,0.00800445,0.00895749,0.00987334,0.0088948,0.00854032,0.00809829,0.0101738,0.0128057,0.0185445,0.0237922,0.0413516,0.0436376,0.153799,0.114479574295,0.0171795140405972,0.0265777742571925,0.0326049495823048,0.0331783150041942,0.0324856781558272,0.0392370720466407,0.0438064601775603,0.0481775174740567,0.0435065449597305,0.0418089455650302,0.03968793890315,0.0496072640427058,0.0620422634668078,0.0886142333730344,0.112282387453096,0.187386201839984,0.196726336992176,1,0.982820485959403,0.973422225742807,0.967395050417695,0.966821684995806,0.967514321844173,0.960762927953359,0.95619353982244,0.951822482525943,0.95649345504027,0.95819105443497,0.96031206109685,0.950392735957294,0.937957736533192,0.911385766626966,0.887717612546904,0.812613798160016,0.803273663007824,0,1e+05,1717.95140405973,98478.7189413365,5904770.16105296,59.0477016105296,2023,"Total","GMoH report",18.9372883894704
0,1,0.0177433,0.00676518,0.0070453,0.00707161,0.00713333,0.0079723,0.00864042,0.0102721,0.00891428,0.00815418,0.00787725,0.0107315,0.0137376,0.0180692,0.0244872,0.0421854,0.0431106,0.153463,0.113884132015,0.017468647105233,0.026699466605026,0.0346167858958204,0.034743813256837,0.0350417392749446,0.0390825553597634,0.0422886213752423,0.0500745724605695,0.0435997490721038,0.0399563713888707,0.0386255914003539,0.05225554894134,0.0664073074335037,0.0864411920323239,0.115373090166205,0.190804128765898,0.194581668775245,1,0.982531352894767,0.973300533394974,0.96538321410418,0.965256186743163,0.964958260725055,0.960917444640237,0.957711378624758,0.94992542753943,0.956400250927896,0.960043628611129,0.961374408599646,0.94774445105866,0.933592692566496,0.913558807967676,0.884626909833795,0.809195871234102,0.805418331224755,0,1e+05,1746.8647105233,98452.0754607823,5867648.93615785,58.6764893615785,2023,"Total","GMoH report",19.3085006384215
0,1,0.0178797,0.00680887,0.00720435,0.0068485,0.00685391,0.00840175,0.00878601,0.0103,0.00900693,0.00838277,0.00764556,0.0103055,0.0124921,0.0194169,0.0254537,0.0417784,0.042817,0.153627,0.113611952635,0.0176007570010601,0.0268695770853419,0.0353844451809024,0.0336660943815696,0.0336922410306933,0.0411445347626449,0.0429858644135106,0.0502071654886668,0.044042921228743,0.0410534949846195,0.0375108219012615,0.0502333017714849,0.0605689175623,0.0925899743191083,0.119654383073881,0.18913735936388,0.193384626154822,1,0.98239924299894,0.973130422914658,0.964615554819098,0.96633390561843,0.966307758969307,0.958855465237355,0.957014135586489,0.949792834511333,0.955957078771257,0.958946505015381,0.962489178098739,0.949766698228515,0.9394310824377,0.907410025680892,0.880345616926119,0.81086264063612,0.806615373845178,0,1e+05,1760.07570010601,98439.8899369685,5862744.37266356,58.6274437266356,2023,"Total","GMoH report",19.3575462733643
0,1,0.0174822,0.00671402,0.00666923,0.00671868,0.00661555,0.00760006,0.00861535,0.00992104,0.00866913,0.00839988,0.00792714,0.00998204,0.0122742,0.0187496,0.0254691,0.0412964,0.0422935,0.153173,0.11440514401,0.0172156645610409,0.0265002338005173,0.0327992850602442,0.0330384628510301,0.0325395819220391,0.0372917511346784,0.0421685088433413,0.0484046390983005,0.0424261553594714,0.041135565465886,0.0388654699464223,0.0486950111278045,0.0595438666790209,0.0895504138989028,0.119722442828398,0.187159469236549,0.191246310425091,1,0.982784335438959,0.973499766199483,0.967200714939756,0.96696153714897,0.967460418077961,0.962708248865322,0.957831491156659,0.9515953609017,0.957573844640529,0.958864434534114,0.961134530053578,0.951304988872196,0.940456133320979,0.910449586101097,0.880277557171602,0.81284053076345,0.808753689574909,0,1e+05,1721.56645610409,98475.3896022293,5924392.98661605,59.2439298661605,2023,"Total","GMoH report",18.7410601338395
0,1,0.0176383,0.0066188,0.00665238,0.00629953,0.00655775,0.00757484,0.0085411,0.00984043,0.00853783,0.0080355,0.00780041,0.010404,0.012567,0.0183011,0.024108,0.0413043,0.0437646,0.152481,0.114093654265,0.0173669264582328,0.026129310637505,0.0327177723637078,0.0310092901165798,0.0322598696003212,0.0371703022689035,0.0418126842072927,0.0480207870170349,0.0417970105730478,0.0393862788899495,0.0382560184282306,0.0507012602216353,0.0609210140413557,0.0875020409939156,0.113688022862101,0.187191921764642,0.197242411855294,1,0.982633073541767,0.973870689362495,0.967282227636292,0.96899070988342,0.967740130399679,0.962829697731097,0.958187315792707,0.951979212982965,0.958202989426952,0.96061372111005,0.961743981571769,0.949298739778365,0.939078985958644,0.912497959006084,0.886311977137899,0.812808078235358,0.802757588144706,0,1e+05,1736.69264582328,98461.4529644739,5948118.88898591,59.4811888898591,2023,"Total","GMoH report",18.5038011101409
0,1,0.0170336,0.00659517,0.0064343,0.00643462,0.00627814,0.00786187,0.00874583,0.00946702,0.00891191,0.00822125,0.00803686,0.0101578,0.0121561,0.0182716,0.0232584,0.0412221,0.0421613,0.151859,0.11530030288,0.016780720899944,0.0260372399523667,0.0316621899283599,0.0316637396686335,0.0309056253924959,0.0385516302369721,0.0427934885598711,0.0462406960150295,0.0435884100318819,0.040278402949381,0.0393928136786466,0.0495311804383581,0.0589878446540037,0.0873671556950077,0.109901658183275,0.186854194293532,0.190705518551714,1,0.983219279100056,0.973962760047633,0.96833781007164,0.968336260331366,0.969094374607504,0.961448369763028,0.957206511440129,0.95375930398497,0.956411589968118,0.959721597050619,0.960607186321353,0.950468819561642,0.941012155345996,0.912632844304992,0.890098341816725,0.813145805706468,0.809294481448286,0,1e+05,1678.0720899944,98515.4101302364,5959207.46135643,59.5920746135643,2023,"Total","GMoH report",18.3929153864357
0,1,0.0178779,0.0062028,0.00664235,0.00655343,0.00643031,0.00762514,0.00824059,0.00949389,0.00835656,0.00782452,0.00766964,0.00987202,0.0123455,0.0181855,0.0234636,0.0406355,0.0411354,0.151681,0.113615544445,0.0175990138366473,0.024507173804649,0.0326692485423616,0.0322389605715539,0.0316428663994081,0.0374125109162796,0.0403712428497127,0.0463688969815887,0.0409277617580087,0.0383719939154223,0.0376267411034091,0.0481712315956576,0.0598793972530317,0.0869733646910283,0.110817553149787,0.18444042751889,0.186497841705744,1,0.982400986163353,0.975492826195351,0.967330751457638,0.967761039428446,0.968357133600592,0.96258748908372,0.959628757150287,0.953631103018411,0.959072238241991,0.961628006084578,0.962373258896591,0.951828768404342,0.940120602746968,0.913026635308972,0.889182446850213,0.81555957248111,0.813502158294256,0,1e+05,1759.90138366474,98440.0507702098,5984329.10969454,59.8432910969454,2023,"Total","GMoH report",18.1416989030546
0,1,0.0170865,0.00586096,0.00613941,0.00612516,0.00614308,0.00702756,0.00795226,0.00890841,0.00820788,0.00788089,0.00719293,0.00963575,0.011553,0.017683,0.0226433,0.0405681,0.0424931,0.152742,0.115194743575,0.0168320295892293,0.0231722171246423,0.0302330177709176,0.0301639031671911,0.0302508170273392,0.0345311260986848,0.0389862284376118,0.0435716643734473,0.0402142163448682,0.0386430950466937,0.0353293462143363,0.0470454544067504,0.0561434371757708,0.0846718683786508,0.107150876400975,0.184162675418397,0.192062203907812,1,0.983167970410771,0.976827782875358,0.969766982229082,0.969836096832809,0.969749182972661,0.965468873901315,0.961013771562388,0.956428335626553,0.959785783655132,0.961356904953306,0.964670653785664,0.95295454559325,0.943856562824229,0.915328131621349,0.892849123599025,0.815837324581603,0.807937796092188,0,1e+05,1683.20295892294,98510.6931743149,6068675.41281475,60.6867541281475,2023,"Total","GMoH report",17.2982358718525
0,1,0.0167471,0.00596598,0.00584561,0.00596715,0.0059795,0.00707472,0.00749943,0.00890844,0.00752682,0.00742058,0.00698016,0.00953804,0.0120011,0.0178393,0.0230226,0.0403152,0.0424749,0.151561,0.115871999305,0.0165027507008603,0.0235825341458728,0.0288070628631415,0.0293972061532565,0.0294571523931627,0.0347588275685604,0.0368070698896438,0.0435718079088805,0.0369390166762521,0.0364271240299152,0.0343022126680573,0.0465795069976894,0.0582576114481248,0.0853883299153526,0.108848085185047,0.183119728776113,0.191987839310207,1,0.98349724929914,0.976417465854127,0.971192937136859,0.970602793846744,0.970542847606837,0.96524117243144,0.963192930110356,0.95642819209112,0.963060983323748,0.963572875970085,0.965697787331943,0.953420493002311,0.941742388551875,0.914611670084647,0.891151914814953,0.816880271223887,0.808012160689793,0,1e+05,1650.27507008602,98540.945601688,6105896.80453531,61.0589680453531,2023,"Total","GMoH report",16.9260219546469
0,1,0.0174661,0.00678894,0.00687841,0.00687822,0.00653099,0.00798071,0.00849188,0.0104712,0.00920546,0.00830431,0.00771805,0.0101706,0.0132101,0.0191253,0.0235502,0.0419191,0.0426115,0.152516,0.114437270755,0.0172000610284662,0.0267919816876825,0.0338106413658075,0.0338097232139877,0.0321303426339035,0.0391229771623271,0.0415767383185193,0.0510203882757182,0.0449918727868392,0.0406770626545676,0.0378597415542432,0.0495920477966973,0.0639389017838625,0.0912629230447315,0.111203819523636,0.189713909174779,0.192545833083867,1,0.982799938971534,0.973208018312318,0.966189358634192,0.966190276786012,0.967869657366097,0.960877022837673,0.958423261681481,0.948979611724282,0.955008127213161,0.959322937345432,0.962140258445757,0.950407952203303,0.936061098216137,0.908737076955269,0.888796180476364,0.810286090825221,0.807454166916133,0,1e+05,1720.00610284662,98476.8267012451,5894333.64444899,58.9433364444899,2023,"Total","GMoH report",19.0416535555101
0,1,0.0171047,0.00571208,0.00624364,0.00594984,0.00608771,0.00716911,0.00762378,0.00889989,0.00823136,0.00752971,0.00711285,0.00997378,0.0116519,0.0177209,0.0232975,0.0405808,0.0413744,0.1521,0.115158426385,0.0168496809273072,0.0225902454218614,0.0307384012214936,0.0293131781995529,0.0299822420136773,0.0352144100518824,0.0374059629200239,0.0435308994580556,0.0403269361765838,0.0369529377379627,0.0349428911418542,0.0486556969570103,0.056610451694745,0.0848456469379435,0.110076246611426,0.184215017994429,0.187479835713172,1,0.983150319072693,0.977409754578139,0.969261598778506,0.970686821800447,0.970017757986323,0.964785589948118,0.962594037079976,0.956469100541944,0.959673063823416,0.963047062262037,0.965057108858146,0.95134430304299,0.943389548305255,0.915154353062057,0.889923753388574,0.815784982005571,0.812520164286828,0,1e+05,1684.96809273072,98509.0701813371,6078970.25987112,60.7897025987112,2023,"Total","GMoH report",17.1952874012888
0,1,0.016533,0.00567118,0.00598961,0.00587596,0.00587503,0.00725963,0.00798956,0.00917697,0.00801806,0.00714897,0.00715747,0.00939449,0.0117916,0.0179019,0.0232451,0.0399236,0.0420606,0.150347,0.11629922515,0.0162949274451249,0.022430307378799,0.0295062230779748,0.0289544618508571,0.0289499455041617,0.0356511152357527,0.0391655119802575,0.0448557503126337,0.0393024759737351,0.035117220117246,0.0351582398819798,0.045894560036702,0.0572697451817861,0.0856751309338388,0.109842263974231,0.181502424511892,0.190293367018006,1,0.983705072554875,0.977569692621201,0.970493776922025,0.971045538149143,0.971050054495838,0.964348884764247,0.960834488019742,0.955144249687366,0.960697524026265,0.964882779882754,0.96484176011802,0.954105439963298,0.942730254818214,0.914324869066161,0.890157736025769,0.818497575488108,0.809706632981994,0,1e+05,1629.49274451249,98560.0159990619,6097475.82394266,60.9747582394266,2023,"Total","GMoH report",17.0102317605734
0,1,0.0174824,0.00657515,0.00713123,0.00689841,0.0064075,0.00791783,0.00863685,0.0101158,0.00892708,0.00814011,0.00798275,0.0102034,0.0128758,0.0182857,0.0241732,0.0427362,0.0436392,0.154001,0.11440474492,0.0172158583907696,0.0259592283593066,0.0350316039376296,0.0339072841302083,0.0315323905193679,0.0388207105337857,0.0422715180973033,0.049331432731926,0.0436609871862729,0.0398888019116769,0.0391327819619825,0.0497480030638459,0.0623712990686303,0.087431628669113,0.11397796937666,0.19305491622325,0.196732840560528,1,0.98278414160923,0.974040771640693,0.96496839606237,0.966092715869792,0.968467609480632,0.961179289466214,0.957728481902697,0.950668567268074,0.956339012813727,0.960111198088323,0.960867218038018,0.950251996936154,0.93762870093137,0.912568371330887,0.88602203062334,0.80694508377675,0.803267159439472,0,1e+05,1721.58583907697,98475.3717497005,5900121.47264775,59.0012147264775,2023,"Total","GMoH report",18.9837752735225
0,1,0.0182417,0.00690494,0.00697337,0.00682654,0.00669655,0.00844259,0.00895463,0.0102198,0.00903297,0.00865616,0.00784428,0.0104369,0.0127137,0.0188369,0.0249191,0.0423586,0.0425563,0.15432,0.112889599735,0.0179512063659969,0.02724353011829,0.0342694166942668,0.0335599540777256,0.0329314325385844,0.0413403998833716,0.0437927796538213,0.0498259713451179,0.0441674420524096,0.0423640255416681,0.0384670345260206,0.0508575130549909,0.0616102639674913,0.0899486172302393,0.117288679186226,0.191512496874708,0.192320389518802,1,0.982048793634003,0.97275646988171,0.965730583305733,0.966440045922274,0.967068567461416,0.958659600116628,0.956207220346179,0.950174028654882,0.95583255794759,0.957635974458332,0.96153296547398,0.949142486945009,0.938389736032509,0.910051382769761,0.882711320813774,0.808487503125292,0.807679610481198,0,1e+05,1795.12063659969,98407.5298135421,5860895.04239085,58.6089504239085,2023,"Total","GMoH report",19.3760395760915
0,1,0.0174969,0.0065153,0.00698521,0.00685524,0.00721278,0.00831171,0.00879855,0.0107133,0.00925656,0.00850603,0.00779143,0.0105631,0.013038,0.0192121,0.0237158,0.0426437,0.0434527,0.154426,0.114375810895,0.0172299108516392,0.025725975108748,0.0343266036620839,0.0336986688434933,0.0354251160781349,0.0407125722649492,0.0430458963222839,0.0521692382496501,0.0452359761808094,0.041644574989505,0.038212818744131,0.051456645762856,0.0631322057534658,0.0916581367761093,0.111942013963133,0.192677315863752,0.195974452292206,1,0.982770089148361,0.974274024891252,0.965673396337916,0.966301331156507,0.964574883921865,0.959287427735051,0.956954103677716,0.94783076175035,0.954764023819191,0.958355425010495,0.961787181255869,0.948543354237144,0.936867794246534,0.908341863223891,0.888057986036867,0.807322684136248,0.804025547707794,0,1e+05,1722.99108516391,98474.0774173666,5856318.80226614,58.5631880226614,2023,"Total","GMoH report",19.4218019773386
0,1,0.0175585,0.00625983,0.00649953,0.00652989,0.00653506,0.00759875,0.00847485,0.00971287,0.0084402,0.00825229,0.00756996,0.0102778,0.012271,0.0182163,0.0234754,0.041495,0.0428432,0.152524,0.114252891175,0.0172896053048017,0.0247297124087447,0.0319780443534584,0.0321250179168867,0.0321500438363176,0.0372854430981449,0.041495088375698,0.0474130578324279,0.0413289387283622,0.0404274033588397,0.0371468005149349,0.0501016628245545,0.0595288050820941,0.0871142516444242,0.110870194585093,0.187974948753666,0.193491511216611,1,0.982710394695198,0.975270287591255,0.968021955646542,0.967874982083113,0.967849956163682,0.962714556901855,0.958504911624302,0.952586942167572,0.958671061271638,0.95957259664116,0.962853199485065,0.949898337175445,0.940471194917906,0.912885748355576,0.889129805414907,0.812025051246334,0.806508488783389,0,1e+05,1728.96053048017,98468.5782088547,5965958.90650121,59.6595890650121,2023,"Total","GMoH report",18.3254009349879
0,1,0.0179279,0.00691262,0.00731044,0.00717098,0.00703126,0.00826806,0.00910782,0.0107222,0.00965191,0.00909019,0.00849407,0.0109813,0.0127415,0.0192754,0.0247199,0.0428212,0.0431433,0.153396,0.113515771945,0.0176474328684583,0.0272734184443859,0.035896158222706,0.0352234336543336,0.0345489926252839,0.0405030949518804,0.0445252794238937,0.0522114460820477,0.0471224948029658,0.0444410070063034,0.0415872377290569,0.0534394143967134,0.0617408232513571,0.0919462482177586,0.116405659353376,0.193401761252623,0.194714892451268,1,0.982352567131542,0.972726581555614,0.964103841777294,0.964776566345666,0.965451007374716,0.95949690504812,0.955474720576106,0.947788553917952,0.952877505197034,0.955558992993697,0.958412762270943,0.946560585603287,0.938259176748643,0.908053751782241,0.883594340646624,0.806598238747377,0.805285107548732,0,1e+05,1764.74328684583,98435.5829096452,5806538.24658663,58.0653824658663,2023,"Total","GMoH report",19.9196075341337
0,1,0.0176614,0.00678361,0.00713987,0.00686752,0.00677637,0.00814656,0.00887414,0.0103581,0.00920436,0.00876023,0.00805146,0.0107953,0.0128534,0.0190437,0.0243447,0.0410228,0.042591,0.15381,0.11404755937,0.017389306727778,0.0267712288485415,0.0350733029413209,0.0337580153854503,0.0333174220518267,0.0399197778366673,0.0434076853087358,0.0504832242863002,0.0449866174446431,0.0428624379627147,0.0394629638134367,0.0525580502016454,0.062266170025486,0.0908912364032677,0.114740210022654,0.18603482631737,0.192462115135644,1,0.982610693272222,0.973228771151459,0.964926697058679,0.96624198461455,0.966682577948173,0.960080222163333,0.956592314691264,0.9495167757137,0.955013382555357,0.957137562037285,0.960537036186563,0.947441949798355,0.937733829974514,0.909108763596732,0.885259789977346,0.81396517368263,0.807537884864356,0,1e+05,1738.9306727778,98459.3901263661,5860642.42713234,58.6064242713234,2023,"Total","GMoH report",19.3785657286766
0,1,0.017538,0.00632475,0.00655861,0.00637258,0.00647021,0.00753153,0.00823112,0.00920669,0.00823564,0.00810495,0.0072603,0.00983073,0.0122505,0.0181985,0.0239015,0.0412969,0.0425997,0.152123,0.1142937979,0.0172697402247411,0.0249829778220401,0.0322640319928288,0.0313632381397387,0.0318360846173696,0.0369617045336345,0.0403257840803513,0.0449977491814711,0.0403474816652461,0.0397199298856826,0.0356543468636643,0.0479745869715529,0.0594323111797317,0.0870328324946168,0.112769122071991,0.187161523228466,0.192497645163338,1,0.982730259775259,0.97501702217796,0.967735968007171,0.968636761860261,0.96816391538263,0.963038295466366,0.959674215919649,0.955002250818529,0.959652518334754,0.960280070114317,0.964345653136336,0.952025413028447,0.940567688820268,0.912967167505383,0.887230877928009,0.812838476771534,0.807502354836662,0,1e+05,1726.97402247411,98470.4083974291,5992898.47366797,59.9289847366797,2023,"Total","GMoH report",18.0560052633203
0,1,0.0171616,0.00649507,0.00692647,0.00671057,0.00659433,0.00788811,0.00839453,0.0099488,0.00876803,0.00841741,0.00750422,0.0104115,0.0125994,0.0183603,0.0244655,0.0405863,0.0416773,0.152242,0.11504488528,0.0169048617117141,0.0256471203164919,0.0340428579148464,0.0329992407131194,0.0324369009277626,0.0386778128933447,0.0411099041899508,0.0485367928873069,0.0428997835275914,0.0412196434035464,0.0368301462006946,0.0507368823729355,0.0610732831894569,0.0877726686781705,0.115276742161613,0.184237685102782,0.188722852634718,1,0.983095138288286,0.974352879683508,0.965957142085154,0.96700075928688,0.967563099072237,0.961322187106655,0.958890095810049,0.951463207112693,0.957100216472409,0.958780356596454,0.963169853799305,0.949263117627065,0.938926716810543,0.91222733132183,0.884723257838387,0.815762314897218,0.811277147365282,0,1e+05,1690.48617117142,98503.9956164584,5929494.59747253,59.2949459747253,2023,"Total","GMoH report",18.6900440252747
0,1,0.017423,0.00632904,0.0064224,0.00641703,0.00656524,0.0076593,0.00804058,0.0098234,0.00829891,0.00760165,0.0074508,0.0101108,0.012916,0.018497,0.0234133,0.0410789,0.0416029,0.15216,0.11452327465,0.0171582877534435,0.0249997116499579,0.0316045572291291,0.0315785487630772,0.0322961205439009,0.0375769668446176,0.0394106880251959,0.0479396735276707,0.0406511494238376,0.0372994073993567,0.0365727592141186,0.0493076505178601,0.0625599395518701,0.0883972883915536,0.110593124967969,0.186265541153748,0.188417693814964,1,0.982841712246556,0.975000288350042,0.968395442770871,0.968421451236923,0.967703879456099,0.962423033155382,0.960589311974804,0.952060326472329,0.959348850576162,0.962700592600643,0.963427240785881,0.95069234948214,0.93744006044813,0.911602711608446,0.889406875032031,0.813734458846252,0.811582306185036,0,1e+05,1715.82877534436,98480.6735547468,5983910.60862384,59.8391060862384,2023,"Total","GMoH report",18.1458839137616
0,1,0.0172263,0.00685235,0.00699923,0.0070834,0.00673621,0.00762146,0.00881053,0.00992004,0.0092016,0.00876157,0.00836805,0.0104392,0.012533,0.0181872,0.023862,0.0415893,0.0428806,0.152063,0.114915779665,0.0169675996520564,0.0270388407985087,0.0343943156845776,0.0348007312506479,0.033123237294265,0.0373947927079207,0.0431032439404142,0.0483998781811204,0.0449734311889299,0.0428688538406387,0.0409828829655013,0.0508684355685324,0.0607611997100838,0.0869811414600925,0.112593249689758,0.188361900979032,0.193644065691746,1,0.983032400347944,0.972961159201491,0.965605684315422,0.965199268749352,0.966876762705735,0.962605207292079,0.956896756059586,0.95160012181888,0.95502656881107,0.957131146159361,0.959017117034499,0.949131564431468,0.939238800289916,0.913018858539907,0.887406750310243,0.811638099020968,0.806355934308254,0,1e+05,1696.75996520564,98498.2245291003,5887044.16196825,58.8704416196825,2023,"Total","GMoH report",19.1145483803175
0,1,0.0178463,0.00643719,0.00683849,0.00666199,0.00654374,0.0081274,0.00859989,0.0101008,0.00857581,0.00850321,0.00811161,0.0101263,0.0125169,0.0189373,0.0234295,0.0411446,0.0427456,0.152299,0.113678600665,0.0175684106527537,0.0254214742799596,0.0336177139975129,0.032764262034915,0.0321920588421802,0.0398277596652418,0.0420944313029551,0.049260084349994,0.0419790393366656,0.0416310559713839,0.0397519198240893,0.04938137349397,0.0606855137328919,0.0904063686857198,0.110665411833611,0.18653566200289,0.193093279752526,1,0.982431589347246,0.97457852572004,0.966382286002487,0.967235737965085,0.96780794115782,0.960172240334758,0.957905568697045,0.950739915650006,0.958020960663334,0.958368944028616,0.960248080175911,0.95061862650603,0.939314486267108,0.90959363131428,0.889334588166389,0.81346433799711,0.806906720247474,0,1e+05,1756.84106527537,98442.874168616,5917243.37389706,59.1724337389706,2023,"Total","GMoH report",18.8125562610294
0,1,0.0174355,0.0065621,0.00699195,0.00679964,0.00693878,0.00782545,0.00865172,0.0100646,0.00876944,0.00872992,0.00797749,0.0105197,0.012166,0.0185468,0.0236197,0.0424787,0.0429532,0.153254,0.114498331525,0.017170403321326,0.0259083733267846,0.0343591562437537,0.0334299214227427,0.0341023286107065,0.0383764671871263,0.0423427558312981,0.0490878754225554,0.0429065343045214,0.042717303396825,0.0391075007594169,0.0512506464366996,0.0590344666954576,0.0886247368275184,0.111513699669775,0.192003366489732,0.19394012730916,1,0.982829596678674,0.974091626673215,0.965640843756246,0.966570078577257,0.965897671389293,0.961623532812874,0.957657244168702,0.950912124577445,0.957093465695479,0.957282696603175,0.960892499240583,0.9487493535633,0.940965533304542,0.911375263172482,0.888486300330225,0.807996633510268,0.80605987269084,0,1e+05,1717.0403321326,98479.5579210577,5898294.20285063,58.9829420285063,2023,"Total","GMoH report",19.0020479714937
0,1,0.0167708,0.00628541,0.00647382,0.00627392,0.00637253,0.0076373,0.00820179,0.00958725,0.00846683,0.00794722,0.00768863,0.0097779,0.012181,0.0184519,0.0227462,0.0408272,0.0424954,0.151348,0.11582470714,0.0165257507637302,0.0248295126655931,0.0318535643943809,0.0308851722502887,0.0313629959190401,0.037471055764524,0.0401849781207476,0.0468142013697936,0.0414566343122647,0.0389620010157196,0.0377181477933294,0.0477229250284117,0.0591051018848516,0.0881912592582325,0.107611611884388,0.185229949513097,0.192071601196306,1,0.98347424923627,0.975170487334407,0.968146435605619,0.969114827749711,0.96863700408096,0.962528944235476,0.959815021879252,0.953185798630206,0.958543365687735,0.96103799898428,0.96228185220667,0.952277074971588,0.940894898115148,0.911808740741767,0.892388388115612,0.814770050486903,0.807928398803694,0,1e+05,1652.57507637302,98538.8339478748,5998392.61555182,59.9839261555182,2023,"Total","GMoH report",18.0010638444817
0,1,0.0170421,0.00614636,0.00636945,0.00653447,0.0062969,0.00731077,0.00798348,0.00970534,0.00866549,0.00778365,0.00767284,0.00970303,0.0121691,0.0178228,0.0235104,0.0408672,0.0424614,0.152407,0.115283341555,0.0167889655510785,0.0242868880850985,0.0313480750090835,0.0321471879125035,0.0309965446450613,0.035897749524276,0.0391362905184298,0.0473771711152215,0.0424087191702925,0.0381753903080714,0.0376421446177283,0.0473661617782031,0.0590490650560656,0.0853127210865467,0.111026317181349,0.185394604089395,0.191932674805079,1,0.983211034448921,0.975713111914901,0.968651924990917,0.967852812087497,0.969003455354939,0.964102250475724,0.96086370948157,0.952622828884779,0.957591280829707,0.961824609691929,0.962357855382272,0.952633838221797,0.940950934943934,0.914687278913453,0.888973682818651,0.814605395910605,0.808067325194921,0,1e+05,1678.89655510786,98514.6522498901,6005399.96395373,60.0539996395373,2023,"Total","GMoH report",17.9309903604627
0,1,0.0174781,0.00694635,0.00704928,0.00711994,0.00687392,0.00833971,0.00927575,0.0106941,0.00929082,0.00882424,0.00833081,0.0106668,0.0126726,0.0192813,0.0238961,0.0421813,0.042711,0.153125,0.114413325355,0.0172116910355183,0.027404675070646,0.0346360027955337,0.0349771126415473,0.0337889437592854,0.0408469213048126,0.0453276305766955,0.0520781769204866,0.0453996011931076,0.0431688688518078,0.0408042195003605,0.0519486844322453,0.0614172106410748,0.0919730977746921,0.112745080693123,0.19078735351314,0.192952061276996,1,0.982788308964482,0.972595324929354,0.965363997204466,0.965022887358453,0.966211056240715,0.959153078695187,0.954672369423304,0.947921823079513,0.954600398806892,0.956831131148192,0.95919578049964,0.948051315567755,0.938582789358925,0.908026902225308,0.887254919306877,0.80921264648686,0.807047938723004,0,1e+05,1721.16910355183,98475.7555770838,5833097.19322383,58.3309719322383,2023,"Total","GMoH report",19.6540180677617
0,1,0.0172592,0.00599608,0.00604603,0.00602064,0.00613891,0.0071002,0.00779398,0.00909176,0.00820615,0.00745296,0.00725936,0.0092867,0.0119021,0.0179119,0.0226686,0.0401936,0.0425774,0.151931,0.11485012936,0.0169994990165091,0.0237001045541697,0.0297800227230396,0.0296568174465219,0.0302305927792045,0.0348818300752493,0.0382250861084315,0.0444485119915395,0.0402059106654812,0.0365831677845708,0.0356498129349317,0.0453799256120465,0.0577909168222255,0.0857209378340267,0.107264178129154,0.182617829972994,0.192406571144392,1,0.983000500983491,0.97629989544583,0.97021997727696,0.970343182553478,0.969769407220796,0.965118169924751,0.961774913891568,0.95555148800846,0.959794089334519,0.963416832215429,0.964350187065068,0.954620074387953,0.942209083177775,0.914279062165973,0.892735821870846,0.817382170027006,0.807593428855608,0,1e+05,1699.94990165091,98495.2895644592,6073897.7776035,60.738977776035,2023,"Total","GMoH report",17.246012223965
0,1,0.0178769,0.00695117,0.00743003,0.00688307,0.0069016,0.00863138,0.00939016,0.0106218,0.00949347,0.0092206,0.00854393,0.0109275,0.0132152,0.0199345,0.0251672,0.0423678,0.0426041,0.155345,0.113617539895,0.0175980454094155,0.0274234301500872,0.0364726674663623,0.0338331599788608,0.033922697772631,0.0422453116547241,0.0458738920349234,0.0517351976928648,0.046366893225428,0.0450642025352585,0.0418262486484624,0.0531845641871133,0.0639627971091093,0.0949409967506837,0.118387307393421,0.191550108303543,0.192515613840902,1,0.982401954590584,0.972576569849913,0.963527332533638,0.966166840021139,0.966077302227369,0.957754688345276,0.954126107965077,0.948264802307135,0.953633106774572,0.954935797464742,0.958173751351538,0.946815435812887,0.936037202890891,0.905059003249316,0.881612692606579,0.808449891696457,0.807484386159098,0,1e+05,1759.80454094155,98440.1401216963,5794524.11153762,57.9452411153762,2023,"Total","GMoH report",20.0397488846238
0,1,0.0170291,0.00592307,0.00614217,0.00597338,0.00600215,0.00718669,0.0078234,0.00885487,0.00798506,0.00747907,0.00730782,0.00986588,0.0115555,0.0185674,0.0225509,0.0406621,0.0426525,0.151964,0.115309282405,0.016776356031352,0.0234149037718323,0.0302464036177282,0.0294274466961356,0.0295670848048465,0.0352992382928823,0.0383666067224196,0.0433154679067416,0.0391438843373333,0.0367089774696894,0.0358835241611614,0.0481419922048647,0.0561552451613452,0.0887188060990894,0.106736963523211,0.184550021433656,0.192713245717578,1,0.983223643968648,0.976585096228168,0.969753596382272,0.970572553303864,0.970432915195154,0.964700761707118,0.96163339327758,0.956684532093258,0.960856115662667,0.963291022530311,0.964116475838839,0.951858007795135,0.943844754838655,0.91128119390091,0.893263036476789,0.815449978566344,0.807286754282422,0,1e+05,1677.6356031352,98515.8113543994,6075413.82255237,60.7541382255237,2023,"Total","GMoH report",17.2308517744763
0,1,0.0175543,0.00670098,0.00680877,0.00670253,0.0066671,0.00844735,0.0089328,0.0100423,0.00887786,0.00819094,0.00774041,0.0105744,0.012374,0.0192311,0.0240895,0.0423788,0.0432171,0.153141,0.114261272065,0.0172855354484319,0.0264494455882047,0.0334740571104207,0.0329603555699543,0.032788981454364,0.0413632258845602,0.0436883517291839,0.0489817757826449,0.0434254865254871,0.0401328848700072,0.0379673429964913,0.0515102743863232,0.0600134829062938,0.0917446248620391,0.113605736524955,0.191595076436755,0.19501549015144,1,0.982714464551568,0.973550554411795,0.966525942889579,0.967039644430046,0.967211018545636,0.95863677411544,0.956311648270816,0.951018224217355,0.956574513474513,0.959867115129993,0.962032657003509,0.948489725613677,0.939986517093706,0.908255375137961,0.886394263475045,0.808404923563245,0.80498450984856,0,1e+05,1728.55354484319,98468.9531820231,5891108.08014068,58.9110808014068,2023,"Total","GMoH report",19.0739091985932
0,1,0.0177133,0.0066844,0.00726287,0.00676411,0.00687659,0.0079504,0.00863538,0.010223,0.00908884,0.00857992,0.00810388,0.0103573,0.0125031,0.0190449,0.0237997,0.041815,0.0435665,0.153846,0.113943995515,0.017439586117501,0.0263848660033741,0.0356667427109179,0.0332581456117158,0.0338018464026156,0.0389772874349431,0.0422644754842324,0.0498411839414172,0.0444345536289868,0.0419987355227834,0.0397147902636946,0.050479423663232,0.0606206353358314,0.0908967034320189,0.112315794466112,0.189287371411111,0.196437287306413,1,0.982560413882499,0.973615133996626,0.964333257289082,0.966741854388284,0.966198153597384,0.961022712565057,0.957735524515768,0.950158816058583,0.955565446371013,0.958001264477217,0.960285209736305,0.949520576336768,0.939379364664169,0.909103296567981,0.887684205533888,0.810712628588889,0.803562712693587,0,1e+05,1743.9586117501,98454.7550004855,5876866.03636911,58.7686603636911,2023,"Total","GMoH report",19.2163296363089
0,1,0.0175466,0.00688122,0.00736739,0.00696728,0.00665764,0.0083681,0.00898466,0.0104235,0.00933451,0.00852716,0.00860525,0.011605,0.0127825,0.0192057,0.0244728,0.0414913,0.0434726,0.154697,0.11427663703,0.0172780739614711,0.0271512130593436,0.036170740127235,0.0342400008177562,0.0327432185953767,0.040983122824726,0.0439364156103068,0.0507938751070541,0.0456082239437862,0.0417458658073064,0.0421201147072878,0.0563890137389002,0.0619333426199027,0.0916290021819837,0.115309155262716,0.187959762740512,0.19605540455036,1,0.982721926038529,0.972848786940656,0.963829259872765,0.965759999182244,0.967256781404623,0.959016877175274,0.956063584389693,0.949206124892946,0.954391776056214,0.958254134192694,0.957879885292712,0.9436109862611,0.938066657380097,0.908370997818016,0.884690844737284,0.812040237259488,0.80394459544964,0,1e+05,1727.80739614711,98469.6406225201,5831483.93543262,58.3148393543262,2023,"Total","GMoH report",19.6701506456738
0,1,0.0178209,0.00692882,0.00723416,0.00720102,0.0070407,0.00828593,0.009271,0.0108401,0.00934996,0.00873584,0.00816006,0.0108097,0.0128,0.0195713,0.0244862,0.0413368,0.0432728,0.153682,0.113729285095,0.0175438105684632,0.0273364611623383,0.0355282572562184,0.0353683789888346,0.0345945749405403,0.0405888588911207,0.0453049446454794,0.0527704087307933,0.0456819880964444,0.0427456520573288,0.0399846079991266,0.0526263133514131,0.062015503875969,0.0932918910325849,0.115368650382509,0.187325416779204,0.195242297745316,1,0.982456189431537,0.972663538837662,0.964471742743782,0.964631621011165,0.96540542505946,0.959411141108879,0.954695055354521,0.947229591269207,0.954318011903556,0.957254347942671,0.960015392000873,0.947373686648587,0.937984496124031,0.906708108967415,0.88463134961749,0.812674583220796,0.804757702254684,0,1e+05,1754.38105684632,98445.143446533,5817284.5902198,58.172845902198,2023,"Total","GMoH report",19.812144097802
0,1,0.0175602,0.00688038,0.00695162,0.00683537,0.00677553,0.00794655,0.00927668,0.0103346,0.0091872,0.00896747,0.00781421,0.0108735,0.0132272,0.0194704,0.0246753,0.0412979,0.0427989,0.153277,0.11424949891,0.0172912526184652,0.0271479436627632,0.0341643559497318,0.033602633910616,0.0333133608110596,0.0389587802617769,0.0453320721815863,0.0503715748074864,0.0449046304478732,0.0438541970098502,0.0383224017623123,0.052928699465894,0.0640190190771566,0.092833248782274,0.116207841614523,0.187165631198336,0.193310778323975,1,0.982708747381535,0.972852056337237,0.965835644050268,0.966397366089384,0.96668663918894,0.961041219738223,0.954667927818414,0.949628425192514,0.955095369552127,0.95614580299015,0.961677598237688,0.947071300534106,0.935980980922843,0.907166751217726,0.883792158385477,0.812834368801664,0.806689221676025,0,1e+05,1729.12526184652,98468.4264328721,5855693.69390899,58.5569369390899,2023,"Total","GMoH report",19.4280530609101
0,1,0.0169713,0.0061557,0.00651583,0.00635132,0.00644085,0.00778024,0.00819409,0.00980523,0.00867703,0.00817277,0.00769823,0.010144,0.0127684,0.0182446,0.022673,0.0411516,0.0434201,0.154259,0.115424619415,0.016720288439535,0.0243233455634304,0.0320569558139962,0.0312602405229052,0.0316939106883572,0.0381589848492904,0.0401480090022861,0.0478531228115366,0.0424639965696139,0.040045640477193,0.0377643533061206,0.0494655535616759,0.0618671390542493,0.0872436846763832,0.107283881392944,0.18656443725921,0.195841821333765,1,0.983279711560465,0.97567665443657,0.967943044186004,0.968739759477095,0.968306089311643,0.96184101515071,0.959851990997714,0.952146877188463,0.957536003430386,0.959954359522807,0.962235646693879,0.950534446438324,0.938132860945751,0.912756315323617,0.892716118607056,0.81343556274079,0.804158178666235,0,1e+05,1672.02884395349,98520.9644490107,5972324.70148442,59.7232470148442,2023,"Total","GMoH report",18.2617429851558
0,1,0.0171652,0.00617699,0.00640382,0.00646669,0.00647611,0.00767992,0.00790862,0.00930606,0.008413,0.0077388,0.00751259,0.00959392,0.0121384,0.0177829,0.0232419,0.0421739,0.0426682,0.152169,0.11503770166,0.0169083527403845,0.024406443287752,0.0315145659802115,0.031819040325297,0.0318646525130345,0.0376762240337959,0.0387764298778486,0.0454723782980394,0.0411984927022401,0.0379595957019543,0.0368704682228345,0.0468460078704293,0.0589044845129694,0.0851298605088911,0.109827973081115,0.190757075440228,0.192777344295344,1,0.983091647259616,0.975593556712248,0.968485434019788,0.968180959674703,0.968135347486966,0.962323775966204,0.961223570122151,0.954527621701961,0.95880150729776,0.962040404298046,0.963129531777165,0.953153992129571,0.94109551548703,0.914870139491109,0.890172026918885,0.809242924559772,0.807222655704656,0,1e+05,1690.83527403844,98503.6745297726,6005674.22102034,60.0567422102034,2023,"Total","GMoH report",17.9282477897966
0,1,0.0171211,0.00599371,0.00651828,0.00613156,0.00607277,0.00751517,0.00824598,0.00945701,0.00840684,0.00767163,0.0077388,0.010004,0.0120639,0.0182999,0.0226863,0.0405349,0.0421871,0.152966,0.115125701005,0.0168655860116655,0.023690847856587,0.0320688161919803,0.0301949447120042,0.0299097622330106,0.0368828968992737,0.04039711548415,0.0461929324399648,0.0411689481008692,0.0376363201923077,0.0379595957019543,0.0487995239070838,0.0585535398757329,0.0874965545055115,0.107343436491791,0.18402582860064,0.190811084267271,1,0.983134413988334,0.976309152143413,0.96793118380802,0.969805055287996,0.97009023776699,0.963117103100726,0.95960288451585,0.953807067560035,0.958831051899131,0.962363679807692,0.962040404298046,0.951200476092916,0.941446460124267,0.912503445494488,0.892656563508209,0.81597417139936,0.80918891573273,0,1e+05,1686.55860116656,98507.6076400788,6017820.24468044,60.1782024468044,2023,"Total","GMoH report",17.8067875531956
0,1,0.0167894,0.00596567,0.00628095,0.00614449,0.00619628,0.00688829,0.00787094,0.00922959,0.00838035,0.00742583,0.00733449,0.00942024,0.0122077,0.0181121,0.0228635,0.0404792,0.0418078,0.152517,0.11578759177,0.0165438007300151,0.0235813232150711,0.0309192444292552,0.0302576553482235,0.0305087973725412,0.033858384078834,0.0385952478006891,0.0451071487768028,0.0410418865648164,0.0364524261998804,0.0360121235989616,0.0460174611787634,0.0592308198027354,0.086637530939669,0.108136549974164,0.18379619287358,0.189257862808217,1,0.983456199269985,0.976418676784929,0.969080755570745,0.969742344651777,0.969491202627459,0.966141615921166,0.961404752199311,0.954892851223197,0.958958113435184,0.96354757380012,0.963987876401038,0.953982538821237,0.940769180197265,0.913362469060331,0.891863450025836,0.81620380712642,0.810742137191783,0,1e+05,1654.38007300152,98537.1766115236,6059262.41191227,60.5926241191227,2023,"Total","GMoH report",17.3923658808773
0,1,0.0170387,0.00597319,0.00648265,0.00649636,0.00615698,0.00742766,0.0080882,0.0091388,0.00840815,0.00770178,0.00745762,0.00988294,0.0120398,0.0185791,0.023017,0.041508,0.0419623,0.153137,0.115290126085,0.0167856677064192,0.0236106976339991,0.0318963183299459,0.0319626970337447,0.0303182281885196,0.0364612456601498,0.0396394700949452,0.0446733480178365,0.0411752311994753,0.0377814391686001,0.0366056229357056,0.0482232317353828,0.0584399856518715,0.0887722296693743,0.108823049664671,0.188028302997907,0.189890857206599,1,0.983214332293581,0.976389302366001,0.968103681670054,0.968037302966255,0.96968177181148,0.96353875433985,0.960360529905055,0.955326651982163,0.958824768800525,0.9622185608314,0.963394377064294,0.951776768264617,0.941560014348129,0.911227770330626,0.891176950335329,0.811971697002093,0.810109142793401,0,1e+05,1678.56677064192,98514.9554039875,6017100.91621772,60.1710091621772,2023,"Total","GMoH report",17.8139808378228
0,1,0.0171134,0.00664997,0.00712994,0.00690484,0.00660582,0.00805363,0.00866455,0.0105009,0.0089871,0.00806476,0.00754538,0.0106935,0.012323,0.0190466,0.0230895,0.0417057,0.0429472,0.153084,0.11514106597,0.0168581184416304,0.0262507466446707,0.0350253778928663,0.0339383527608077,0.0324925009681367,0.0394733898090798,0.0424042163676786,0.0511613981845107,0.0439480854041607,0.0395268633341433,0.0370284163201654,0.0520753311167574,0.0597735270649467,0.0909044483358176,0.10914711899019,0.188839310880525,0.193915663085803,1,0.98314188155837,0.973749253355329,0.964974622107134,0.966061647239192,0.967507499031863,0.96052661019092,0.957595783632321,0.948838601815489,0.956051914595839,0.960473136665857,0.962971583679835,0.947924668883243,0.940226472935053,0.909095551664182,0.89085288100981,0.811160689119475,0.806084336914197,0,1e+05,1685.81184416305,98508.2943285987,5896095.01866973,58.9609501866973,2023,"Total","GMoH report",19.0240398133027
0,1,0.0173207,0.00634071,0.00656412,0.00649048,0.00646881,0.00761853,0.00821076,0.00974268,0.00852732,0.00778062,0.0073927,0.0103361,0.0124481,0.0183512,0.0227827,0.0416521,0.0425284,0.152623,0.114727409185,0.0170591232350698,0.0250452309078604,0.0322906999269881,0.0319342288163797,0.0318293056729248,0.0373806853186974,0.0402280429844622,0.0475551143463991,0.0417466327588569,0.0381608130371669,0.0362927465317862,0.0503787017520516,0.0603620188818908,0.0877310737963701,0.107774987008693,0.188619503903638,0.192206421102013,1,0.98294087676493,0.97495476909214,0.967709300073012,0.96806577118362,0.968170694327075,0.962619314681303,0.959771957015538,0.952444885653601,0.958253367241143,0.961839186962833,0.963707253468214,0.949621298247948,0.939637981118109,0.91226892620363,0.892225012991307,0.811380496096362,0.807793578897987,0,1e+05,1705.91232350697,98489.8025776657,5976200.14508141,59.7620014508141,2023,"Total","GMoH report",18.2229885491859
0,1,0.0175297,0.00669127,0.00717438,0.00676154,0.00675757,0.0083026,0.00888776,0.0105783,0.00914682,0.00848516,0.00817173,0.0105863,0.0129301,0.0190656,0.0243596,0.0416067,0.0432203,0.152449,0.114310360135,0.0172616970717624,0.0264116253670603,0.0352398399918973,0.0332457193470159,0.0332265236022528,0.0406688568723295,0.0434728591533285,0.0515287826950426,0.0447116758722456,0.0415445202464638,0.0400406466170501,0.0515667473561587,0.0626260957968431,0.0909910047496144,0.11480640475672,0.188433282375471,0.195028521933675,1,0.982738302928238,0.97358837463294,0.964760160008103,0.966754280652984,0.966773476397747,0.95933114312767,0.956527140846671,0.948471217304957,0.955288324127754,0.958455479753536,0.95995935338295,0.948433252643841,0.937373904203157,0.909008995250386,0.88519359524328,0.811566717624529,0.804971478066325,0,1e+05,1726.16970717625,98471.1493737052,5862186.94921634,58.6218694921634,2023,"Total","GMoH report",19.3631205078366
0,1,0.0168924,0.00590132,0.00609981,0.00595845,0.00588164,0.00733009,0.00801621,0.00920019,0.00819176,0.00743943,0.00706588,0.00945808,0.0117893,0.0175737,0.0227062,0.0401321,0.0410389,0.153506,0.11558206042,0.0166437434448854,0.0233299252905685,0.0300409399354311,0.0293549746285611,0.0289820451104908,0.035990908503715,0.0392935859092461,0.0449666946635582,0.0401368219681848,0.0365179678363481,0.0347161496316026,0.0461980381483741,0.0572588942937566,0.0841705308547928,0.107432538249971,0.182363885751573,0.186101044601735,1,0.983356256555115,0.976670074709431,0.969959060064569,0.970645025371439,0.971017954889509,0.964009091496285,0.960706414090754,0.955033305336442,0.959863178031815,0.963482032163652,0.965283850368397,0.953801961851626,0.942741105706243,0.915829469145207,0.892567461750029,0.817636114248427,0.813898955398265,0,1e+05,1664.37434448853,98527.9974715576,6077342.28366251,60.7734228366251,2023,"Total","GMoH report",17.2115671633749
0,1,0.0172956,0.00646169,0.00688458,0.006371,0.00665269,0.00798034,0.00805206,0.00974037,0.00850312,0.00837101,0.00746311,0.00987918,0.0122379,0.0178347,0.0238571,0.0411362,0.042724,0.152153,0.11477749498,0.0170347896308616,0.0255169941876551,0.0338404566720125,0.0313555839368459,0.0327192720648178,0.0391211988303162,0.0394658465883005,0.0475441070158647,0.0416306245102853,0.0409970825304176,0.0366320769504753,0.0482053272381388,0.0593729979703467,0.0853672516906805,0.112571430324041,0.186501130489858,0.193005122830477,1,0.982965210369138,0.974483005812345,0.966159543327987,0.968644416063154,0.967280727935182,0.960878801169684,0.9605341534117,0.952455892984135,0.958369375489715,0.959002917469582,0.963367923049525,0.951794672761861,0.940627002029653,0.91463274830932,0.887428569675959,0.813498869510142,0.806994877169523,0,1e+05,1703.47896308616,98492.042085048,5958001.70002712,59.5800170002712,2023,"Total","GMoH report",18.4049729997288
0,1,0.0172899,0.00630196,0.00638721,0.00625344,0.00637917,0.00775939,0.0083778,0.00988119,0.00855608,0.00816439,0.00774406,0.010144,0.0120513,0.0184129,0.0234219,0.0400677,0.0432089,0.153226,0.114788869045,0.0170292635128709,0.0248940770444578,0.0314341093559514,0.0307859054682712,0.0313951623061782,0.0380586698444884,0.0410296544033491,0.0482148985660942,0.04188448254154,0.0400054007651182,0.0379849065121881,0.0494655535616759,0.0584941729342924,0.0880130607827818,0.110631500165674,0.182097890847249,0.194982095350522,1,0.982970736487129,0.975105922955542,0.968565890644049,0.969214094531729,0.968604837693822,0.961941330155512,0.958970345596651,0.951785101433906,0.95811551745846,0.959994599234882,0.962015093487812,0.950534446438324,0.941505827065708,0.911986939217218,0.889368499834326,0.817902109152751,0.805017904649478,0,1e+05,1702.9263512871,98492.5506386441,5977004.24422392,59.7700424422392,2023,"Total","GMoH report",18.2149475577608
0,1,0.0171746,0.00620849,0.00642759,0.00633184,0.00638179,0.0074296,0.00809098,0.00967743,0.00825659,0.00767876,0.00764946,0.00969773,0.012289,0.0178096,0.0241091,0.0413149,0.0420405,0.151314,0.11501894443,0.0169174680927753,0.0245293791891953,0.0316296932499095,0.0311658569508114,0.0314078541757494,0.0364705951653979,0.0396528244755618,0.0472441452290891,0.0404480427370444,0.0376706404817362,0.0375295971200354,0.0473409017911815,0.0596135235235478,0.0852522297237785,0.113692915337115,0.187235463837727,0.190211077944216,1,0.983082531907225,0.975470620810805,0.96837030675009,0.968834143049189,0.968592145824251,0.963529404834602,0.960347175524438,0.952755854770911,0.959551957262956,0.962329359518264,0.962470402879965,0.952659098208818,0.940386476476452,0.914747770276222,0.886307084662885,0.812764536162273,0.809788922055784,0,1e+05,1691.74680927752,98502.8361229684,6006053.56392787,60.0605356392787,2023,"Total","GMoH report",17.9244543607212
0,1,0.0177002,0.00695557,0.00698695,0.00685143,0.00679771,0.00811567,0.00872344,0.0103501,0.0094511,0.0083977,0.00813547,0.010795,0.012547,0.0187773,0.0236688,0.041281,0.0419737,0.15277,0.11397013591,0.017426895637327,0.0274405506581178,0.0343350075475393,0.0336802552224039,0.0334205912811063,0.039771420685709,0.0426862721648653,0.0504452173887615,0.0461647312707183,0.0411251091766677,0.0398665178500658,0.0525566280018014,0.0608270088014214,0.0896767804749684,0.111732560906066,0.187096204006064,0.189937546057605,1,0.982573104362673,0.972559449341882,0.965664992452461,0.966319744777596,0.966579408718894,0.960228579314291,0.957313727835135,0.949554782611238,0.953835268729282,0.958874890823332,0.960133482149934,0.947443371998199,0.939172991198579,0.910323219525032,0.888267439093934,0.812903795993936,0.810062453942395,0,1e+05,1742.6895637327,98455.9250026949,5871070.07803854,58.7107007803854,2023,"Total","GMoH report",19.2742892196146
0,1,0.0178349,0.00687215,0.00720094,0.00710694,0.00686124,0.00849063,0.00898248,0.0104586,0.00918644,0.00873228,0.00813232,0.0109221,0.0130586,0.0187355,0.0238346,0.0420691,0.0431414,0.153761,0.113701348795,0.0175573698158265,0.0271159107873652,0.0353679930110181,0.0349143642699876,0.0337276659728019,0.0415707454538186,0.0439259892012978,0.0509605597251465,0.0449009991631199,0.0427286046504573,0.0398513893729367,0.0531589807411186,0.0632288009497926,0.0894860836972265,0.112471232881884,0.190328163628718,0.194707152164072,1,0.982442630184173,0.972884089212635,0.964632006988982,0.965085635730012,0.966272334027198,0.958429254546181,0.956074010798702,0.949039440274854,0.95509900083688,0.957271395349543,0.960148610627063,0.946841019258881,0.936771199050207,0.910513916302773,0.887528767118116,0.809671836371282,0.805292847835928,0,1e+05,1755.73698158265,98443.8926813526,5836490.74425126,58.3649074425126,2023,"Total","GMoH report",19.6200825574874
0,1,0.0169963,0.00638811,0.00674643,0.00667511,0.00640588,0.00788904,0.00821625,0.00965686,0.00851026,0.00801892,0.00754961,0.0103374,0.0123694,0.0181538,0.0233922,0.0412073,0.0420379,0.153428,0.115374733165,0.0167445398748474,0.0252300947587415,0.0331726574711424,0.0328277282570846,0.0315245438870127,0.0386822847703876,0.0402543994757681,0.047146091975611,0.0416648531667234,0.0393066086249138,0.0370487902074057,0.0503848783951938,0.0599918422656967,0.0868283392378594,0.110498965261996,0.186793373545723,0.190200433039791,1,0.983255460125153,0.974769905241259,0.966827342528858,0.967172271742915,0.968475456112987,0.961317715229612,0.959745600524232,0.952853908024389,0.958335146833277,0.960693391375086,0.962951209792594,0.949615121604806,0.940008157734303,0.913171660762141,0.889501034738004,0.813206626454277,0.809799566960209,0,1e+05,1674.45398748475,98518.7356945184,5961031.67166381,59.6103167166381,2023,"Total","GMoH report",18.3746732833619
0,1,0.0172788,0.00638594,0.00649232,0.00655562,0.00624529,0.00743183,0.00811951,0.00973396,0.00891801,0.00820102,0.00778784,0.00976535,0.0126082,0.0181844,0.0233921,0.0410936,0.0423642,0.151122,0.11481101854,0.0170185019551944,0.0252216323383702,0.0319431373266782,0.0322495603430596,0.0307463995459492,0.0364813421671056,0.0397898644933686,0.0475135622148577,0.0436175946371254,0.0401812812716637,0.0381955479594487,0.0476631320827884,0.0611146361124185,0.0869683326302942,0.11049851898512,0.186325986139903,0.191535390974224,1,0.982981498044806,0.97477836766163,0.968056862673322,0.96775043965694,0.969253600454051,0.963518657832894,0.960210135506631,0.952486437785142,0.956382405362875,0.959818718728336,0.961804452040551,0.952336867917212,0.938885363887581,0.913031667369706,0.88950148101488,0.813674013860097,0.808464609025776,0,1e+05,1701.85019551944,98493.5409588307,5977827.27385557,59.7782727385557,2023,"Total","GMoH report",18.2067172614443
0,1,0.0173316,0.0061272,0.00662448,0.00635599,0.00611567,0.00778384,0.0079908,0.00955328,0.00828401,0.00805576,0.00766547,0.0100145,0.012511,0.0175391,0.0235821,0.0406358,0.041922,0.151943,0.11470565878,0.0170696900599942,0.0242120952993635,0.0325827898999096,0.0312828660406852,0.0301178725755645,0.0381763043871479,0.0391714715135733,0.0466521962661366,0.0405796445469417,0.0394836235126298,0.0376066680359266,0.048849491908213,0.06065777639869,0.0840117727896621,0.111346064906898,0.184441663614259,0.189725788713845,1,0.982930309940006,0.975787904700636,0.96741721010009,0.968717133959315,0.969882127424435,0.961823695612852,0.960828528486427,0.953347803733863,0.959420355453058,0.96051637648737,0.962393331964073,0.951150508091787,0.93934222360131,0.915988227210338,0.888653935093102,0.815558336385741,0.810274211286155,0,1e+05,1706.96900599942,98488.8299983508,5999031.21211459,59.9903121211459,2023,"Total","GMoH report",17.9946778788541
0,1,0.0170304,0.0060325,0.00650262,0.00614029,0.00616477,0.00734089,0.00782411,0.00913791,0.00838984,0.00781626,0.00758911,0.00953765,0.0120647,0.0176666,0.0227391,0.0405679,0.0421138,0.151143,0.11530668832,0.0167776169971788,0.0238423421420561,0.0319930041287311,0.0302372857418307,0.0303560055196318,0.0360429811011607,0.0383700218214171,0.0446690945847575,0.0410874080510916,0.0383322626714295,0.0372390224066585,0.046577646768252,0.0585573090827727,0.0845966615477513,0.107579828788016,0.184161851101726,0.190511130844593,1,0.983222383002821,0.976157657857944,0.968006995871269,0.969762714258169,0.969643994480368,0.963957018898839,0.961629978178583,0.955330905415242,0.958912591948908,0.96166773732857,0.962760977593341,0.953422353231748,0.941442690917227,0.915403338452249,0.892420171211984,0.815838148898274,0.809488869155408,0,1e+05,1677.76169971788,98515.6954456667,6041177.76011302,60.4117776011302,2023,"Total","GMoH report",17.5732123988698
0,1,0.0171661,0.00626391,0.00668661,0.00625001,0.00657573,0.00761243,0.00794441,0.00926683,0.00844676,0.00782429,0.00713199,0.0100144,0.0123964,0.0181473,0.0228833,0.0412193,0.0420921,0.151459,0.115035905755,0.0169092254938614,0.0247456311867066,0.0328833545810618,0.0307692792426024,0.0323468889793299,0.0373513143355319,0.038948493006682,0.0452850283517968,0.0413603966401888,0.0383708876192735,0.0350352719765401,0.0488490160345588,0.0601188565176612,0.0867985994409147,0.10822512972255,0.186842687978518,0.190422312454803,1,0.983090774506139,0.975254368813293,0.967116645418938,0.969230720757398,0.96765311102067,0.962648685664468,0.961051506993318,0.954714971648203,0.958639603359811,0.961629112380727,0.96496472802346,0.951150983965441,0.939881143482339,0.913201400559085,0.89177487027745,0.813157312021482,0.809577687545197,0,1e+05,1690.92254938614,98503.594257644,6001448.21039946,60.0144821039946,2023,"Total","GMoH report",17.9705078960054
0,1,0.0177585,0.00707196,0.00731711,0.00720891,0.0074537,0.00838378,0.00934947,0.0106813,0.00947882,0.00862077,0.00849182,0.0112728,0.0128745,0.0195084,0.0247195,0.0418629,0.0427342,0.15419,0.113853801175,0.0174833707116554,0.0278933191257509,0.0359283213022895,0.0354064453059242,0.0365867336583273,0.041058339780292,0.045679648736323,0.0520174646374208,0.0462969977299436,0.0421944777794824,0.0415764506618517,0.0548190884493212,0.0623651981413238,0.0930060041705959,0.116403885387885,0.189483661108457,0.193046753560037,1,0.982516629288345,0.972106680874249,0.96407167869771,0.964593554694076,0.963413266341673,0.958941660219708,0.954320351263677,0.947982535362579,0.953703002270056,0.957805522220518,0.958423549338148,0.945180911550679,0.937634801858676,0.906993995829404,0.883596114612115,0.810516338891543,0.806953246439963,0,1e+05,1748.33707116554,98450.7177501218,5793564.48685235,57.9356448685235,2023,"Total","GMoH report",20.0493451314765
0,1,0.016989,0.00586201,0.00625422,0.00626438,0.0061681,0.00736511,0.00794285,0.00922097,0.00855328,0.00775847,0.00755728,0.0100305,0.012012,0.0177441,0.0229465,0.0407021,0.0425817,0.151876,0.11538929995,0.0167374585734078,0.0231763203566127,0.0307896863200584,0.030838933012045,0.0303721537954359,0.0361597486834354,0.0389409938181292,0.0450659701041225,0.0418710626922393,0.0380542432386506,0.0370857318509928,0.0489256287032306,0.058308981291807,0.084952007700408,0.108507813636004,0.184714799407582,0.192424133216534,1,0.983262541426592,0.976823679643387,0.969210313679942,0.969161066987955,0.969627846204564,0.963840251316565,0.961059006181871,0.954934029895878,0.958128937307761,0.961945756761349,0.962914268149007,0.951074371296769,0.941691018708193,0.915047992299592,0.891492186363996,0.815285200592418,0.807575866783466,0,1e+05,1673.74585734078,98519.386505432,6036658.30716767,60.3665830716767,2023,"Total","GMoH report",17.6184069283233
0,1,0.0170493,0.00655878,0.00686195,0.00635946,0.00660475,0.00796658,0.00859503,0.00998023,0.00860744,0.00862285,0.00803401,0.0100867,0.0124306,0.018636,0.0245448,0.041395,0.0434961,0.152778,0.115268974315,0.0167959491526028,0.0258954350766559,0.0337310972431804,0.0312996773841564,0.0324873233773093,0.0390550618141319,0.0420711431560976,0.0486863964147735,0.0421306082923992,0.0422044435351572,0.0393791194023263,0.049193012111829,0.0602797173633576,0.0890319991591741,0.115628786408407,0.18756442642078,0.196150992083132,1,0.983204050847397,0.974104564923344,0.96626890275682,0.968700322615844,0.967512676622691,0.960944938185868,0.957928856843902,0.951313603585227,0.957869391707601,0.957795556464843,0.960620880597674,0.950806987888171,0.939720282636642,0.910968000840826,0.884371213591593,0.81243557357922,0.803849007916868,0,1e+05,1679.59491526027,98514.0102678865,5924361.45148523,59.2436145148523,2023,"Total","GMoH report",18.7413754851477
0,1,0.0170904,0.00635973,0.00654328,0.00632284,0.00648538,0.00784252,0.00859326,0.00973763,0.00854322,0.00793811,0.00734751,0.00987025,0.0120856,0.0188564,0.0234988,0.0410547,0.0418933,0.152643,0.11518696132,0.0168358120696268,0.0251194146106366,0.0321898322855072,0.0311222475212075,0.0319095363282192,0.0384585697440277,0.0420626615328897,0.0475310505408058,0.0418228455731073,0.0389182074702459,0.0360748983097994,0.0481628027406234,0.0586557744313317,0.0900375403121451,0.110974576551339,0.186166024304922,0.189608215376879,1,0.983164187930373,0.974880585389363,0.967810167714493,0.968877752478792,0.968090463671781,0.961541430255972,0.95793733846711,0.952468949459194,0.958177154426893,0.961081792529754,0.963925101690201,0.951837197259377,0.941344225568668,0.909962459687855,0.889025423448662,0.813833975695078,0.81039178462312,0,1e+05,1683.58120696268,98510.3453964028,5972157.59992753,59.7215759992753,2023,"Total","GMoH report",18.2634140007247
0,1,0.0165771,0.00627565,0.0065739,0.00636315,0.00639858,0.00761137,0.0080684,0.00913909,0.00834728,0.00786231,0.00760193,0.00989374,0.0120705,0.018475,0.0234015,0.0411949,0.0420614,0.152493,0.116211225805,0.0163377413892452,0.0247914352586383,0.0323380325200412,0.0313175542615023,0.0314891848293368,0.0373462104356903,0.0395443508980357,0.0446747339639437,0.0408832403634475,0.0385537462385284,0.0373007556661962,0.0482746577198276,0.0585846353961276,0.0882967919230539,0.110540468089981,0.186742412480289,0.190296642050177,1,0.983662258610755,0.975208564741362,0.967661967479959,0.968682445738498,0.968510815170663,0.96265378956431,0.960455649101964,0.955325266036056,0.959116759636553,0.961446253761472,0.962699244333804,0.951725342280172,0.941415364603872,0.911703208076946,0.889459531910019,0.813257587519711,0.809703357949823,0,1e+05,1633.77413892452,98556.0887564484,6003006.49317203,60.0300649317203,2023,"Total","GMoH report",17.9549250682796
0,1,0.0176589,0.00673074,0.00707343,0.00684127,0.0068965,0.00824136,0.00864114,0.0104144,0.00893613,0.00836122,0.00821298,0.0107927,0.0123508,0.0189729,0.0241195,0.0418561,0.043602,0.153843,0.114052547995,0.0173868846676968,0.0265653510580392,0.0347525997950787,0.0336311505467476,0.0338980551565324,0.0403749389821747,0.0422920707396225,0.0507506559224043,0.0437042821332515,0.0409501176433942,0.0402387008859934,0.0525457244006527,0.0599043338827038,0.0905686262763057,0.113739170210283,0.189455797939646,0.196581620461585,1,0.982613115332303,0.973434648941961,0.965247400204921,0.966368849453252,0.966101944843468,0.959625061017825,0.957707929260377,0.949249344077596,0.956295717866748,0.959049882356606,0.959761299114007,0.947454275599347,0.940095666117296,0.909431373723694,0.886260829789717,0.810544202060354,0.803418379538415,0,1e+05,1738.68846676967,98459.6133830349,5870293.09838608,58.7029309838608,2023,"Total","GMoH report",19.2820590161392
0,1,0.0168756,0.00624955,0.00637439,0.0063958,0.00653494,0.0075747,0.00813092,0.00973799,0.00844488,0.00772697,0.00723337,0.00993963,0.0122607,0.0182157,0.0231288,0.0414012,0.0420793,0.153609,0.11561558398,0.0166274434270817,0.0246896021932266,0.0313720064888932,0.0314757189911904,0.0321494629711286,0.0371696280460981,0.0398446655303646,0.047532766000048,0.041351381366318,0.0379026680525941,0.0355244463389628,0.0484931403192221,0.0594803239794625,0.0871115072915723,0.109322740498874,0.18758988421418,0.190369917795291,1,0.983372556572918,0.975310397806773,0.968627993511107,0.96852428100881,0.967850537028871,0.962830371953902,0.960155334469635,0.952467233999952,0.958648618633682,0.962097331947406,0.964475553661037,0.951506859680778,0.940519676020538,0.912888492708428,0.890677259501126,0.81241011578582,0.809630082204709,0,1e+05,1662.74434270817,98529.4948154835,5996217.01538539,59.9621701538539,2023,"Total","GMoH report",18.0228198461461
0,1,0.0174434,0.00680987,0.00737663,0.00713007,0.00722138,0.00824614,0.00925624,0.0106898,0.00920099,0.00861568,0.00818559,0.0107848,0.0133685,0.019172,0.0240909,0.0418974,0.0433411,0.154825,0.11448256747,0.017178060213225,0.0268734703213258,0.0362152831398306,0.0350260053255216,0.0354666054125154,0.040397883492542,0.0452344477386588,0.0520577818100182,0.0449705168113107,0.0421700899975253,0.0401071973167892,0.0525082719711148,0.0646807872394728,0.0914755756586795,0.113611963850203,0.189625012502902,0.195520334117455,1,0.982821939786775,0.973126529678674,0.963784716860169,0.964973994674478,0.964533394587485,0.959602116507458,0.954765552261341,0.947942218189982,0.955029483188689,0.957829910002475,0.959892802683211,0.947491728028885,0.935319212760527,0.90852442434132,0.886388036149797,0.810374987497098,0.804479665882545,0,1e+05,1717.8060213225,98478.8528224139,5819615.41980027,58.1961541980027,2023,"Total","GMoH report",19.7888358019973
0,1,0.0172194,0.00622945,0.0064699,0.00634418,0.00629956,0.00805377,0.00838176,0.00979848,0.00858718,0.00815167,0.00817186,0.00968357,0.0125078,0.017908,0.0239616,0.0410657,0.0426735,0.152547,0.11492954827,0.0169609092614723,0.0246111718707792,0.0318345835694107,0.0312256471841186,0.0310094355012346,0.0394740624501521,0.0410486501649829,0.0478209680035904,0.0420335263578265,0.039944317758151,0.0400412708509597,0.0472734115258759,0.0606427320889447,0.0857030734037157,0.113036652376064,0.186211260589976,0.192798981642226,1,0.983039090738528,0.975388828129221,0.968165416430589,0.968774352815881,0.968990564498765,0.960525937549848,0.958951349835017,0.95217903199641,0.957966473642173,0.960055682241849,0.95995872914904,0.952726588474124,0.939357267911055,0.914296926596284,0.886963347623936,0.813788739410024,0.807201018357774,0,1e+05,1696.09092614723,98498.8400378197,5968000.39988756,59.6800039988756,2023,"Total","GMoH report",18.3049860011244
0,1,0.0167864,0.00612504,0.00643521,0.00620378,0.00628348,0.00755987,0.00789649,0.00912868,0.00815566,0.00790055,0.00765375,0.010122,0.0121653,0.0182385,0.023434,0.0408716,0.0418437,0.152294,0.11579357812,0.0165408894877203,0.0242036631896339,0.0316665969958656,0.0305451613473415,0.0309315062478051,0.0370982059641937,0.0387181071354647,0.0446249820472131,0.0399634786394975,0.0387376285714741,0.0375502494457613,0.0493609218720283,0.0590311702610579,0.0872157871645007,0.110685490536896,0.185412714268735,0.189404986423932,1,0.98345911051228,0.975796336810366,0.968333403004134,0.969454838652658,0.969068493752195,0.962901794035806,0.961281892864535,0.955375017952787,0.960036521360503,0.961262371428526,0.962449750554239,0.950639078127972,0.940968829738942,0.912784212835499,0.889314509463104,0.814587285731265,0.810595013576068,0,1e+05,1654.08894877204,98537.443929135,6021068.26135787,60.2106826135787,2023,"Total","GMoH report",17.7743073864213
0,1,0.01728,0.00611651,0.00655052,0.00625039,0.00592835,0.00766089,0.00793112,0.00929911,0.00823272,0.00767471,0.00757811,0.0104187,0.0119029,0.0188163,0.0230373,0.0402349,0.042806,0.152857,0.114808624,0.0170196653776657,0.0241703634603819,0.0322248757669773,0.0307711212289544,0.0292088492956947,0.0375846208842845,0.0388846038517483,0.0454391899361814,0.0403334646963134,0.0376511459344633,0.0371860500555341,0.0507710784133374,0.0577946889910219,0.089854668980171,0.108913800272458,0.182788325051013,0.193339746977232,1,0.982980334622334,0.975829636539618,0.967775124233023,0.969228878771046,0.970791150704305,0.962415379115716,0.961115396148252,0.954560810063819,0.959666535303687,0.962348854065537,0.962813949944466,0.949228921586663,0.942205311008978,0.910145331019829,0.891086199727542,0.817211674948987,0.806660253022768,0,1e+05,1701.96653776658,98493.4338985284,6016216.9561444,60.162169561444,2023,"Total","GMoH report",17.822820438556
0,1,0.0168175,0.00630158,0.00654789,0.00660301,0.00631154,0.00762465,0.00862953,0.00990255,0.00900182,0.00814851,0.00749319,0.0104906,0.0127267,0.0185547,0.0235507,0.0405853,0.0424532,0.15279,0.115731519625,0.0165710685708397,0.0248925946468506,0.032212146027864,0.03247890368544,0.0310674907239898,0.0374101517167816,0.0422364482566886,0.0483166059835441,0.0440184838297297,0.0399291424584644,0.0367770072427468,0.0511124980693833,0.0616713190593194,0.0886608130311283,0.111206049240386,0.184233563852448,0.19189916583268,1,0.98342893142916,0.975107405353149,0.967787853972136,0.96752109631456,0.96893250927601,0.962589848283218,0.957763551743311,0.951683394016456,0.95598151617027,0.960070857541536,0.963222992757253,0.948887501930617,0.93832868094068,0.911339186968872,0.888793950759614,0.815766436147552,0.80810083416732,0,1e+05,1657.10685708397,98534.6726376674,5955248.42558281,59.5524842558281,2023,"Total","GMoH report",18.4325057441719
0,1,0.0170315,0.00621881,0.00654451,0.006295,0.0062236,0.00742944,0.00810214,0.0092109,0.00851349,0.00773841,0.00747502,0.0101608,0.0123648,0.0177084,0.0238683,0.0413226,0.0426822,0.150954,0.115304493325,0.0167786839658584,0.0245696520048317,0.0321957858931609,0.0309873367873097,0.0306412527484863,0.0364698240755504,0.0397064323161844,0.0450178624274182,0.0416803371658547,0.0379577190189171,0.0366894638105668,0.0495454465663223,0.0599702011422895,0.0847883355948791,0.112621302418699,0.187267092145292,0.192834498427992,1,0.983221316034142,0.975430347995168,0.967804214106839,0.96901266321269,0.969358747251514,0.96353017592445,0.960293567683816,0.954982137572582,0.958319662834145,0.962042280981083,0.963310536189433,0.950454553433678,0.94002979885771,0.915211664405121,0.887378697581301,0.812732907854708,0.807165501572008,0,1e+05,1677.86839658584,98515.5973687485,6009129.41003488,60.0912941003488,2023,"Total","GMoH report",17.8936958996512
0,1,0.0171439,0.00600937,0.00630339,0.00611043,0.00611157,0.0071769,0.00817358,0.00919571,0.00831502,0.00779786,0.00738481,0.00971721,0.0118846,0.0181678,0.023049,0.0407366,0.0434291,0.152114,0.115080204745,0.016887697143865,0.0237520107582198,0.0310279960991711,0.0300924553944601,0.0300979851423588,0.0352519998064723,0.0400495299083297,0.04494529035996,0.0407284552010847,0.0382437514507801,0.0362547145535446,0.0474337409453706,0.0577083969636155,0.0868923910449346,0.108966100853565,0.18485689638664,0.195878439191293,1,0.983112302856135,0.97624798924178,0.968972003900829,0.96990754460554,0.969902014857641,0.964748000193528,0.95995047009167,0.95505470964004,0.959271544798915,0.96175624854922,0.963745285446455,0.95256625905463,0.942291603036384,0.913107608955065,0.891033899146435,0.81514310361336,0.804121560808706,0,1e+05,1688.76971438649,98505.5742501123,6039778.03391454,60.3977803391454,2023,"Total","GMoH report",17.5872096608546
0,1,0.0169662,0.00644828,0.00662591,0.00627487,0.00658242,0.0076853,0.00848879,0.00966629,0.00866662,0.00800567,0.00763087,0.0101168,0.0121373,0.0180215,0.0232526,0.0403002,0.0419685,0.151818,0.11543479621,0.0167153410069333,0.0254647128034476,0.032589708806308,0.0308897766677028,0.0323792651930204,0.0377021197477564,0.0415619238902492,0.0471910442033197,0.0424141320864425,0.0392429350307803,0.0374400986853621,0.0493361891051525,0.0588993037029165,0.0862228378205427,0.109875757408224,0.183057831906504,0.189916249687478,1,0.983284658993067,0.974535287196552,0.967410291193692,0.969110223332297,0.96762073480698,0.962297880252244,0.958438076109751,0.95280895579668,0.957585867913557,0.96075706496922,0.962559901314638,0.950663810894848,0.941100696297083,0.913777162179457,0.890124242591776,0.816942168093496,0.810083750312522,0,1e+05,1671.53410069333,98521.4190975783,5974211.14597027,59.7421114597027,2023,"Total","GMoH report",18.2428785402973
0,1,0.0171795,0.00640522,0.00697025,0.00648519,0.00660714,0.00780932,0.00861335,0.00995464,0.00882211,0.00803838,0.00761413,0.0102384,0.0125846,0.0184215,0.0241687,0.0407206,0.0426072,0.154538,0.115009166725,0.0169222196487832,0.025296816648138,0.0342543466015022,0.0319086164000219,0.032498888238903,0.0382988794861285,0.0421589260360681,0.0485645924144193,0.0431586735854379,0.039400117214464,0.0373594997798531,0.0499143912417755,0.0610037311135704,0.0880523586861574,0.113957960594452,0.184790999104648,0.192528273376484,1,0.983077780351217,0.974703183351862,0.965745653398498,0.968091383599978,0.967501111761097,0.961701120513872,0.957841073963932,0.951435407585581,0.956841326414562,0.960599882785536,0.962640500220147,0.950085608758224,0.93899626888643,0.911947641313843,0.886042039405548,0.815209000895352,0.807471726623516,0,1e+05,1692.22196487832,98502.3990732161,5933055.20474671,59.3305520474671,2023,"Total","GMoH report",18.6544379525329
0,1,0.0173698,0.00695958,0.00702731,0.00696819,0.00678528,0.00815367,0.00875175,0.0100862,0.00882388,0.00839812,0.00777556,0.0100506,0.0126706,0.018665,0.0236176,0.041711,0.0426602,0.152146,0.11462943259,0.0171067207086146,0.0274561534077332,0.0345299188892264,0.0342443963495034,0.0333604991803047,0.0399539222567814,0.0428218350135504,0.049190633578989,0.0431671457156563,0.0411271236997859,0.038136468992894,0.0490212671314223,0.0614078153374629,0.0891643676925465,0.111504337874536,0.188861042627419,0.192744683167811,1,0.982893279291385,0.972543846592267,0.965470081110774,0.965755603650497,0.966639500819695,0.960046077743219,0.95717816498645,0.950809366421011,0.956832854284344,0.958872876300214,0.961863531007106,0.950978732868578,0.938592184662537,0.910835632307453,0.888495662125464,0.811138957372581,0.807255316832189,0,1e+05,1710.67207086146,98485.421297969,5888561.79675057,58.8856179675057,2023,"Total","GMoH report",19.0993720324943
0,1,0.0168245,0.00588338,0.00609564,0.00615451,0.00605574,0.00732357,0.0075755,0.00921319,0.00833541,0.00801772,0.00721371,0.00959006,0.0120369,0.0176264,0.022941,0.0408853,0.0426672,0.153533,0.115717551475,0.0165778610477817,0.0232598271957462,0.0300207113772509,0.0303062497077775,0.0298271365404168,0.0359594707470525,0.0371734807416049,0.0450288027128353,0.0408262903283357,0.0393008421300918,0.0354296027999647,0.0468276012362214,0.0584263205552707,0.0844122881120542,0.108483216335139,0.18546910046672,0.192773261718962,1,0.983422138952218,0.976740172804254,0.969979288622749,0.969693750292222,0.970172863459583,0.964040529252947,0.962826519258395,0.954971197287165,0.959173709671664,0.960699157869908,0.964570397200035,0.953172398763779,0.941573679444729,0.915587711887946,0.891516783664861,0.81453089953328,0.807226738281038,0,1e+05,1657.78610477816,98534.048844136,6058556.23545279,60.5855623545279,2023,"Total","GMoH report",17.3994276454721
0,1,0.0171576,0.00649283,0.00656642,0.00643072,0.00645358,0.00766493,0.00833133,0.00944851,0.00862691,0.00837679,0.00778228,0.0103624,0.0122807,0.0186639,0.0244396,0.0412328,0.0430005,0.152265,0.11505286708,0.0169009827632666,0.025638388602658,0.0323018315186975,0.0316448520426802,0.0317555574242943,0.0376040686158606,0.0408067144884523,0.0461523721261069,0.0422238956313474,0.0410248094657877,0.038168799291622,0.0505036523814073,0.0595744598279764,0.0891593471517368,0.115161733259573,0.18689816350915,0.194132963732547,1,0.983099017236733,0.974361611397342,0.967698168481303,0.96835514795732,0.968244442575706,0.962395931384139,0.959193285511548,0.953847627873893,0.957776104368653,0.958975190534212,0.961831200708378,0.949496347618593,0.940425540172024,0.910840652848263,0.884838266740427,0.81310183649085,0.805867036267453,0,1e+05,1690.09827632665,98504.3523760117,5958837.02165082,59.5883702165082,2023,"Total","GMoH report",18.3966197834918
0,1,0.0172248,0.00625019,0.00668915,0.00653895,0.00638094,0.00773522,0.0084944,0.00977408,0.00882137,0.00790234,0.00723262,0.0102342,0.0126176,0.0178244,0.0227995,0.0405596,0.0419503,0.154205,0.11491877284,0.0169661452267037,0.024692099374817,0.032895640318902,0.0321688733637945,0.0314037366024105,0.0379423685792952,0.0415888198222546,0.047704725491666,0.0431551315431481,0.0387462351895309,0.0355208283658613,0.0498944261594962,0.0611588066044686,0.0853200531132217,0.10785017484647,0.184127641299838,0.189841708445497,1,0.983033854773296,0.975307900625183,0.967104359681098,0.967831126636205,0.968596263397589,0.962057631420705,0.958411180177745,0.952295274508334,0.956844868456852,0.961253764810469,0.964479171634139,0.950105573840504,0.938841193395531,0.914679946886778,0.89214982515353,0.815872358700162,0.810158291554503,0,1e+05,1696.61452267037,98498.3583362574,5968520.09707847,59.6852009707847,2023,"Total","GMoH report",18.2997890292153
0,1,0.0171725,0.00660794,0.00700093,0.00681568,0.00692888,0.00805975,0.0087364,0.0100799,0.00873288,0.00822937,0.00766826,0.0104799,0.0131426,0.0185745,0.0235477,0.0412553,0.0439677,0.152557,0.115023134875,0.0169154316982328,0.0260869973731561,0.0344025258124103,0.0335074596928024,0.0340545011206872,0.0395027934021917,0.0427483336448626,0.0491606635682461,0.0427314778297259,0.0403173833377055,0.03762009826323,0.0510616963217931,0.0636225845507096,0.088751225886909,0.111192670860921,0.186990615183546,0.198067111638977,1,0.983084568301767,0.973913002626844,0.96559747418759,0.966492540307198,0.965945498879313,0.960497206597808,0.957251666355137,0.950839336431754,0.957268522170274,0.959682616662294,0.96237990173677,0.948938303678207,0.93637741544929,0.911248774113091,0.888807329139079,0.813009384816454,0.801932888361023,0,1e+05,1691.54316982327,98503.0234283462,5898007.34941902,58.9800734941902,2023,"Total","GMoH report",19.0049165058098
0,1,0.0170264,0.00647194,0.00641553,0.00650145,0.00661707,0.00770545,0.00848726,0.00978345,0.00883611,0.00819918,0.00758691,0.0102883,0.0124021,0.0183471,0.0233126,0.0401954,0.0423251,0.151606,0.11531467012,0.0167737370924901,0.0255569538561208,0.0315712837056202,0.0319873397745568,0.0325469366054898,0.0377991022685618,0.0415545885078521,0.0477493661591262,0.04322568278032,0.0401724471861996,0.0372284281651734,0.0501515641562287,0.0601456685113873,0.0877123326539135,0.110143662154162,0.182625261417998,0.191375528994398,1,0.98322626290751,0.974443046143879,0.96842871629438,0.968012660225443,0.96745306339451,0.962200897731438,0.958445411492148,0.952250633840874,0.95677431721968,0.9598275528138,0.962771571834827,0.949848435843771,0.939854331488613,0.912287667346087,0.889856337845838,0.817374738582002,0.808624471005602,0,1e+05,1677.373709249,98516.052086701,5961394.97495699,59.6139497495699,2023,"Total","GMoH report",18.3710402504301
0,1,0.0168629,0.006359,0.0065377,0.0065087,0.00645325,0.00758002,0.0084114,0.00980857,0.00852515,0.00802463,0.00767539,0.0102476,0.0124269,0.0184194,0.0231522,0.0420398,0.0420717,0.152419,0.115640926195,0.0166151210487516,0.0251165674946036,0.0321628227837172,0.0320224388801519,0.0317539594036953,0.0371952481870922,0.0411908188654871,0.0478690330951351,0.0417362309272758,0.0393340470647568,0.0376544191200749,0.0499581228506882,0.0602623155764088,0.0880427628355664,0.109427293536463,0.190208212020728,0.190338807030624,1,0.983384878951248,0.974883432505396,0.967837177216283,0.967977561119848,0.968246040596305,0.962804751812908,0.958809181134513,0.952130966904865,0.958263769072724,0.960665952935243,0.962345580879925,0.950041877149312,0.939737684423591,0.911957237164434,0.890572706463537,0.809791787979272,0.809661192969376,0,1e+05,1661.51210487516,98530.6266938168,5968850.48513843,59.6885048513843,2023,"Total","GMoH report",18.2964851486157
0,1,0.0174213,0.0068671,0.00730795,0.00705041,0.00699368,0.00840356,0.00892402,0.0104336,0.00902495,0.00831627,0.00799499,0.0109047,0.0126427,0.0188747,0.0239671,0.0422694,0.043107,0.153497,0.114526666915,0.0171566400141927,0.0270962546198007,0.0358841510459101,0.0346414587814811,0.0343675115544792,0.0411532161962545,0.0436463477983025,0.0508418414086956,0.0441290928585163,0.0407344532217636,0.0391916087008814,0.0530765406187858,0.0612767413551724,0.090120983673638,0.113061131394394,0.191147748408549,0.194567000746998,1,0.982843359985807,0.972903745380199,0.96411584895409,0.965358541218519,0.965632488445521,0.958846783803746,0.956353652201698,0.949158158591304,0.955870907141484,0.959265546778236,0.960808391299119,0.946923459381214,0.938723258644828,0.909879016326362,0.886938868605606,0.808852251591451,0.805432999253002,0,1e+05,1715.66400141927,98480.8252782093,5847388.5149409,58.473885149409,2023,"Total","GMoH report",19.511104850591
0,1,0.0172736,0.00670532,0.00696022,0.0068436,0.00680277,0.00817961,0.00882662,0.0106152,0.00891482,0.00868988,0.00799051,0.0105152,0.0126499,0.0187047,0.0243268,0.0417987,0.0430285,0.152264,0.11482139488,0.0170134604274792,0.0264663493171929,0.0342058985519518,0.0336424119735446,0.0334450525005029,0.0400784840771444,0.0431802606200154,0.0517038823696736,0.0436023326325028,0.0425255452863183,0.0391700777549948,0.051229284567295,0.0613105685958,0.0893455459181614,0.114660681342776,0.189220565836885,0.19424709697006,1,0.982986539572521,0.973533650682807,0.965794101448048,0.966357588026455,0.966554947499497,0.959921515922856,0.956819739379985,0.948296117630326,0.956397667367497,0.957474454713682,0.960829922245005,0.948770715432705,0.9386894314042,0.910654454081839,0.885339318657224,0.810779434163115,0.80575290302994,0,1e+05,1701.34604274791,98494.004883054,5875557.68740065,58.7555768740065,2023,"Total","GMoH report",19.2294131259935
0,1,0.0171873,0.00648264,0.00667087,0.00657514,0.00646894,0.00778346,0.00848586,0.00974541,0.00846458,0.00818527,0.00763115,0.0100432,0.0119801,0.0189239,0.0239152,0.0408826,0.0425682,0.153425,0.114993602215,0.0169297832599067,0.0255986661260493,0.0328072182794897,0.0323440336268469,0.0318299351483043,0.0381744762281432,0.0415478763450955,0.0475681228497471,0.041445845806263,0.0401056608436654,0.0374414467589143,0.0489860580543709,0.0581586343612228,0.0903452870557158,0.11283011319245,0.185457988135617,0.192368995332245,1,0.983070216740093,0.974401333873951,0.96719278172051,0.967655966373153,0.968170064851696,0.961825523771857,0.958452123654905,0.952431877150253,0.958554154193737,0.959894339156335,0.962558553241086,0.951013941945629,0.941841365638777,0.909654712944284,0.88716988680755,0.814542011864383,0.807631004667755,0,1e+05,1692.97832599067,98501.7033501869,5953827.34197023,59.5382734197023,2023,"Total","GMoH report",18.4467165802977
0,1,0.0173383,0.00683332,0.00697451,0.00687862,0.00699084,0.00853013,0.00908158,0.0103465,0.00891514,0.00825873,0.00786431,0.0104483,0.0129213,0.0195223,0.024518,0.0419666,0.0427598,0.152074,0.114692289265,0.0170761851567839,0.0269647623009474,0.0342749230166774,0.0338116561641897,0.0343537952844344,0.041760102247538,0.0443998480694242,0.0504281138013849,0.0436038636280378,0.0404583142655639,0.0385633643698808,0.0509116495305255,0.0625848073228482,0.0930691884555362,0.115509825260649,0.189908468196466,0.193151230080057,1,0.982923814843216,0.973035237699053,0.965725076983323,0.96618834383581,0.965646204715566,0.958239897752462,0.955600151930576,0.949571886198615,0.956396136371962,0.959541685734436,0.961436635630119,0.949088350469474,0.937415192677152,0.906930811544464,0.884490174739351,0.810091531803534,0.806848769919943,0,1e+05,1707.61851567839,98488.2321610761,5860627.891964,58.60627891964,2023,"Total","GMoH report",19.37871108036
0,1,0.0175906,0.00643147,0.00647941,0.00638928,0.00647226,0.00804998,0.00847086,0.00969241,0.0084498,0.00805302,0.00764198,0.00979495,0.0119313,0.0180898,0.0230336,0.0406214,0.0415709,0.151672,0.11418883723,0.017320709572255,0.025399171974838,0.0318806308048912,0.0314441365185617,0.0318460108446269,0.0394558529325256,0.0414759574281504,0.0473155458261968,0.0413749743542536,0.0394704590104492,0.0374935868970119,0.0478041518081177,0.0579285914908627,0.0865354763498177,0.108897260170351,0.184382329137895,0.188286411083701,1,0.982679290427745,0.974600828025162,0.968119369195109,0.968555863481438,0.968153989155373,0.960544147067474,0.95852404257185,0.952684454173803,0.958625025645746,0.960529540989551,0.962506413102988,0.952195848191882,0.942071408509137,0.913464523650182,0.89110273982965,0.815617670862105,0.811713588916299,0,1e+05,1732.0709572255,98465.7122113799,5973953.10538118,59.7395310538118,2023,"Total","GMoH report",18.2454589461882
0,1,0.0177372,0.00678995,0.00703265,0.00716832,0.00701738,0.00796523,0.00897731,0.0102905,0.00927289,0.00822538,0.00811888,0.0105918,0.0126207,0.0193343,0.0233597,0.0411698,0.0423099,0.152838,0.11389630426,0.0174627381708504,0.0267959141652276,0.0345557045608012,0.0352105979168517,0.0344819673302403,0.0390485728403864,0.0439012619061923,0.0501620193497047,0.0453139713211887,0.0402982293751555,0.0397868385799745,0.0515928472025014,0.0611733730275772,0.092214254832004,0.110353914177471,0.186639248652106,0.1913133755315,1,0.98253726182915,0.973204085834772,0.965444295439199,0.964789402083148,0.96551803266976,0.960951427159614,0.956098738093808,0.949837980650295,0.954686028678811,0.959701770624845,0.960213161420025,0.948407152797499,0.938826626972423,0.907785745167996,0.889646085822529,0.813360751347894,0.8086866244685,0,1e+05,1746.27381708504,98452.620316907,5864403.83823077,58.6440383823077,2023,"Total","GMoH report",19.3409516176922
0,1,0.0175323,0.00655256,0.00682363,0.00658235,0.00660195,0.00765009,0.00881499,0.00924862,0.00875429,0.00800756,0.00780606,0.00985165,0.0125512,0.0184363,0.0230189,0.0416684,0.0420125,0.152144,0.114305171965,0.0172642166271822,0.0258711948864694,0.0335458881776361,0.0323789264339684,0.0324737744125428,0.037532630006288,0.0431245928628987,0.0451980510038128,0.042833996922699,0.0392520177812391,0.0382831976552776,0.0480742239295609,0.0608467506578578,0.0881199838541733,0.10883154393338,0.188686353834687,0.19009643392438,1,0.982735783372818,0.974128805113531,0.966454111822364,0.967621073566032,0.967526225587457,0.962467369993712,0.956875407137101,0.954801948996187,0.957166003077301,0.960747982218761,0.961716802344722,0.951925776070439,0.939153249342142,0.911880016145827,0.89116845606662,0.811313646165313,0.80990356607562,0,1e+05,1726.42166271822,98470.9172623229,5948359.22464343,59.4835922464343,2023,"Total","GMoH report",18.5013977535657
0,1,0.0177841,0.00686634,0.00726831,0.00706869,0.00703014,0.00846106,0.00895507,0.0105252,0.00930063,0.0085715,0.0081297,0.0105926,0.0127861,0.0191154,0.0243006,0.0419009,0.0432797,0.154125,0.113802717655,0.0175081674107443,0.0270932964299819,0.0356929808754332,0.0347297160093546,0.0345435844136751,0.0414289675495627,0.0437948843622357,0.0512767547522052,0.04544644849435,0.0419583842730097,0.0398388061442233,0.0515966434855377,0.0619502449331506,0.0912178364240493,0.114544264137265,0.189639351266313,0.195270390229916,1,0.982491832589256,0.972906703570018,0.964307019124567,0.965270283990645,0.965456415586325,0.958571032450437,0.956205115637764,0.948723245247795,0.95455355150565,0.95804161572699,0.960161193855777,0.948403356514462,0.938049755066849,0.908782163575951,0.885455735862735,0.810360648733687,0.804729609770084,0,1e+05,1750.81674107442,98448.4309621757,5833455.27934279,58.3345527934279,2023,"Total","GMoH report",19.6504372065721
0,1,0.0171066,0.00607207,0.00572251,0.00598326,0.00598444,0.00726974,0.00781648,0.0090653,0.00797356,0.00746452,0.00700114,0.0093401,0.0119185,0.0180254,0.0233916,0.0404439,0.0414399,0.151643,0.11515463503,0.0168515236146204,0.0239968587873265,0.0282089845101274,0.0294754025079753,0.0294811298679329,0.0356998779236582,0.0383333209094444,0.044322019002834,0.0390886115266881,0.0366388710359371,0.0344035399999125,0.0456349133642172,0.0578682433539644,0.0862406925512182,0.110496287597581,0.183650630647853,0.187748773955413,1,0.98314847638538,0.976003141212674,0.971791015489873,0.970524597492025,0.970518870132067,0.964300122076342,0.961666679090556,0.955677980997166,0.960911388473312,0.963361128964063,0.965596460000087,0.954365086635783,0.942131756646036,0.913759307448782,0.889503712402419,0.816349369352147,0.812251226044587,0,1e+05,1685.15236146204,98508.9007436921,6085994.78462096,60.8599478462096,2023,"Total","GMoH report",17.1250421537904
0,1,0.0177293,0.00640481,0.00671119,0.00676417,0.00665283,0.0078087,0.00845913,0.00961364,0.00887188,0.00791577,0.0075626,0.00993354,0.0126274,0.0186695,0.0236486,0.0404934,0.0420611,0.153314,0.113912068315,0.0174550855154938,0.025295217871252,0.0330022392548383,0.0332584357171872,0.0327199493484405,0.0382958970713474,0.0414197131546552,0.0469400384225486,0.0433968704328603,0.0388108064564408,0.0371113541821551,0.0484641486032102,0.0612048545491647,0.0891849059938687,0.111642526376813,0.1838547410699,0.190295413914502,1,0.982544914484506,0.974704782128748,0.966997760745162,0.966741564282813,0.967280050651559,0.961704102928653,0.958580286845345,0.953059961577451,0.95660312956714,0.961189193543559,0.962888645817845,0.95153585139679,0.938795145450835,0.910815094006131,0.888357473623187,0.8161452589301,0.809704586085498,0,1e+05,1745.50855154938,98453.3259378191,5943993.68414648,59.4399368414647,2023,"Total","GMoH report",18.5450531585352
0,1,0.0173101,0.00591819,0.00642179,0.00599444,0.00615549,0.00740808,0.00801179,0.00924188,0.00818214,0.00756526,0.00716842,0.0100949,0.0121882,0.0182771,0.0227965,0.040513,0.0426031,0.153165,0.114748560955,0.0170488470323926,0.0233958379713526,0.0316016028569728,0.029529665480148,0.0303110023208107,0.0363668781434085,0.0392723455368777,0.045165856436785,0.0400906320889003,0.0371241650968976,0.0352110804664075,0.0492320192228677,0.0591390049496807,0.0873923052445377,0.107836748885102,0.183935547872594,0.192511530081918,1,0.982951152967607,0.976604162028647,0.968398397143027,0.970470334519852,0.969688997679189,0.963633121856592,0.960727654463122,0.954834143563215,0.9599093679111,0.962875834903102,0.964788919533592,0.950767980777132,0.940860995050319,0.912607694755462,0.892163251114898,0.816064452127406,0.807488469918082,0,1e+05,1704.88470323927,98490.7483630516,6039429.20188559,60.3942920188559,2023,"Total","GMoH report",17.5906979811441
0,1,0.0172249,0.00624826,0.00663769,0.00644567,0.00643762,0.00753287,0.00851526,0.00953685,0.00851831,0.00815532,0.0078654,0.00993649,0.0122252,0.0177693,0.0234348,0.0417232,0.042558,0.151779,0.114918573295,0.0169662421885215,0.0246845687923945,0.0326467032605856,0.0317172526404328,0.03167826836502,0.0369681591573215,0.0416888221017741,0.0465738309019078,0.041703442864042,0.0399618458972922,0.0385686062117552,0.0484781923170587,0.0593132103520115,0.0850675241095983,0.110689060039468,0.188911064666742,0.192327333366474,1,0.983033757811479,0.975315431207606,0.967353296739414,0.968282747359567,0.96832173163498,0.963031840842679,0.958311177898226,0.953426169098092,0.958296557135958,0.960038154102708,0.961431393788245,0.951521807682941,0.940686789647988,0.914932475890402,0.889310939960532,0.811088935333258,0.807672666633526,0,1e+05,1696.62421885214,98498.3494157961,5975542.27678776,59.7554227678776,2023,"Total","GMoH report",18.2295672321224
0,1,0.0168668,0.00624192,0.00677002,0.00629221,0.00625734,0.00763429,0.00811463,0.00963902,0.0087587,0.00797061,0.00781477,0.00974126,0.0125041,0.0183715,0.0233614,0.0410537,0.042062,0.15111,0.11563314394,0.0166189051174338,0.0246598306201114,0.0332867205896836,0.030973815619059,0.030804809582025,0.0374565643140571,0.0397664254280715,0.0470610441358833,0.0428551123193219,0.0390744323469771,0.038325095483913,0.0475483479501186,0.0606253368148341,0.0878238598948542,0.110361502016953,0.186161911803483,0.190299098316526,1,0.983381094882566,0.975340169379889,0.966713279410316,0.969026184380941,0.969195190417975,0.962543435685943,0.960233574571928,0.952938955864117,0.957144887680678,0.960925567653023,0.961674904516087,0.952451652049881,0.939374663185166,0.912176140105146,0.889638497983047,0.813838088196517,0.809700901683474,0,1e+05,1661.89051174338,98530.2791130136,5985069.25544723,59.8506925544723,2023,"Total","GMoH report",18.1342974455277
0,1,0.0175234,0.00692902,0.00722459,0.00709925,0.00711026,0.00842191,0.00883305,0.0107894,0.00940756,0.00862825,0.00826808,0.0107092,0.0132664,0.0194085,0.024725,0.0422391,0.0432282,0.152568,0.11432293147,0.0172555919440066,0.0273372394423188,0.0354820910986736,0.0348772443083597,0.0349303896197556,0.0412412252809845,0.0432110368767887,0.0525300798900848,0.0459569432474574,0.0422303156964796,0.0405031909425787,0.0521497935765744,0.0642026547524793,0.0925517723174423,0.11642827712049,0.191023814945354,0.195060693340361,1,0.982744408055993,0.972662760557681,0.964517908901326,0.96512275569164,0.965069610380244,0.958758774719015,0.956788963123211,0.947469920109915,0.954043056752543,0.95776968430352,0.959496809057421,0.947850206423426,0.935797345247521,0.907448227682558,0.88357172287951,0.808976185054646,0.804939306659639,0,1e+05,1725.55919440066,98471.7117911282,5822302.49182943,58.2230249182943,2023,"Total","GMoH report",19.7619650817057
0,1,0.0174978,0.00693576,0.00690323,0.00686089,0.00687964,0.00848653,0.00906247,0.00989165,0.00900416,0.00834773,0.00795456,0.0106852,0.0127999,0.0188097,0.0241092,0.041282,0.041695,0.152148,0.11437401499,0.0172307830607033,0.0273634671185951,0.0339305736157464,0.0337259744970818,0.0338165851700026,0.0415510886001553,0.044308489116589,0.0482647060509771,0.0440296744170035,0.0408853993139621,0.0389972844034394,0.0520359633120453,0.0620150344028669,0.0898245671005232,0.113693360106312,0.187100312271971,0.188795435764498,1,0.982769216939297,0.972636532881405,0.966069426384254,0.966274025502918,0.966183414829997,0.958448911399845,0.955691510883411,0.951735293949023,0.955970325582997,0.959114600686038,0.961002715596561,0.947964036687955,0.937984965597133,0.910175432899477,0.886306639893688,0.812899687728029,0.811204564235502,0,1e+05,1723.07830607033,98473.9970779371,5873860.87880807,58.7386087880807,2023,"Total","GMoH report",19.2463812119193
0,1,0.0168419,0.00612388,0.00639479,0.00612954,0.00634461,0.00753703,0.0078913,0.00917512,0.00847685,0.00764823,0.00736586,0.00991966,0.012363,0.0183059,0.023703,0.0408204,0.0428763,0.152443,0.115682830645,0.0165947448183221,0.0241991348047043,0.0314708266806275,0.0301851473300859,0.0312277305708571,0.0369881971216211,0.0386931518274599,0.0448469105355184,0.0415046776824684,0.0375236757436675,0.036163364303528,0.0483980690265014,0.0599617327451784,0.0875239866327489,0.11188497603274,0.185201955263413,0.193626527316996,1,0.983405255181678,0.975800865195296,0.968529173319372,0.969814852669914,0.968772269429143,0.963011802878379,0.96130684817254,0.955153089464482,0.958495322317532,0.962476324256332,0.963836635696472,0.951601930973499,0.940038267254822,0.912476013367251,0.88811502396726,0.814798044736587,0.806373472683004,0,1e+05,1659.47448183221,98532.4982236093,6020956.3079937,60.209563079937,2023,"Total","GMoH report",17.775426920063
0,1,0.0172163,0.00687398,0.00716828,0.00708091,0.00673244,0.00832909,0.00874846,0.0104573,0.00894899,0.00855347,0.00792799,0.0107286,0.0129099,0.0194925,0.0245432,0.0415271,0.0427857,0.152942,0.114935734165,0.0169579034055632,0.027123033618731,0.035210404896963,0.0347887106767055,0.0331050063279929,0.0407959668021693,0.0428060817648096,0.0509543867291433,0.0437658007175907,0.0418719733306879,0.0388695563645927,0.0522417966511219,0.0625313173648779,0.0929337234873091,0.115621684671901,0.18810668699611,0.193256918640326,1,0.983042096594437,0.972876966381269,0.964789595103037,0.965211289323294,0.966894993672007,0.959204033197831,0.95719391823519,0.949045613270857,0.956234199282409,0.958128026669312,0.961130443635407,0.947758203348878,0.937468682635122,0.907066276512691,0.884378315328099,0.81189331300389,0.806743081359674,0,1e+05,1695.79034055633,98499.1165672254,5857379.78875883,58.5737978875883,2023,"Total","GMoH report",19.4111921124117
0,1,0.016672,0.00578973,0.00605746,0.00630691,0.00594585,0.00735718,0.00770093,0.0090001,0.0079159,0.00735238,0.00718753,0.00945973,0.011923,0.0175856,0.0231069,0.0399728,0.0423374,0.151008,0.1160218576,0.0164298618939776,0.0228938219050039,0.0298354819044576,0.031045054094699,0.029293808521506,0.0361215187123988,0.0377773482145356,0.0440102581882009,0.0388114314739877,0.0360983775275843,0.0353032913360583,0.0462059113847411,0.0578894599233352,0.0842251265369304,0.109224879102657,0.181705778175378,0.191425821103981,1,0.983570138106022,0.977106178094996,0.970164518095542,0.968954945905301,0.970706191478494,0.963878481287601,0.962222651785464,0.955989741811799,0.961188568526012,0.963901622472416,0.964696708663942,0.953794088615259,0.942110540076665,0.91577487346307,0.890775120897343,0.818294221824622,0.808574178896019,0,1e+05,1642.98618939776,98547.6361203073,6083844.77683768,60.8384477683768,2023,"Total","GMoH report",17.1465422316232
0,1,0.0174671,0.0061817,0.00637009,0.00645675,0.00651307,0.00743236,0.00851895,0.00955282,0.00867038,0.00841521,0.00778772,0.00975362,0.0120541,0.0182204,0.0237036,0.0419452,0.0428805,0.151201,0.114435275305,0.0172010302057555,0.0244248261049343,0.0313511754765219,0.0317709079748337,0.0320435945638845,0.0364838963699398,0.0417065107995602,0.0466500023122781,0.0424321429901526,0.0412090920903754,0.0381949706577726,0.0476072426156967,0.0585073659017105,0.0871330045114968,0.111887649762711,0.18982081941381,0.193643657826434,1,0.982798969794245,0.975575173895066,0.968648824523478,0.968229092025166,0.967956405436115,0.96351610363006,0.95829348920044,0.953349997687722,0.957567857009847,0.958790907909625,0.961805029342227,0.952392757384303,0.94149263409829,0.912866995488503,0.888112350237289,0.81017918058619,0.806356342173566,0,1e+05,1720.10302057555,98476.737442137,5977209.41172493,59.7720941172493,2023,"Total","GMoH report",18.2128958827507
0,1,0.0172521,0.00638778,0.00659436,0.00656785,0.00651841,0.00804003,0.00880216,0.0101363,0.00888231,0.00861442,0.00804993,0.0104044,0.0125212,0.0189053,0.0233853,0.0415088,0.0423001,0.15205,0.114864297055,0.0169926151261117,0.0252288078515639,0.0324370461016724,0.032308752401352,0.032069445514165,0.0394080453331993,0.0430631775526822,0.049428933747147,0.043446780566271,0.0421640528496278,0.0394556126991616,0.050703160102572,0.0607057285783131,0.0902604956299192,0.110468171663022,0.188031586233389,0.191273300639091,1,0.983007384873888,0.974771192148436,0.967562953898328,0.967691247598648,0.967930554485835,0.960591954666801,0.956936822447318,0.950571066252853,0.956553219433729,0.957835947150372,0.960544387300838,0.949296839897428,0.939294271421687,0.909739504370081,0.889531828336978,0.811968413766611,0.808726699360909,0,1e+05,1699.26151261118,98495.9229665475,5922005.13957463,59.2200513957463,2023,"Total","GMoH report",18.7649386042537
0,1,0.0176283,0.00712319,0.00722775,0.00719337,0.00717875,0.00868148,0.00949552,0.0110594,0.00993397,0.00853563,0.00857795,0.0113918,0.0132124,0.0191644,0.0252494,0.0410083,0.0426741,0.153693,0.114113608765,0.017357237727712,0.0280925429578561,0.0354973353363075,0.0353314691739701,0.0352609265586674,0.0424853115438458,0.046376673424901,0.0538092548181601,0.0484661956656093,0.0417864654791554,0.0419892948212208,0.0553817552999355,0.0639496781800352,0.0914409716092302,0.118751019989681,0.185975184594031,0.192801431120547,1,0.982642762272288,0.971907457042144,0.964502664663692,0.96466853082603,0.964739073441333,0.957514688456154,0.953623326575099,0.94619074518184,0.951533804334391,0.958213534520845,0.958010705178779,0.944618244700065,0.936050321819965,0.90855902839077,0.881248980010319,0.814024815405969,0.807198568879453,0,1e+05,1735.72377277121,98462.3459307589,5781801.58219551,57.8180158219551,2023,"Total","GMoH report",20.1669741780449
0,1,0.0176135,0.0066994,0.00719067,0.00687855,0.0067415,0.00808532,0.00866272,0.00998203,0.00927065,0.00869042,0.00793462,0.010227,0.0126259,0.0187056,0.0237577,0.0411058,0.0434441,0.15247,0.114143141425,0.0173428980715155,0.0264432916241859,0.0353184418493675,0.0338113178981787,0.033148818106832,0.0396256351490419,0.0423954502138096,0.0486949635329139,0.0453032730297176,0.0425281316846135,0.0389014298418703,0.0498601993530411,0.0611978065361384,0.0893496528348319,0.112128699962266,0.186376148307277,0.1959394656508,1,0.982657101928485,0.973556708375814,0.964681558150633,0.966188682101821,0.966851181893168,0.960374364850958,0.95760454978619,0.951305036467086,0.954696726970282,0.957471868315386,0.96109857015813,0.950139800646959,0.938802193463862,0.910650347165168,0.887871300037734,0.813623851692723,0.8040605343492,0,1e+05,1734.28980715155,98463.6674795781,5883500.61733843,58.8350061733844,2023,"Total","GMoH report",19.1499838266156
0,1,0.0178923,0.00684026,0.00710207,0.00694369,0.00688403,0.00836869,0.00912379,0.0103306,0.00939445,0.00848771,0.00800532,0.0104807,0.0129435,0.0192746,0.0240701,0.0412379,0.0424577,0.154905,0.113586809965,0.0176129589861854,0.0269917784352806,0.034890856732809,0.0341260482500662,0.033837798942367,0.0409859531591416,0.0446016106763188,0.0503525693672371,0.0458943691102798,0.0415567459789672,0.0392412530307203,0.0510654946749019,0.0626889635022709,0.0919426075416923,0.113519439356842,0.186919120048391,0.191917555056675,1,0.982387041013815,0.97300822156472,0.965109143267191,0.965873951749934,0.966162201057633,0.959014046840858,0.955398389323681,0.949647430632763,0.95410563088972,0.958443254021033,0.96075874696928,0.948934505325098,0.937311036497729,0.908057392458308,0.886480560643158,0.813080879951609,0.808082444943325,0,1e+05,1761.29589861854,98438.76408391,5847988.22396618,58.4798822396618,2023,"Total","GMoH report",19.5051077603382
0,1,0.0174768,0.00618417,0.00661071,0.0065031,0.00651428,0.00803385,0.00856713,0.00986495,0.00898834,0.00828245,0.00811733,0.0103837,0.0126007,0.0186861,0.0232323,0.0420585,0.0427858,0.153806,0.11441591944,0.0172104311307775,0.0244344662141449,0.0325161626952718,0.0319953279569086,0.0320494522357247,0.0393783505951773,0.0419374412229393,0.0481375633608095,0.0439540159017736,0.0405721578284837,0.039779393832651,0.050604836400666,0.0610793922550301,0.0892606656872535,0.109785099105149,0.19028477000216,0.193257326680305,1,0.982789568869223,0.975565533785855,0.967483837304728,0.968004672043091,0.967950547764275,0.960621649404823,0.958062558777061,0.951862436639191,0.956045984098226,0.959427842171516,0.960220606167349,0.949395163599334,0.93892060774497,0.910739334312746,0.890214900894851,0.80971522999784,0.806742673319695,0,1e+05,1721.04311307774,98475.8716171009,5933389.21602128,59.3338921602128,2023,"Total","GMoH report",18.6510978397871
0,1,0.0174558,0.00637306,0.00638471,0.00640532,0.0064923,0.00784549,0.00819511,0.00958659,0.00868485,0.00795456,0.00758135,0.010574,0.0124396,0.0186309,0.0226966,0.0408911,0.0413667,0.152912,0.11445782389,0.0171900783962094,0.0251714022858957,0.0314219991199964,0.0315218314563402,0.031943040495478,0.0384728540212618,0.0401529062903277,0.0468110540435418,0.0425014531368119,0.0389972844034394,0.0372016531178377,0.0515083760783683,0.0603220447309133,0.0890087186588472,0.107389555534632,0.18549297093999,0.187448214829075,1,0.98280992160379,0.974828597714104,0.968578000880004,0.96847816854366,0.968056959504522,0.961527145978738,0.959847093709672,0.953188945956458,0.957498546863188,0.961002715596561,0.962798346882162,0.948491623921632,0.939677955269087,0.910991281341153,0.892610444465368,0.81450702906001,0.812551785170925,0,1e+05,1719.00783962094,98477.7460569519,5973354.18291583,59.7335418291583,2023,"Total","GMoH report",18.2514481708417
0,1,0.0168027,0.00565708,0.00622052,0.00615899,0.00588468,0.00744175,0.00777494,0.00899984,0.00788677,0.00734016,0.00719655,0.00943682,0.0118661,0.0177708,0.023696,0.0410402,0.0414903,0.150438,0.115761052285,0.0165567070402272,0.0223751638165533,0.0306263208958523,0.0303279757515647,0.0289968076646795,0.0365291480315898,0.0381334860842601,0.0440090147712527,0.038671369507768,0.0360394614663086,0.0353468122458307,0.0460965870143286,0.0576211540595354,0.0850743996468877,0.111853781956875,0.186106391208783,0.187955658368938,1,0.983443292959773,0.977624836183447,0.969373679104148,0.969672024248435,0.97100319233532,0.96347085196841,0.96186651391574,0.955990985228747,0.961328630492232,0.963960538533691,0.964653187754169,0.953903412985671,0.942378845940465,0.914925600353112,0.888146218043125,0.813893608791217,0.812044341631062,0,1e+05,1655.67070402273,98535.9914789124,6080905.14833526,60.8090514833526,2023,"Total","GMoH report",17.1759385166474
0,1,0.0176399,0.00643082,0.00686283,0.00679347,0.00690892,0.00796552,0.00883261,0.0102885,0.00932776,0.00856791,0.00820883,0.0106439,0.0124265,0.0192811,0.0240555,0.0410143,0.043086,0.154275,0.114090461545,0.0173684766381745,0.0253966375901056,0.0337353500687197,0.033400093664237,0.0339580660949876,0.0390499667717017,0.0432089309118468,0.0501525146329961,0.0455759951389566,0.0419411793745622,0.0402187772371313,0.0518400492494836,0.060260434283442,0.091972187632593,0.11345448885818,0.18599986440349,0.194481432498431,1,0.982631523361826,0.974603362409894,0.96626464993128,0.966599906335763,0.966041933905012,0.960950033228298,0.956791069088153,0.949847485367004,0.954424004861043,0.958058820625438,0.959781222762869,0.948159950750516,0.939739565716558,0.908027812367407,0.88654551114182,0.81400013559651,0.805518567501569,0,1e+05,1736.84766381745,98461.3100877808,5881427.66771064,58.8142766771064,2023,"Total","GMoH report",19.1707133228936
0,1,0.0171437,0.00595332,0.00595222,0.00585225,0.00617138,0.00739256,0.0079111,0.00885123,0.00764655,0.00741566,0.0069871,0.00947162,0.0117987,0.0174711,0.0231488,0.0404722,0.042084,0.150468,0.115080603835,0.0168875031906836,0.0235330800873092,0.0293247318613013,0.0288393128287449,0.0303880593457865,0.0362920717059732,0.0387883536388198,0.0432980475563202,0.0375155879523573,0.0364034116901643,0.034335732017059,0.0462626445271103,0.057303240636748,0.0836996860381473,0.109412102787483,0.183767329697538,0.190389156811828,1,0.983112496809316,0.976466919912691,0.970675268138699,0.971160687171255,0.969611940654214,0.963707928294027,0.96121164636118,0.95670195244368,0.962484412047643,0.963596588309836,0.965664267982941,0.95373735547289,0.942696759363252,0.916300313961853,0.890587897212517,0.816232670302462,0.809610843188172,0,1e+05,1688.75031906835,98505.5920873766,6090188.89860376,60.9018889860375,2023,"Total","GMoH report",17.0831010139624
0,1,0.0168476,0.00616679,0.00633871,0.00622346,0.00592061,0.00744225,0.00798816,0.00937017,0.0081506,0.00749155,0.00758141,0.00965674,0.0116216,0.0178174,0.0226226,0.0405711,0.042011,0.152447,0.11567145658,0.0166002755888227,0.0243666321925229,0.031199144181956,0.0306405740328242,0.0291712707073435,0.0365315575397495,0.0391587834313623,0.0457784698870462,0.0399391793127341,0.0367691060096829,0.0372019420610965,0.0471455199296855,0.0564673962688061,0.0852879750819377,0.107058164897003,0.184175040078662,0.190090291870564,1,0.983399724411177,0.975633367807477,0.968800855818044,0.969359425967176,0.970828729292657,0.96346844246025,0.960841216568638,0.954221530112954,0.960060820687266,0.963230893990317,0.962798057938903,0.952854480070314,0.943532603731194,0.914712024918062,0.892941835102997,0.815824959921339,0.809909708129436,0,1e+05,1660.02755888227,98531.9902468166,6045483.28717922,60.4548328717922,2023,"Total","GMoH report",17.5301571282078
0,1,0.0174122,0.00636841,0.00656618,0.00639196,0.00630918,0.00741821,0.00823884,0.00927991,0.00855205,0.00776411,0.00741269,0.00974335,0.0119393,0.0176304,0.0241013,0.0403884,0.042291,0.152231,0.11454482551,0.017147819673267,0.0251532673612084,0.0323006699671871,0.0314571183937793,0.0310560544066467,0.0364157016938443,0.040362842496809,0.045347498243928,0.0418651674860033,0.0380813799429283,0.0363890972566417,0.0475583069255425,0.0579663071719547,0.0844306353177355,0.113658222693493,0.183421725004564,0.191236086648835,1,0.982852180326733,0.974846732638792,0.967699330032813,0.968542881606221,0.968943945593353,0.963584298306156,0.959637157503191,0.954652501756072,0.958134832513997,0.961918620057072,0.963610902743358,0.952441693074457,0.942033692828045,0.915569364682264,0.886341777306507,0.816578274995436,0.808763913351165,0,1e+05,1714.78196732671,98481.6374339084,6002188.00568496,60.0218800568496,2023,"Total","GMoH report",17.9631099431504
0,1,0.0175423,0.00618157,0.00644946,0.00649095,0.00645351,0.00778593,0.00809959,0.00964903,0.00861392,0.00759997,0.00762725,0.0102053,0.0126347,0.0182851,0.023292,0.0407933,0.0419291,0.153309,0.114285217465,0.0172739071099783,0.0244243187281591,0.031735606193203,0.0319365043674404,0.0317552184504447,0.0381863592007699,0.0396941834712453,0.0471087652764612,0.0421616571456988,0.0372913177594199,0.0374226698534016,0.0497570362937778,0.0612391541477244,0.0874288852268465,0.110051690086276,0.18509038136469,0.189754872444471,1,0.982726092890022,0.975575681271841,0.968264393806797,0.96806349563256,0.968244781549555,0.96181364079923,0.960305816528755,0.952891234723539,0.957838342854301,0.96270868224058,0.962577330146598,0.950242963706222,0.938760845852276,0.912571114773154,0.889948309913724,0.81490961863531,0.810245127555529,0,1e+05,1727.39071099783,98470.0245120556,5980942.53738761,59.8094253738761,2023,"Total","GMoH report",18.1755646261239
0,1,0.017233,0.00582516,0.0060976,0.00619475,0.00622507,0.00746514,0.0081858,0.0092587,0.00841877,0.00769474,0.0071037,0.00949217,0.0121167,0.0180187,0.0228453,0.0407665,0.0426746,0.15305,0.11490241015,0.0169740960352215,0.023032306261713,0.0300302193364354,0.0305013789567689,0.0306483792346937,0.0366418584912565,0.0401082056259674,0.0452461975762519,0.0412261659766519,0.0377475559287324,0.0348987248212188,0.0463606910969751,0.0588022761513911,0.0862100188340856,0.108055120868081,0.184980029108383,0.192803472347408,1,0.983025903964779,0.976967693738287,0.969969780663565,0.969498621043231,0.969351620765306,0.963358141508744,0.959891794374033,0.954753802423748,0.958773834023348,0.962252444071268,0.965101275178781,0.953639308903025,0.941197723848609,0.913789981165914,0.891944879131919,0.815019970891617,0.807196527652592,0,1e+05,1697.40960352214,98497.6268509343,6041742.2285949,60.417422285949,2023,"Total","GMoH report",17.567567714051
0,1,0.0166199,0.00598467,0.00618032,0.00607289,0.00604359,0.00758125,0.00799575,0.00928007,0.00827164,0.00808899,0.00736256,0.00997051,0.0118962,0.0178809,0.0227461,0.0407688,0.0415583,0.151907,0.116125820545,0.0163792898620729,0.0236555388130632,0.0304314103647365,0.0299103444211703,0.0297681832632797,0.0372011715455507,0.0391952612251476,0.0453482623769098,0.0405202771370551,0.0396432650633383,0.0361474554755351,0.0486401326768601,0.0577630966248293,0.0855789293073696,0.107611164242556,0.184989500164258,0.188234713287011,1,0.983620710137927,0.976344461186937,0.969568589635263,0.97008965557883,0.97023181673672,0.962798828454449,0.960804738774852,0.95465173762309,0.959479722862945,0.960356734936662,0.963852544524465,0.95135986732314,0.942236903375171,0.91442107069263,0.892388835757444,0.815010499835742,0.811765286712989,0,1e+05,1637.92898620729,98552.2768613105,6043819.85777806,60.4381985777806,2023,"Total","GMoH report",17.5467914222194
0,1,0.0171805,0.00641296,0.0068093,0.00642436,0.00663431,0.00765307,0.00847263,0.0101085,0.00887813,0.00786287,0.007554,0.0100322,0.0123064,0.0187313,0.0236933,0.0411761,0.0419634,0.151852,0.115007171275,0.0169231893487141,0.0253269979504474,0.033476619143171,0.0316140499058669,0.0326303503509087,0.0375469759126308,0.0414844441352166,0.0492967105046591,0.0434267785366755,0.0385564393248152,0.037069934290916,0.0489337178884975,0.0596954109856165,0.0894669206720396,0.111841749680724,0.186665143465387,0.189895362376161,1,0.983076810651286,0.974673002049553,0.966523380856829,0.968385950094133,0.967369649649091,0.962453024087369,0.958515555864783,0.950703289495341,0.956573221463325,0.961443560675185,0.962930065709084,0.951066282111502,0.940304589014384,0.91053307932796,0.888158250319276,0.813334856534613,0.81010463762384,0,1e+05,1692.31893487141,98502.3098787233,5950064.37596544,59.5006437596544,2023,"Total","GMoH report",18.4843462403456
0,1,0.0173456,0.00638307,0.00635499,0.00622543,0.0064375,0.00754301,0.00842779,0.00956339,0.00863712,0.00815349,0.00763024,0.00958193,0.0125513,0.0185425,0.0238683,0.0401377,0.0434598,0.152451,0.11467772248,0.0170832618108417,0.0252104399935804,0.0312780212198206,0.0306501244887598,0.0316776872212825,0.0370170009786206,0.0412694248841392,0.0467004143119335,0.0422728116329716,0.0399530578557591,0.0374370655130983,0.0467888317240949,0.0608472206971594,0.088605099840518,0.112621302418699,0.182387012064633,0.196003335589832,1,0.982916738189158,0.97478956000642,0.968721978780179,0.96934987551124,0.968322312778717,0.962982999021379,0.958730575115861,0.953299585688066,0.957727188367028,0.960046942144241,0.962562934486902,0.953211168275905,0.939152779302841,0.911394900159482,0.887378697581301,0.817612987935367,0.803996664410167,0,1e+05,1708.32618108418,98487.5807746155,5983026.40368064,59.8302640368064,2023,"Total","GMoH report",18.1547259631936
0,1,0.0178116,0.00693982,0.00739362,0.00700197,0.00711469,0.00860216,0.00924383,0.0103286,0.00931867,0.00905678,0.00828646,0.0104364,0.013218,0.0189951,0.0247581,0.0413362,0.0431782,0.152093,0.11374784278,0.0175348031562168,0.027379265649323,0.0362971810898757,0.0344075484450358,0.0349517724354285,0.0421053084986139,0.045175170997691,0.0503430665081596,0.0455325920022168,0.0442812853511437,0.0405914024187822,0.0508551385793268,0.0639759158603933,0.0906697954224286,0.116575057662232,0.187322952433995,0.194857057499669,1,0.982465196843783,0.972620734350677,0.963702818910124,0.965592451554964,0.965048227564572,0.957894691501386,0.954824829002309,0.94965693349184,0.954467407997783,0.955718714648856,0.959408597581218,0.949144861420673,0.936024084139607,0.909330204577571,0.883424942337768,0.812677047566005,0.805142942500331,0,1e+05,1753.48031562168,98445.9742876375,5818125.69207664,58.1812569207664,2023,"Total","GMoH report",19.8037330792336
0,1,0.0171976,0.00608658,0.0061406,0.00619824,0.00603894,0.00725934,0.00810938,0.00882318,0.00808223,0.00761482,0.00732515,0.00974726,0.0122543,0.0179138,0.0234789,0.0412477,0.0419531,0.151811,0.11497304908,0.0169397709354601,0.0240535127408437,0.030238789227179,0.0305183006208988,0.02974561996443,0.0356497164681355,0.0397412085946175,0.0431637951644523,0.0396107911878447,0.0373628220877739,0.0359670891915218,0.0475769380373648,0.0594501985788869,0.0857296408972377,0.110885808006019,0.186959388116924,0.189853176728481,1,0.98306022906454,0.975946487259156,0.969761210772821,0.969481699379101,0.97025438003557,0.964350283531864,0.960258791405383,0.956836204835548,0.960389208812155,0.962637177912226,0.964032910808478,0.952423061962635,0.940549801421113,0.914270359102762,0.889114191993981,0.813040611883076,0.810146823271519,0,1e+05,1693.97709354601,98500.7846179707,6051128.79095095,60.5112879095095,2023,"Total","GMoH report",17.4737020904905
0,1,0.0170921,0.00622784,0.00627155,0.00638907,0.006236,0.00732191,0.00797883,0.00936661,0.00837213,0.00753408,0.0075289,0.00973847,0.0121954,0.0183227,0.0232707,0.0407813,0.0423138,0.153583,0.115183569055,0.0168374608344603,0.0246048893715525,0.0308736853466604,0.0314431192748368,0.0307013657086029,0.035951466494891,0.0391139412797473,0.0457614752702962,0.0410024552850852,0.0369739875497038,0.0369490360070169,0.0475350532743484,0.0591729068301102,0.0876007924026117,0.109956583340165,0.185040971565717,0.191329323208998,1,0.98316253916554,0.975395110628447,0.96912631465334,0.968556880725163,0.969298634291397,0.964048533505109,0.960886058720253,0.954238524729704,0.958997544714915,0.963026012450296,0.963050963992983,0.952464946725652,0.94082709316989,0.912399207597388,0.890043416659835,0.814959028434282,0.808670676791002,0,1e+05,1683.74608344604,98510.1937998277,6020831.20994718,60.2083120994718,2023,"Total","GMoH report",17.7766779005282
0,1,0.0168688,0.00624942,0.00634626,0.00623777,0.00617002,0.00751856,0.00788937,0.009399,0.00822219,0.00764072,0.00719747,0.00991819,0.012557,0.018575,0.0236168,0.0411341,0.0413897,0.151139,0.11562915304,0.0166208456547342,0.0246890949524446,0.0312357249209086,0.0307099460495758,0.0303814643926698,0.0368992273627979,0.0386838715605655,0.0459160867515553,0.0402829155367571,0.0374875208737734,0.0353512510772722,0.0483910704231008,0.0608740125606886,0.0887535089291047,0.111500771451935,0.186492497406118,0.187542663546521,1,0.983379154345266,0.975310905047555,0.968764275079091,0.969290053950424,0.96961853560733,0.963100772637202,0.961316128439434,0.954083913248445,0.959717084463243,0.962512479126227,0.964648748922728,0.951608929576899,0.939125987439311,0.911246491070895,0.888499228548065,0.813507502593882,0.812457336453479,0,1e+05,1662.08456547341,98530.1008651131,6023533.66943771,60.2353366943771,2023,"Total","GMoH report",17.7496533056229
0,1,0.0174157,0.00604701,0.00622583,0.00620977,0.00628553,0.00760611,0.00815713,0.00910095,0.00819262,0.00816372,0.00749224,0.0100495,0.0123413,0.0177859,0.0226624,0.0412264,0.041713,0.151344,0.114537841435,0.0171512121299617,0.0238990049560811,0.0306520636563165,0.0305742030773903,0.0309414416014275,0.0373208831437782,0.0399705378171392,0.0444924412910799,0.0401409511029376,0.0400021834375676,0.0367724303167098,0.0490160334301103,0.0598596356949934,0.0851436106388464,0.107236413742978,0.186871864421531,0.188869243151096,1,0.982848787870038,0.976100995043919,0.969347936343684,0.96942579692261,0.969058558398573,0.962679116856222,0.960029462182861,0.95550755870892,0.959859048897062,0.959997816562432,0.96322756968329,0.95098396656989,0.940140364305007,0.914856389361154,0.892763586257022,0.813128135578469,0.811130756848904,0,1e+05,1715.12121299618,98481.3250685398,6022740.8085463,60.227408085463,2023,"Total","GMoH report",17.757581914537
0,1,0.0169931,0.0060156,0.00633783,0.00597719,0.00609064,0.00719206,0.00811213,0.00908359,0.00806736,0.00745567,0.0073121,0.00999797,0.0122179,0.0178488,0.0237547,0.0410694,0.0423752,0.15228,0.115381118605,0.0167414357546582,0.0237763420732483,0.0311948803782311,0.0294459400539227,0.0299964559636243,0.0353251485306467,0.0397544174930552,0.0444094567567474,0.0395393544830442,0.0365962265293793,0.0359041629256779,0.0487708268409231,0.0592788425733089,0.0854318595625978,0.112115334649976,0.186226475924197,0.19158035983934,1,0.983258564245342,0.976223657926752,0.968805119621769,0.970554059946077,0.970003544036376,0.964674851469353,0.960245582506945,0.955590543243253,0.960460645516956,0.963403773470621,0.964095837074322,0.951229173159077,0.940721157426691,0.914568140437402,0.887884665350024,0.813773524075803,0.80841964016066,0,1e+05,1674.14357546583,98519.0209829768,6048964.82017117,60.4896482017117,2023,"Total","GMoH report",17.4953417982883
0,1,0.01687,0.00614633,0.00652102,0.00626305,0.00654619,0.00755483,0.00803907,0.00925702,0.00827122,0.00769374,0.00757039,0.00971774,0.0123064,0.018032,0.0232683,0.0400535,0.0431807,0.151875,0.1156267585,0.0166220099736188,0.0242867709818226,0.0320820802820971,0.0308324864887417,0.0322039175917502,0.0370739318682593,0.0394034326173717,0.0452381733122134,0.0405182613655697,0.037742742873609,0.037148871388817,0.0474362667332882,0.0596954109856165,0.0862709074903357,0.109945866487049,0.18203922932098,0.194867240382986,1,0.983377990026381,0.975713229018177,0.967917919717903,0.969167513511258,0.96779608240825,0.962926068131741,0.960596567382628,0.954761826687787,0.95948173863443,0.962257257126391,0.962851128611183,0.952563733266712,0.940304589014384,0.913729092509664,0.890054133512951,0.81796077067902,0.805132759617014,0,1e+05,1662.20099736188,98529.9939159385,6012684.78648751,60.1268478648751,2023,"Total","GMoH report",17.8581421351249
0,1,0.0172906,0.0061811,0.00603165,0.00611799,0.00612637,0.00736021,0.00810309,0.00931788,0.00818416,0.00776178,0.00741399,0.00986435,0.0121724,0.0178673,0.0230689,0.0407201,0.0424858,0.151965,0.11478747223,0.0170299421621309,0.0244224843637979,0.0297102454944091,0.0301291257745071,0.0301697720342562,0.0361361263045303,0.0397109955722217,0.045528819801373,0.040100331183846,0.0380701693032633,0.0363953628592872,0.048134706031398,0.0590646050050901,0.0855166221429626,0.109055049898492,0.184788939737489,0.192032377084191,1,0.982970057837869,0.975577515636202,0.970289754505591,0.969870874225493,0.969830227965744,0.96386387369547,0.960289004427778,0.954471180198627,0.959899668816154,0.961929830696737,0.963604637140713,0.951865293968602,0.94093539499491,0.914483377857037,0.890944950101508,0.815211060262511,0.807967622915809,0,1e+05,1702.99421621309,98492.4881850883,6039304.72103007,60.3930472103007,2023,"Total","GMoH report",17.5919427896993
0,1,0.0172751,0.0063195,0.00613028,0.00641965,0.0064099,0.0073807,0.0084897,0.00975387,0.00824725,0.00788896,0.00754568,0.00989993,0.0122075,0.0180845,0.0228713,0.0403721,0.0415387,0.151397,0.114818401705,0.0170149147193798,0.0249624989754493,0.0301887364813084,0.03159123826813,0.0315440150449091,0.0362349026352991,0.0415662867386864,0.0476084338141822,0.0404032115341867,0.0386819000935941,0.0370298612906411,0.0483041312058775,0.0592298781560258,0.0865112196218707,0.10817144601679,0.183354485899538,0.188154288627475,1,0.98298508528062,0.975037501024551,0.969811263518692,0.96840876173187,0.968455984955091,0.963765097364701,0.958433713261314,0.952391566185818,0.959596788465813,0.961318099906406,0.962970138709359,0.951695868794122,0.940770121843974,0.913488780378129,0.89182855398321,0.816645514100462,0.811845711372525,0,1e+05,1701.49147193797,98493.8710593846,6004637.23503711,60.0463723503711,2023,"Total","GMoH report",17.9386176496289
0,1,0.0169204,0.00604962,0.00638367,0.00610067,0.00618384,0.00739756,0.00789653,0.00918006,0.00835692,0.00755435,0.00730908,0.0101409,0.0122538,0.0178465,0.0222677,0.0409697,0.0430675,0.152233,0.11552618782,0.0166709089992063,0.0239091968886371,0.0314169612179544,0.0300451117206972,0.0304484786987094,0.0363161723403547,0.038718299466779,0.0448705149512906,0.0409294888403018,0.0370716200182871,0.0358896001041764,0.0494508106848159,0.059447844992575,0.0854213209874918,0.105467219017699,0.18581639509472,0.194406044225767,1,0.983329091000794,0.976090803111363,0.968583038782046,0.969954888279303,0.96955152130129,0.963683827659645,0.961281700533221,0.955129485048709,0.959070511159698,0.962928379981713,0.964110399895824,0.950549189315184,0.940552155007425,0.914578679012508,0.894532780982301,0.81418360490528,0.805593955774233,0,1e+05,1667.09089992061,98525.5017564966,6038938.85772409,60.3893885772409,2023,"Total","GMoH report",17.5956014227591
0,1,0.0168717,0.00634242,0.00659866,0.00653874,0.00662454,0.00752992,0.00840905,0.0094788,0.0084733,0.0081039,0.00744646,0.00985172,0.0122361,0.0178844,0.0229736,0.0413706,0.0426723,0.15244,0.115623366235,0.0166236594208841,0.0250519006485769,0.0324578541404932,0.0321678568689419,0.0325830802046527,0.0369539492953057,0.0411795478087471,0.0462969023060535,0.0414876565983627,0.0397148863316425,0.0365518453639283,0.0480745573057495,0.0593645243587352,0.0855949635832302,0.108629001904611,0.187464230739429,0.192794082665665,1,0.983376340579116,0.974948099351423,0.967542145859507,0.967832143131058,0.967416919795347,0.963046050704694,0.958820452191253,0.953703097693947,0.958512343401637,0.960285113668357,0.963448154636072,0.95192544269425,0.940635475641265,0.91440503641677,0.89137099809539,0.812535769260571,0.807205917334335,0,1e+05,1662.36594208842,98529.8424040503,5979931.44492427,59.7993144492427,2023,"Total","GMoH report",18.1856755507573
0,1,0.0168733,0.00592117,0.00588805,0.00587348,0.0062105,0.00717573,0.00758394,0.00887262,0.00796594,0.00777748,0.00730674,0.00968456,0.0116404,0.0179611,0.0226884,0.039496,0.041209,0.150755,0.115620173515,0.0166252118370332,0.0234074806555337,0.0290131724745284,0.0289424182136759,0.0305777423281771,0.035246354196995,0.0372141257577519,0.0434004116000724,0.0390519855652656,0.0381457063298346,0.0358783161800858,0.0472781302766206,0.0565561592108063,0.0859462758615575,0.107352839585851,0.179733148879626,0.186800359920129,1,0.983374788162967,0.976592519344466,0.970986827525472,0.971057581786324,0.969422257671823,0.964753645803005,0.962785874242248,0.956599588399928,0.960948014434734,0.961854293670165,0.964121683819914,0.952721869723379,0.943443840789194,0.914053724138443,0.892647160414149,0.820266851120374,0.813199640079871,0,1e+05,1662.52118370331,98529.6998040288,6092613.17226581,60.9261317226581,2023,"Total","GMoH report",17.0588582773419
0,1,0.0168952,0.00603382,0.00619611,0.0062183,0.00616039,0.00729854,0.00793845,0.00919576,0.0082683,0.00754713,0.00734962,0.00967354,0.0122277,0.0182481,0.0225857,0.0410263,0.0419515,0.152455,0.11557647316,0.0166464600645575,0.0238474969914066,0.0305079731068818,0.0306155581863249,0.0303347650419579,0.035838773200611,0.0389198419516474,0.0449455292498632,0.0405042468396395,0.0370368452846178,0.0360850710993667,0.0472256030985062,0.059324979859432,0.0872596910780946,0.106892874037148,0.186049222007849,0.189846623441713,1,0.983353539935442,0.976152503008593,0.969492026893118,0.969384441813675,0.969665234958042,0.964161226799389,0.961080158048353,0.955054470750137,0.95949575316036,0.962963154715382,0.963914928900633,0.952774396901494,0.940675020140568,0.912740308921905,0.893107125962852,0.813950777992152,0.810153376558287,0,1e+05,1664.64600645575,98527.7479080303,6045997.33288379,60.4599733288379,2023,"Total","GMoH report",17.5250166711621
0,1,0.0176254,0.00670256,0.00700261,0.00662975,0.00672359,0.00820452,0.00854648,0.0100869,0.00891706,0.00797686,0.00791613,0.0104782,0.0126116,0.0184514,0.0233192,0.0414334,0.042823,0.153379,0.11411939557,0.0173544279617135,0.026455599513845,0.034410639283124,0.0326082880064727,0.0330622081694352,0.0401980850187548,0.0418384708638293,0.049193963523341,0.0436130495509285,0.0391044727389686,0.038812537273287,0.0510536247722778,0.0611306129056963,0.0881889748725898,0.110173127039832,0.187722088994625,0.193409104766464,1,0.982645572038287,0.973544400486155,0.965589360716876,0.967391711993527,0.966937791830565,0.959801914981245,0.958161529136171,0.950806036476659,0.956386950449072,0.960895527261031,0.961187462726713,0.948946375227722,0.938869387094304,0.91181102512741,0.889826872960168,0.812277911005375,0.806590895233536,0,1e+05,1735.44279617135,98462.604886774,5905368.77469844,59.0536877469844,2023,"Total","GMoH report",18.9313022530156
0,1,0.0169637,0.00605941,0.00651106,0.00653157,0.00632516,0.0076544,0.00808831,0.00984849,0.00878503,0.0079956,0.00752471,0.0103428,0.0123766,0.018418,0.0235033,0.0409288,0.0426221,0.15157,0.115439784835,0.0167129157775715,0.0239474254613702,0.0320338639740823,0.0321331502003645,0.0311334892478723,0.0375533785481035,0.0396399985091462,0.0480591742572969,0.0429811727694627,0.0391945403332781,0.0369288527314086,0.0504105348016341,0.0600257143591562,0.0880363655483273,0.110994648683965,0.185648113709061,0.192589118347231,1,0.983287084222428,0.97605257453863,0.967966136025918,0.967866849799635,0.968866510752128,0.962446621451897,0.960360001490854,0.951940825742703,0.957018827230537,0.960805459666722,0.963071147268591,0.949589465198366,0.939974285640844,0.911963634451673,0.889005351316035,0.814351886290939,0.807410881652769,0,1e+05,1671.29157775715,98521.6419623757,5981269.37575878,59.8126937575878,2023,"Total","GMoH report",18.1722962424122
0,1,0.016997,0.00599788,0.00630646,0.00638879,0.00610735,0.00739406,0.00795897,0.00922587,0.00827494,0.00774589,0.00739049,0.00953657,0.0119573,0.0173794,0.0238766,0.0406282,0.0422707,0.151256,0.11537333635,0.0167452188986525,0.0237071348994585,0.0310428734015206,0.0314417629482349,0.0300775152185746,0.0362993019584036,0.0390184826675094,0.0450893781470854,0.0405361151972737,0.0379937122112991,0.0362820938701834,0.0465724953451654,0.0580511620985961,0.0832786668436439,0.112658259502884,0.184410348679454,0.191153065305931,1,0.983254781101347,0.976292865100542,0.968957126598479,0.968558237051765,0.969922484781425,0.963700698041596,0.960981517332491,0.954910621852915,0.959463884802726,0.962006287788701,0.963717906129817,0.953427504654835,0.941948837901404,0.916721333156356,0.887341740497116,0.815589651320546,0.808846934694069,0,1e+05,1674.52188986525,98518.6732873596,6039568.50500387,60.3956850500387,2023,"Total","GMoH report",17.5893049499613
0,1,0.0174365,0.00645855,0.00674954,0.00691878,0.00643714,0.00779855,0.00859314,0.0100888,0.00883224,0.00817701,0.00775027,0.010638,0.0124512,0.0190156,0.0245566,0.0411184,0.0428188,0.153082,0.114496336075,0.0171713725544426,0.0255047525606982,0.033187695799238,0.0340057050205449,0.0316759437880111,0.0382470707657004,0.0420620865049276,0.0492030018864207,0.0432071599832733,0.0400659997974898,0.0380147878258916,0.0518120583092651,0.0603765972798721,0.0907632078614734,0.115681160062051,0.186427952223258,0.193391969807967,1,0.982828627445557,0.974495247439302,0.966812304200762,0.965994294979455,0.968324056211989,0.9617529292343,0.957937913495072,0.950796998113579,0.956792840016727,0.95993400020251,0.961985212174108,0.948187941690735,0.939623402720128,0.909236792138527,0.884318839937949,0.813572047776742,0.806608030192033,0,1e+05,1717.13725544426,98479.468668842,5918873.28314927,59.1887328314927,2023,"Total","GMoH report",18.7962571685073
0,1,0.0180333,0.0064511,0.0068605,0.00660204,0.00671468,0.00820693,0.00833426,0.00958255,0.00873153,0.00812354,0.00748057,0.0100276,0.0119122,0.0186798,0.0244091,0.041777,0.043201,0.151999,0.113305451515,0.0177494852201238,0.0254757073289011,0.0337240897064227,0.0324742099178843,0.0330191179723338,0.0402096554313764,0.0408207726679608,0.0467917883708669,0.0427250131645092,0.0398092205120048,0.0367162046524083,0.0489118293500242,0.0578385393780519,0.0892319142217991,0.115026280067982,0.189131620704564,0.194949921141875,1,0.982250514779876,0.974524292671099,0.966275910293577,0.967525790082116,0.966980882027666,0.959790344568624,0.959179227332039,0.953208211629133,0.957274986835491,0.960190779487995,0.963283795347592,0.951088170649976,0.942161460621948,0.910768085778201,0.884973719932018,0.810868379295436,0.805050078858125,0,1e+05,1774.94852201239,98426.1628216901,5933052.01501332,59.3305201501332,2023,"Total","GMoH report",18.6544698498668
0,1,0.017315,0.006571,0.00692653,0.00661484,0.00715083,0.00788717,0.00874518,0.0101873,0.00897555,0.00816251,0.00790984,0.0103092,0.012243,0.0189512,0.0234253,0.0409083,0.0427554,0.152297,0.11473878325,0.0170535973779638,0.0259430563534036,0.034043147788865,0.0325361464918496,0.0351261963533269,0.0386732929108802,0.0427903761458423,0.0496714549670358,0.0438928439609654,0.0399963730132883,0.0387822956170903,0.0502508839675055,0.0593970061347312,0.0904697253522606,0.110646671325497,0.185563755547355,0.19313327403799,1,0.982946402622036,0.974056943646596,0.965956852211135,0.96746385350815,0.964873803646673,0.96132670708912,0.957209623854158,0.950328545032964,0.956107156039035,0.960003626986712,0.96121770438291,0.949749116032495,0.940602993865269,0.909530274647739,0.889353328674503,0.814436244452645,0.80686672596201,0,1e+05,1705.35973779639,98490.3111635219,5905364.63340899,59.0536463340899,2023,"Total","GMoH report",18.9313436659101
0,1,0.0173547,0.00628771,0.00666222,0.0066395,0.0061478,0.00754668,0.00816937,0.00969222,0.00847318,0.00792103,0.00780963,0.00971205,0.0121517,0.0183006,0.0233674,0.0405491,0.0428438,0.152787,0.114659563885,0.0170920832572099,0.0248384856112743,0.0327653746640148,0.0326554601803317,0.0302737082411871,0.0370346778435295,0.0400293143015607,0.0473146402438396,0.0414870812326038,0.0388360953099182,0.0383003706901183,0.0474091499139457,0.058967123027759,0.0874997549609061,0.110388282139815,0.184084361992795,0.193493958817985,1,0.98290791674279,0.975161514388726,0.967234625335985,0.967344539819668,0.969726291758813,0.96296532215647,0.959970685698439,0.95268535975616,0.958512918767396,0.961163904690082,0.961699629309882,0.952590850086054,0.941032876972241,0.912500245039094,0.889611717860185,0.815915638007205,0.806506041182015,0,1e+05,1709.20832572099,98486.7687554948,5983123.99908077,59.8312399908077,2023,"Total","GMoH report",18.1537500091923
0,1,0.0175186,0.00659861,0.00656104,0.00662469,0.00670517,0.00794414,0.00846725,0.00974456,0.00887043,0.00827887,0.0079699,0.0103764,0.0128014,0.0187445,0.0240335,0.0406335,0.0425949,0.152451,0.11433250963,0.0172509403694823,0.0260506439210325,0.0322757930764837,0.0325838059661355,0.0329731239954486,0.038947195074306,0.0414586481535545,0.0475640726017204,0.0433899316221034,0.0405549765531584,0.0390710197002279,0.0505701594926024,0.0620220764755158,0.0895271460281866,0.11335660979616,0.184432186840084,0.192478042562171,1,0.982749059630518,0.973949356078967,0.967724206923516,0.967416194033864,0.967026876004551,0.961052804925694,0.958541351846445,0.95243592739828,0.956610068377897,0.959445023446842,0.960928980299772,0.949429840507398,0.937977923524484,0.910472853971813,0.88664339020384,0.815567813159916,0.807521957437829,0,1e+05,1725.09403694823,98472.1402936438,5927583.73342013,59.2758373342012,2023,"Total","GMoH report",18.7091526657987
0,1,0.0173657,0.00641693,0.0064944,0.00658494,0.00648411,0.00795755,0.00847278,0.00987296,0.00868437,0.00805783,0.00763048,0.0103747,0.011952,0.0177733,0.0231707,0.0419866,0.0422858,0.152748,0.114637613935,0.0171027463424074,0.025342478182947,0.0319532077194667,0.0323914604412057,0.0319033873181414,0.0390116569726434,0.0414851633442992,0.0481757079071525,0.042499154053775,0.0394935688404754,0.0374382210083996,0.0505620838711548,0.0580261778071232,0.0850858587659862,0.10950994480478,0.18999037527382,0.191214820824001,1,0.982897253657593,0.974657521817053,0.968046792280533,0.967608539558794,0.968096612681859,0.960988343027357,0.958514836655701,0.951824292092847,0.957500845946225,0.960506431159525,0.9625617789916,0.949437916128845,0.941973822192877,0.914914141234014,0.89049005519522,0.810009624726179,0.808785179175999,0,1e+05,1710.27463424073,98485.7871690022,5956398.31549257,59.5639831549257,2023,"Total","GMoH report",18.4210068450743
0,1,0.0174138,0.00645358,0.00647444,0.00655721,0.00654359,0.00790461,0.00822217,0.00976742,0.0084484,0.00786285,0.007439,0.0104158,0.0126406,0.0180248,0.0232768,0.0409415,0.0424905,0.151364,0.11454163279,0.0171493705133859,0.0254853761720867,0.0318565664301057,0.0322572559960257,0.0321913327916448,0.0387571496188778,0.0402828195244761,0.0476729945977648,0.0413682609602584,0.0385563431432895,0.0365158956310024,0.0507573051524819,0.0612668748542921,0.0862379456912604,0.109983821461512,0.185700370684093,0.192051580768401,1,0.982850629486614,0.974514623827913,0.968143433569894,0.967742744003974,0.967808667208355,0.961242850381122,0.959717180475524,0.952327005402235,0.958631739039742,0.96144365685671,0.963484104368998,0.949242694847518,0.938733125145708,0.91376205430874,0.890016178538488,0.814299629315907,0.807948419231599,0,1e+05,1714.93705133859,98481.4946386538,5967208.29647354,59.6720829647354,2023,"Total","GMoH report",18.3129070352646
0,1,0.0173392,0.00663498,0.00682987,0.00692885,0.00684099,0.00812086,0.00866885,0.0100757,0.00880283,0.00818276,0.00770498,0.0102274,0.012637,0.0187901,0.0243697,0.042735,0.0420881,0.15427,0.11469049336,0.017077057626235,0.0261923485820107,0.0335760498608423,0.0340543561853626,0.033629797233558,0.0397963485620412,0.0424248141251774,0.0491406830494955,0.0430663848388721,0.0400936090490446,0.0377968402544408,0.049862100873808,0.0612499606191398,0.0897351680471912,0.114851272369352,0.193050018634172,0.190405939449626,1,0.982922942373765,0.973807651417989,0.966423950139158,0.965945643814637,0.966370202766442,0.960203651437959,0.957575185874823,0.950859316950505,0.956933615161128,0.959906390950955,0.962203159745559,0.950137899126192,0.93875003938086,0.910264831952809,0.885148727630648,0.806949981365828,0.809594060550374,0,1e+05,1707.7057626235,98488.1518538055,5897453.80831893,58.9745380831893,2023,"Total","GMoH report",19.0104519168107
0,1,0.0168701,0.00584085,0.00629484,0.00619894,0.00617547,0.00714083,0.00771265,0.0089425,0.0081036,0.00757622,0.00728015,0.009683,0.0123846,0.0181538,0.0224331,0.0404506,0.0417889,0.152663,0.115626558955,0.0166221070000742,0.0230936271754248,0.0309865613848308,0.0305216946159436,0.0304078924313179,0.0350779360547062,0.0378337537478908,0.0437347548860781,0.0397134453114356,0.0371769481546298,0.035750085045883,0.0472706946590413,0.0600633486313504,0.0868283392378594,0.106209006822619,0.183678260399691,0.189180398149433,1,0.983377892999926,0.976906372824575,0.969013438615169,0.969478305384056,0.969592107568682,0.964922063945294,0.962166246252109,0.956265245113922,0.960286554688564,0.96282305184537,0.964249914954117,0.952729305340959,0.93993665136865,0.913171660762141,0.893790993177381,0.816321739600309,0.810819601850567,0,1e+05,1662.21070000742,98529.9850034926,6063221.33794076,60.6322133794076,2023,"Total","GMoH report",17.3527766205924
0,1,0.0169941,0.0065483,0.0067859,0.00633024,0.00651709,0.00799194,0.00872423,0.00975479,0.00857806,0.00836198,0.00804996,0.00987732,0.0125234,0.0186006,0.0241928,0.0414173,0.043135,0.153049,0.115379123155,0.016742405794221,0.025854592740712,0.0333634966207039,0.0311581043045184,0.032063055454815,0.0391769504074027,0.0426900553461193,0.0476128174120917,0.0419898219693931,0.0409537636192282,0.039455756839187,0.0481964701047621,0.0607160708944026,0.0888703934012517,0.114065113787881,0.187655989015383,0.194681079129385,1,0.983257594205779,0.974145407259288,0.966636503379296,0.968841895695482,0.967936944545185,0.960823049592597,0.957309944653881,0.952387182587908,0.958010178030607,0.959046236380772,0.960544243160813,0.951803529895238,0.939283929105597,0.911129606598748,0.885934886212119,0.812344010984617,0.805318920870615,0,1e+05,1674.2405794221,98518.9318305821,5936072.89530934,59.3607289530934,2023,"Total","GMoH report",18.6242610469066
0,1,0.0173281,0.00670871,0.00671578,0.00719581,0.00679654,0.00794842,0.00887598,0.0106164,0.00886035,0.00834356,0.00811687,0.0111452,0.0129597,0.0189608,0.0236826,0.0412734,0.0436463,0.153201,0.114712642855,0.0170662970664324,0.026479552719747,0.0330244378519073,0.0353432418668552,0.0334149351417787,0.0389677695038015,0.0434164902521297,0.0517095761396768,0.0433416935635847,0.0408653928569365,0.0397771844128864,0.0542153964098328,0.0627649622953523,0.0905134800200878,0.111794064707873,0.187064980576667,0.196761699579147,1,0.982933702933568,0.973520447280253,0.966975562148093,0.964656758133145,0.966585064858221,0.961032230496198,0.95658350974787,0.948290423860323,0.956658306436415,0.959134607143064,0.960222815587114,0.945784603590167,0.937235037704648,0.909486519979912,0.888205935292127,0.812935019423333,0.803238300420853,0,1e+05,1706.62970664323,98489.1422973807,5873509.80018821,58.7350980018821,2023,"Total","GMoH report",19.2498919981179
0,1,0.0173195,0.00624221,0.00625943,0.00628664,0.00631233,0.00741146,0.00849209,0.0094569,0.00845856,0.0076731,0.00749329,0.00951441,0.0121808,0.0186842,0.0236623,0.0401353,0.041797,0.152137,0.114729803725,0.0170579599016553,0.0246609621904108,0.0308149400987443,0.0309468211900839,0.0310713189530822,0.0363831689957862,0.0415777451161906,0.046192407552541,0.0414169799746638,0.0376433961426447,0.0367774890231935,0.0464667897767016,0.0591041601161432,0.0892519947014958,0.111703590335982,0.182377100859667,0.189213598100485,1,0.982942040098345,0.975339037809589,0.969185059901256,0.969053178809916,0.968928681046918,0.963616831004214,0.958422254883809,0.953807592447459,0.958583020025336,0.962356603857355,0.963222510976807,0.953533210223298,0.940895839883857,0.910748005298504,0.888296409664018,0.817622899140333,0.810786401899515,0,1e+05,1705.79599016553,98489.9096489811,6008684.87640899,60.0868487640899,2023,"Total","GMoH report",17.8981412359101
0,1,0.0172598,0.00645979,0.00648948,0.00647029,0.00645618,0.0077188,0.00870292,0.00971952,0.0086932,0.00831965,0.00761127,0.0100295,0.0122923,0.018296,0.0237431,0.0412846,0.0427741,0.152956,0.11484893209,0.0170000807495143,0.0255095868518999,0.0319293872008693,0.0318364719842132,0.0317681477988599,0.0378633509173479,0.0425880001053088,0.0474447495203548,0.0425414467380421,0.0407506716857736,0.0373457289343349,0.0489208703276228,0.0596290544354091,0.0874787232007956,0.112063653661853,0.18711099367619,0.193209584752134,1,0.982999919250486,0.9744904131481,0.968070612799131,0.968163528015787,0.96823185220114,0.962136649082652,0.957411999894691,0.952555250479645,0.957458553261958,0.959249328314226,0.962654271065665,0.951079129672377,0.940370945564591,0.912521276799204,0.887936346338147,0.81288900632381,0.806790415247866,0,1e+05,1700.00807495143,98495.2360370011,5956112.8344119,59.561128344119,2023,"Total","GMoH report",18.423861655881
0,1,0.0170758,0.00570175,0.00598585,0.0059705,0.00608454,0.0070334,0.00771291,0.00923314,0.00785722,0.00766506,0.00728027,0.00948324,0.0117689,0.0174796,0.0231189,0.0401455,0.0414787,0.15155,0.11521609489,0.0168216518724856,0.0225498527541184,0.029487973534053,0.0294134672346882,0.0299668635501366,0.0345593260897017,0.0378350050284157,0.0451241070065831,0.0385292676687199,0.0376046944028021,0.0357506637873718,0.046318086181012,0.0571626463290452,0.0837387024419876,0.109278503040162,0.1824192227343,0.187908046299855,1,0.983178348127514,0.977450147245882,0.970512026465947,0.970586532765312,0.970033136449863,0.965440673910298,0.962164994971584,0.954875892993417,0.96147073233128,0.962395305597198,0.964249336212628,0.953681913818988,0.942837353670955,0.916261297558012,0.890721496959838,0.8175807772657,0.812091953700145,0,1e+05,1682.16518724857,98511.6473165861,6090658.81831386,60.9065881831386,2023,"Total","GMoH report",17.0784018168614
0,1,0.0174181,0.00641751,0.00653072,0.00655778,0.00666573,0.00778321,0.00826221,0.00991196,0.0084234,0.00787496,0.00772192,0.0102438,0.0123854,0.0180451,0.0233395,0.0405787,0.0423804,0.152778,0.114533052355,0.0171535383730656,0.0253447397583073,0.0321290356605769,0.0322600148003563,0.0327823541954224,0.0381732734900978,0.0404750172689263,0.0483614091181921,0.0412483711755986,0.0386145793308812,0.0378783657253454,0.0499400600325952,0.0600671119782611,0.0863308767403326,0.110263748126504,0.184206363131037,0.191601617069834,1,0.982846461626934,0.974655260241693,0.967870964339423,0.967739985199644,0.967217645804578,0.961826726509902,0.959524982731074,0.951638590881808,0.958751628824401,0.961385420669119,0.962121634274655,0.950059939967405,0.939932888021739,0.913669123259667,0.889736251873496,0.815793636868963,0.808398382930166,0,1e+05,1715.35383730657,98481.110873549,5962560.0087369,59.625600087369,2023,"Total","GMoH report",18.359389912631
0,1,0.016837,0.00616361,0.00628594,0.00591521,0.0061294,0.00721919,0.00775537,0.00924835,0.00774616,0.00756094,0.00707974,0.00977412,0.0123229,0.0177212,0.0223971,0.0405858,0.0419178,0.150423,0.11569260835,0.0165899902490352,0.0243542201700355,0.0309434286601205,0.0291450522388653,0.0301844683000049,0.0354560402715795,0.0380393273545361,0.0451967613308643,0.037995011406116,0.0371033593160326,0.0347830624044321,0.0477049160644894,0.0597730565049867,0.0848470223680292,0.106047603073032,0.184235624479954,0.189708583813551,1,0.983410009750965,0.975645779829964,0.969056571339879,0.970854947761135,0.969815531699995,0.96454395972842,0.961960672645464,0.954803238669136,0.962004988593884,0.962896640683967,0.965216937595568,0.952295083935511,0.940226943495013,0.915152977631971,0.893952396926967,0.815764375520046,0.810291416186449,0,1e+05,1658.99902490352,98532.9348995377,6068945.94749898,60.6894594749898,2023,"Total","GMoH report",17.2955305250102
0,1,0.0173331,0.0065463,0.00696726,0.00690629,0.00691271,0.00798069,0.00903711,0.0102409,0.00905446,0.00893588,0.00804826,0.0105075,0.0128782,0.0195128,0.0239271,0.041162,0.043255,0.153229,0.114702665605,0.0170711441932534,0.0258467982097589,0.0342399042124421,0.0339453587704432,0.0339763778821261,0.0391228810363549,0.0441872376811972,0.0499262750252352,0.0442701932647306,0.0437030861659779,0.0394475888709831,0.0511927309488864,0.0623825622181069,0.0930260054043643,0.112883087681821,0.186607187382413,0.195169823239445,1,0.982928855806747,0.974153201790241,0.965760095787558,0.966054641229557,0.966023622117874,0.960877118963645,0.955812762318803,0.950073724974765,0.955729806735269,0.956296913834022,0.960552411129017,0.948807269051114,0.937617437781893,0.906973994595636,0.887116912318179,0.813392812617587,0.804830176760555,0,1e+05,1707.11441932534,98488.696155064,5871434.65198955,58.7143465198955,2023,"Total","GMoH report",19.2706434801044
0,1,0.0177141,0.00615235,0.00672142,0.00649523,0.00642527,0.00769786,0.00824852,0.00989406,0.00821035,0.00771224,0.00777427,0.0101937,0.012364,0.0180933,0.0230229,0.0401097,0.0422326,0.153073,0.113942399155,0.0174403610985036,0.0243102694277721,0.0330517138733436,0.0319572261647449,0.031618457188944,0.0377625725089653,0.0404093075462956,0.0482761814113627,0.040226074620597,0.0378317805715129,0.0381302626082808,0.0497018847437199,0.0599664374193674,0.0865514946065866,0.108849426354933,0.182271374614102,0.190997226346497,1,0.982559638901496,0.975689730572228,0.966948286126656,0.968042773835255,0.968381542811056,0.962237427491035,0.959590692453704,0.951723818588637,0.959773925379403,0.962168219428487,0.961869737391719,0.95029811525628,0.940033562580633,0.913448505393413,0.891150573645067,0.817728625385898,0.809002773653503,0,1e+05,1744.03610985036,98454.6835487189,5977439.78032318,59.7743978032318,2023,"Total","GMoH report",18.2105921967682
0,1,0.0174772,0.00641396,0.00658967,0.00658868,0.00659221,0.00793372,0.00828915,0.00973323,0.00842481,0.00766569,0.00758468,0.0102786,0.0123782,0.0181929,0.0235066,0.04164,0.041616,0.151549,0.11441512126,0.0172108187941031,0.0253308972762125,0.0324143503203119,0.0324095594594518,0.0324266419172173,0.0388971031862725,0.0406043119196285,0.0475100835731581,0.0412551333500039,0.0376077270569422,0.0372176893400409,0.0501054649206661,0.0600332413304098,0.0870072160479052,0.111009367976792,0.188569875917037,0.188471432194486,1,0.982789181205897,0.974669102723787,0.967585649679688,0.967590440540548,0.967573358082783,0.961102896813728,0.959395688080371,0.952489916426842,0.958744866649996,0.962392272943058,0.962782310659959,0.949894535079334,0.93996675866959,0.912992783952095,0.888990632023208,0.811430124082964,0.811528567805514,0,1e+05,1721.08187941031,98475.8359125208,5963324.70107207,59.6332470107207,2023,"Total","GMoH report",18.3517429892793
0,1,0.0173289,0.00624037,0.00659559,0.00642023,0.00647425,0.00776174,0.00812306,0.00941053,0.00835913,0.00798205,0.00771441,0.0101025,0.0124339,0.0177731,0.0234173,0.0402986,0.0427846,0.15247,0.114711046495,0.0170670726097875,0.0246537825499772,0.032442998213532,0.0315940473730848,0.031855646452389,0.0380699768448114,0.0398069151005582,0.0459711185249681,0.0409400911398748,0.0391294175809941,0.0378422239233585,0.0492681707621875,0.0602952376126211,0.0850849420415053,0.110610974091044,0.183051229324826,0.193252430188403,1,0.982932927390213,0.975346217450023,0.967557001786468,0.968405952626915,0.968144353547611,0.961930023155189,0.960193084899442,0.954028881475032,0.959059908860125,0.960870582419006,0.962157776076642,0.950731829237813,0.939704762387379,0.914915057958495,0.889389025908956,0.816948770675174,0.806747569811597,0,1e+05,1706.70726097874,98489.0709149887,5985583.46844864,59.8558346844864,2023,"Total","GMoH report",18.1291553155136
0,1,0.0171083,0.00618109,0.00654506,0.00643528,0.00641348,0.00739893,0.00811716,0.00952162,0.00854134,0.00809044,0.0076625,0.00965311,0.0129567,0.0187134,0.0237035,0.0403463,0.0421422,0.151517,0.115151242765,0.0168531723292722,0.0244224453347319,0.032198448063789,0.0316669360002409,0.0315613547070338,0.0363227758109232,0.0397785773085356,0.0465011835028392,0.0418138345558861,0.0396502304734215,0.0375923711403428,0.0471282153820338,0.0627508888946468,0.0893852453730881,0.111887204141575,0.183248048183895,0.190627359252295,1,0.983146827670728,0.975577554665268,0.967801551936211,0.968333063999759,0.968438645292966,0.963677224189077,0.960221422691464,0.953498816497161,0.958186165444114,0.960349769526578,0.962407628859657,0.952871784617966,0.937249111105353,0.910614754626912,0.888112795858425,0.816751951816105,0.809372640747705,0,1e+05,1685.31723292722,98508.7491408976,5989337.69304296,59.8933769304296,2023,"Total","GMoH report",18.0916130695704
0,1,0.0173715,0.00622798,0.00631899,0.00648609,0.00622134,0.00745417,0.00816597,0.00964298,0.00861444,0.00783387,0.00744675,0.00997368,0.0121339,0.0172443,0.0236645,0.0401516,0.0412864,0.151715,0.114626040325,0.0171083686075624,0.0246054356774195,0.031103591786345,0.0319129739470298,0.0306302962813327,0.0365889984633118,0.040012987853936,0.0470799231076778,0.042164148677663,0.0384169662024392,0.0365532428470714,0.0486552209888206,0.0588832901151786,0.0826580494928271,0.111713395859224,0.182444412334296,0.187118388420763,1,0.982891631392438,0.97539456432258,0.968896408213655,0.96808702605297,0.969369703718667,0.963411001536688,0.959987012146064,0.952920076892322,0.957835851322337,0.961583033797561,0.963446757152929,0.951344779011179,0.941116709884821,0.917341950507173,0.888286604140776,0.817555587665704,0.812881611579237,0,1e+05,1710.83686075624,98485.2695942343,6008006.63495416,60.0800663495416,2023,"Total","GMoH report",17.9049236504584
0,1,0.0168791,0.00625345,0.00670794,0.0066131,0.00628378,0.00754705,0.00820193,0.00968698,0.00840261,0.0080107,0.00798954,0.0103406,0.0122221,0.0189313,0.0232927,0.0409697,0.0420371,0.152115,0.115608599905,0.0166308393065017,0.0247048192955525,0.0329865209909598,0.0325277272178393,0.0309329602082564,0.0370364599621074,0.0401856502736281,0.0472896649046548,0.0411486596522975,0.0392671074557604,0.0391654158584556,0.0504000822731165,0.0592986159645492,0.0903790191852459,0.110054815497645,0.18581639509472,0.190197157659391,1,0.983369160693498,0.975295180704448,0.96701347900904,0.967472272782161,0.969067039791744,0.962963540037893,0.959814349726372,0.952710335095345,0.958851340347702,0.96073289254424,0.960834584141544,0.949599917726883,0.940701384035451,0.909620980814754,0.889945184502355,0.81418360490528,0.809802842340609,0,1e+05,1663.08393065017,98529.1828740968,5973333.42287451,59.7333342287451,2023,"Total","GMoH report",18.2516557712549
0,1,0.0176937,0.00723302,0.00741314,0.00725687,0.00745031,0.00810135,0.00916769,0.0105632,0.00886834,0.00832659,0.00878392,0.0112633,0.0132425,0.019387,0.0241102,0.0418472,0.042676,0.152749,0.113983106335,0.0174205987178683,0.028519515547312,0.0363912661236209,0.0356378027459672,0.0365703979952795,0.039702637592353,0.0448114072741179,0.0514571203653908,0.0433799300772469,0.0407839714773412,0.0429758587373006,0.0547741556321704,0.0640906973508291,0.0924539864135035,0.11369780778675,0.189419328672899,0.192809187758089,1,0.982579401282132,0.971480484452688,0.963608733876379,0.964362197254033,0.96342960200472,0.960297362407647,0.955188592725882,0.948542879634609,0.956620069922753,0.959216028522659,0.957024141262699,0.94522584436783,0.935909302649171,0.907546013586496,0.88630219221325,0.810580671327101,0.807190812241911,0,1e+05,1742.05987178683,98456.505523821,5807798.24757331,58.0779824757331,2023,"Total","GMoH report",19.9070075242669
0,1,0.0172212,0.00658424,0.00693111,0.00686133,0.00681121,0.00798919,0.00841239,0.00998891,0.00883169,0.00809995,0.00768931,0.010225,0.0124914,0.0186938,0.0239153,0.0402545,0.0431193,0.154178,0.11492595646,0.0169626545891224,0.0259946499717401,0.0340652745866493,0.033728100923231,0.033485852073742,0.039163733725396,0.0411955670590699,0.0487277082689871,0.0432045275159565,0.0396959127292223,0.0377214207554277,0.0498506916935828,0.0605656263379067,0.0892958051922431,0.112830558368618,0.182869226776785,0.194617115526225,1,0.983037345410878,0.97400535002826,0.965934725413351,0.966271899076769,0.966514147926258,0.960836266274604,0.95880443294093,0.951272291731013,0.956795472484044,0.960304087270778,0.962278579244572,0.950149308306417,0.939434373662093,0.910704194807757,0.887169441631382,0.817130773223215,0.805382884473775,0,1e+05,1696.26545891224,98498.6794713633,5915562.67566313,59.1556267566313,2023,"Total","GMoH report",18.8293632433687
0,1,0.0174028,0.00669438,0.00672479,0.00666186,0.00660809,0.00810592,0.0085521,0.010088,0.00931678,0.00868031,0.0080786,0.0107193,0.012711,0.0190341,0.0235572,0.0412074,0.0430554,0.153112,0.11456358274,0.0171387083932599,0.0264237389015446,0.0330680114187286,0.0327636331570411,0.0325034851126548,0.0397245891458766,0.0418654071292254,0.0491991962700689,0.0455235673455655,0.0424797074270595,0.0395933528491815,0.052197693169033,0.0615975828121858,0.0908474990460204,0.111235035079087,0.186793784510414,0.194356732814903,1,0.98286129160674,0.973576261098455,0.966931988581271,0.967236366842959,0.967496514887345,0.960275410854123,0.958134592870775,0.950800803729931,0.954476432654434,0.95752029257294,0.960406647150818,0.947802306830967,0.938402417187814,0.90915250095398,0.888764964920913,0.813206215489586,0.805643267185097,0,1e+05,1713.87083932599,98482.4763443808,5896893.66981377,58.9689366981377,2023,"Total","GMoH report",19.0160533018623
0,1,0.0175948,0.00685531,0.00697685,0.00681753,0.00682706,0.00824087,0.00915603,0.0101333,0.00878833,0.00852298,0.00799997,0.0109177,0.0127387,0.0184225,0.0238473,0.0415518,0.0425177,0.151343,0.11418045634,0.0173247791503522,0.0270503627553986,0.0342862253712957,0.0335164023044926,0.0335624675507082,0.0403725868994939,0.0447556889238563,0.049414665914716,0.0429969710730245,0.0417258289851895,0.039215542099182,0.0531381344731561,0.0617276741919282,0.0880569281049657,0.112527790079116,0.188208042635088,0.192162708971867,1,0.982675220849648,0.972949637244601,0.965713774628704,0.966483597695507,0.966437532449292,0.959627413100506,0.955244311076144,0.950585334085284,0.957003028926976,0.95827417101481,0.960784457900818,0.946861865526844,0.938272325808072,0.911943071895034,0.887472209920884,0.811791957364912,0.807837291028133,0,1e+05,1732.47791503523,98465.3372039025,5875854.10436084,58.7585410436084,2023,"Total","GMoH report",19.2264489563916
0,1,0.0167404,0.00581708,0.00621032,0.00601389,0.00603712,0.0070513,0.00775624,0.00876026,0.00809292,0.00753058,0.00705373,0.00952492,0.0118137,0.017513,0.0233282,0.0412432,0.0414463,0.152298,0.11588536882,0.016496248388045,0.0230007258750535,0.0305768696373839,0.0296240603985248,0.0297367885970623,0.0346457559526281,0.0380435134481326,0.042862581602233,0.0396621436118029,0.0369571284687397,0.0346574885826498,0.0465169250261986,0.0573740018848329,0.0838919985724995,0.110213304948737,0.18694089789939,0.187775047610547,1,0.983503751611955,0.976999274124946,0.969423130362616,0.970375939601475,0.970263211402938,0.965354244047372,0.961956486551867,0.957137418397767,0.960337856388197,0.96304287153126,0.96534251141735,0.953483074973801,0.942625998115167,0.9161080014275,0.889786695051263,0.81305910210061,0.812224952389453,0,1e+05,1649.62483880449,98541.542544055,6085457.512868,60.85457512868,2023,"Total","GMoH report",17.13041487132
0,1,0.0176865,0.00695806,0.00751581,0.00721695,0.00722838,0.00868247,0.00967859,0.0111214,0.00943393,0.00893965,0.00833804,0.0107644,0.0131551,0.0193017,0.0248689,0.0419632,0.0442059,0.154029,0.113997473575,0.0174136235785642,0.0274502391775761,0.0368859799574402,0.035445233799821,0.0355003745072974,0.0424900534637563,0.0472496744338043,0.0541027540770196,0.0460827953364783,0.0437211211972231,0.0408389088609036,0.0524115527051517,0.0636811696140263,0.092065927707901,0.117066229135623,0.18989454325609,0.199033376188835,1,0.982586376421436,0.972549760822424,0.96311402004256,0.964554766200179,0.964499625492703,0.957509946536244,0.952750325566196,0.94589724592298,0.953917204663522,0.956278878802777,0.959161091139096,0.947588447294848,0.936318830385974,0.907934072292099,0.882933770864377,0.81010545674391,0.800966623811165,0,1e+05,1741.36235785643,98457.1485515178,5777576.76429026,57.7757676429026,2023,"Total","GMoH report",20.2092223570974
0,1,0.0177268,0.00686387,0.00755427,0.00705446,0.00712958,0.00838096,0.00910647,0.010777,0.00944654,0.00869909,0.00825444,0.0106254,0.0129478,0.0191283,0.0240725,0.0413851,0.0435702,0.154082,0.11391705694,0.0174526637653741,0.0270836822518046,0.037071234709429,0.0346610131725372,0.0350236403849605,0.0410448126670744,0.0445188266027668,0.0524712922096417,0.0461429714365153,0.0425696568103443,0.0404377231022889,0.051752278353945,0.0627091366027377,0.0912765852365493,0.113530115723137,0.187523774590488,0.196452331558793,1,0.982547336234626,0.972916317748195,0.962928765290571,0.965338986827463,0.96497635961504,0.958955187332926,0.955481173397233,0.947528707790358,0.953857028563485,0.957430343189656,0.959562276897711,0.948247721646055,0.937290863397262,0.908723414763451,0.886469884276863,0.812476225409512,0.803547668441207,0,1e+05,1745.26637653742,98453.5492326541,5815862.96592723,58.1586296592723,2023,"Total","GMoH report",19.8263603407277
0,1,0.0178871,0.00672449,0.00716756,0.00718881,0.00707468,0.00833122,0.00924009,0.0104817,0.00921736,0.00880258,0.00815468,0.0104478,0.0130592,0.0186715,0.0239395,0.0405468,0.0430272,0.152818,0.113597186305,0.0176079232814483,0.0265410104808631,0.0352069305324815,0.0353094673696952,0.0347586344598981,0.0408061867030398,0.0451573060694029,0.0510702425954677,0.0450487242281217,0.0430651880915233,0.0399587724928206,0.0509092751867594,0.0632316142577141,0.0891940339860726,0.112938284826019,0.184074881488187,0.194241798246248,1,0.982392076718552,0.973458989519137,0.964793069467519,0.964690532630305,0.965241365540102,0.95919381329696,0.954842693930597,0.948929757404532,0.954951275771878,0.956934811908477,0.960041227507179,0.94909072481324,0.936768385742286,0.910805966013927,0.887061715173981,0.815925118511813,0.805758201753752,0,1e+05,1760.79232814483,98439.2287259999,5839525.50998344,58.3952550998344,2023,"Total","GMoH report",19.5897349001656
0,1,0.0177388,0.00677869,0.00692624,0.0065422,0.00709087,0.00806743,0.00844111,0.00993602,0.00899809,0.00872164,0.00811259,0.010764,0.0126199,0.0188145,0.0234752,0.0415247,0.0427286,0.153457,0.11389311154,0.0174642880618533,0.0267520719941874,0.0340417467303165,0.0321846046978641,0.0348367920901788,0.0395396907810065,0.0413333026149106,0.048475954857541,0.0440006455775869,0.0426776522035878,0.0397566269641424,0.0524096561529248,0.0611696139715995,0.0898464594707203,0.110869302381816,0.188096838070441,0.193023897710697,1,0.982535711938147,0.973247928005813,0.965958253269683,0.967815395302136,0.965163207909821,0.960460309218994,0.958666697385089,0.951524045142459,0.955999354422413,0.957322347796412,0.960243373035858,0.947590343847075,0.9388303860284,0.91015354052928,0.889130697618184,0.811903161929559,0.806976102289303,0,1e+05,1746.42880618533,98452.4774046342,5889555.37371501,58.8955537371501,2023,"Total","GMoH report",19.0894362628499
0,1,0.0169649,0.00586805,0.00605408,0.00585328,0.00576653,0.00697076,0.0080896,0.00884471,0.00784636,0.00712221,0.00725465,0.0092959,0.0117366,0.0180255,0.0233595,0.0403547,0.0416135,0.151282,0.115437390295,0.0167140798890858,0.023199923379229,0.0298190822266827,0.0288443153644095,0.0284228962896471,0.0342568099978485,0.0396461953453359,0.0432668432960769,0.0384770382650957,0.0349880690616216,0.0356270947428102,0.0454238608302697,0.0570102342128438,0.0862411503604445,0.110353021486467,0.183282703693182,0.188461177024706,1,0.983285920110914,0.976800076620771,0.970180917773317,0.97115568463559,0.971577103710353,0.965743190002151,0.960353804654664,0.956733156703923,0.961522961734904,0.965011930938378,0.96437290525719,0.95457613916973,0.942989765787156,0.913758849639555,0.889646978513533,0.816717296306818,0.811538822975294,0,1e+05,1671.40798890858,98521.5349874492,6100859.40301885,61.0085940301885,2023,"Total","GMoH report",16.9763959698115
0,1,0.0175846,0.00595704,0.00656596,0.00645125,0.00643612,0.00764258,0.00807262,0.00967497,0.00840623,0.00821333,0.00746487,0.01001,0.0127623,0.0183037,0.0240349,0.0405284,0.0416337,0.152549,0.11420080993,0.0173148958334042,0.023547611868391,0.0322996052104313,0.0317442743748481,0.0316710040436367,0.0374964754663264,0.039564624551385,0.0472324193982366,0.0411660223694433,0.0402403811752056,0.0366405575037671,0.0488280773639667,0.0618384963936871,0.0875139282774692,0.113362838766337,0.183999033887486,0.188544035475554,1,0.982685104166596,0.976452388131609,0.967700394789569,0.968255725625152,0.968328995956363,0.962503524533674,0.960435375448615,0.952767580601763,0.958833977630557,0.959759618824794,0.963359442496233,0.951171922636033,0.938161503606313,0.912486071722531,0.886637161233663,0.816000966112514,0.811455964524446,0,1e+05,1731.48958334043,98466.2479294624,5984258.34115885,59.8425834115885,2023,"Total","GMoH report",18.1424065884115
0,1,0.0171144,0.00627763,0.00652306,0.00659206,0.00632645,0.0076616,0.00819617,0.00968428,0.00835304,0.00782363,0.00759312,0.00977983,0.0125028,0.0177629,0.0228186,0.0405344,0.041891,0.15188,0.11513907052,0.0168590882620252,0.0247991600971981,0.0320919556199346,0.0324259160397771,0.0311397399800087,0.0375880387066135,0.0401579956029475,0.0472767956827633,0.0409108745706901,0.0383677130233969,0.037258332525338,0.047732119953293,0.0606192248876856,0.0850381879290861,0.107935648999358,0.184023767496931,0.189598792462395,1,0.983140911737975,0.975200839902802,0.967908044380065,0.967574083960223,0.968860260019991,0.962411961293386,0.959842004397053,0.952723204317237,0.95908912542931,0.961632286976603,0.962741667474662,0.952267880046707,0.939380775112314,0.914961812070914,0.892064351000642,0.815976232503069,0.810401207537605,0,1e+05,1685.90882620252,98508.2051490279,5992673.24053496,59.9267324053496,2023,"Total","GMoH report",18.0582575946503
0,1,0.0171275,0.00622175,0.00651226,0.00638983,0.00657104,0.00786116,0.00832136,0.00946255,0.00826172,0.00773512,0.0073301,0.00996376,0.0120889,0.0189515,0.0234035,0.0409603,0.0416621,0.153464,0.115112930125,0.016871792740902,0.0245811247738763,0.0320396732930023,0.031446800723335,0.0323241911179901,0.0385482157702881,0.040758876782738,0.0462193673145444,0.0404726654264818,0.0379418873704085,0.0359909567203602,0.0486080037903838,0.0586713206786206,0.0904710927159826,0.110549393191129,0.185777721940048,0.188660516716286,1,0.983128207259098,0.975418875226124,0.967960326706998,0.968553199276665,0.96767580888201,0.961451784229712,0.959241123217262,0.953780632685456,0.959527334573518,0.962058112629592,0.96400904327964,0.951391996209616,0.941328679321379,0.909528907284017,0.889450606808871,0.814222278059952,0.811339483283714,0,1e+05,1687.1792740902,98507.0368757965,5985919.29103154,59.8591929103154,2023,"Total","GMoH report",18.1257970896846
0,1,0.0177586,0.00657692,0.00660178,0.00645509,0.00648584,0.00781983,0.00851274,0.00986403,0.00873975,0.00797527,0.00740909,0.0101637,0.0119088,0.0186416,0.0238452,0.0414782,0.0424361,0.151193,0.11385360163,0.0174834675760899,0.0259661257366404,0.0324729517908161,0.0317628695460549,0.0319117635192409,0.0383494348472461,0.0416767418318459,0.0481331821189578,0.0427643751311195,0.039096830550538,0.0363717461483248,0.0495592369583169,0.057822508283387,0.0890575614081353,0.112518438335506,0.187905993999251,0.19182928336996,1,0.98251653242391,0.97403387426336,0.967527048209184,0.968237130453945,0.968088236480759,0.961650565152754,0.958323258168154,0.951866817881042,0.95723562486888,0.960903169449462,0.963628253851675,0.950440763041683,0.942177491716613,0.910942438591865,0.887481561664494,0.812094006000749,0.80817071663004,0,1e+05,1748.346757609,98450.7088176429,5953559.47796051,59.5355947796051,2023,"Total","GMoH report",18.4493952203949
0,1,0.0174941,0.0070224,0.00703915,0.0068795,0.00671356,0.00819483,0.00904773,0.010249,0.00916819,0.00850155,0.0082244,0.010556,0.0130544,0.019425,0.0235782,0.0413337,0.0435993,0.152131,0.114381398155,0.0172271973028768,0.0277005512971419,0.0345870907012262,0.0338159086412562,0.0330137013381113,0.0401515619391848,0.0442380159400958,0.0499647774887934,0.0448137964977189,0.0416230978805344,0.0402935248358501,0.0514229483919368,0.0632091075654926,0.0926268105143947,0.111328675555069,0.187312684256833,0.196570643822026,1,0.982772802697123,0.972299448702858,0.965412909298774,0.966184091358744,0.966986298661889,0.959848438060815,0.955761984059904,0.950035222511207,0.955186203502281,0.958376902119466,0.95970647516415,0.948577051608063,0.936790892434507,0.907373189485605,0.888671324444931,0.812687315743167,0.803429356177974,0,1e+05,1722.71973028767,98474.3273610918,5860969.74302873,58.6096974302873,2023,"Total","GMoH report",19.3752925697127
0,1,0.0179129,0.00689162,0.00727093,0.00696613,0.00708606,0.00844525,0.00882599,0.0101991,0.00934582,0.00847379,0.00847001,0.0105262,0.0124532,0.0191049,0.024886,0.0416837,0.0436937,0.154074,0.113545703695,0.0176329076385959,0.0271916904051403,0.0357056173884053,0.0342344459967713,0.0348135723438921,0.041353155655501,0.0431772451648683,0.0497275591292131,0.045662222714281,0.0414900060050365,0.0414718818647176,0.0512815016435005,0.0603860025816262,0.0911700149532969,0.117142009856762,0.188749098053652,0.196954340347857,1,0.982367092361404,0.97280830959486,0.964294382611595,0.965765554003229,0.965186427656108,0.958646844344499,0.956822754835132,0.950272440870787,0.954337777285719,0.958509993994964,0.958528118135282,0.9487184983565,0.939613997418374,0.908829985046703,0.882857990143238,0.811250901946348,0.803045659652143,0,1e+05,1763.29076385959,98436.9233267417,5838502.97836362,58.3850297836362,2023,"Total","GMoH report",19.5999602163637
0,1,0.0172602,0.00628106,0.00653815,0.00678869,0.00637784,0.00783584,0.00829601,0.00945734,0.00855971,0.00830373,0.00762926,0.0101474,0.0126811,0.0179375,0.0235523,0.0407951,0.0426141,0.153911,0.11484813391,0.0170004685711531,0.0248125418715051,0.0321650009968314,0.0333769849894303,0.0313887194242678,0.0384264413838666,0.0406372327762889,0.0461945071005443,0.0419018801437861,0.0406742794144937,0.0374323472264969,0.0494817229122993,0.0614571396654705,0.0858381935097951,0.11121318429861,0.185097792602504,0.192556450415836,1,0.982999531428847,0.975187458128495,0.967834999003169,0.96662301501057,0.968611280575732,0.961573558616133,0.959362767223711,0.953805492899456,0.958098119856214,0.959325720585506,0.962567652773503,0.950518277087701,0.93854286033453,0.914161806490205,0.88878681570139,0.814902207397496,0.807443549584164,0,1e+05,1700.04685711532,98495.2003519839,5962736.3700284,59.627363700284,2023,"Total","GMoH report",18.357626299716
0,1,0.0171108,0.00623469,0.0064998,0.00653074,0.00659637,0.00748917,0.00853797,0.00934807,0.00858162,0.00816928,0.00769802,0.00980958,0.0128631,0.0186688,0.0233608,0.0404915,0.0411176,0.152067,0.11514625414,0.0168555969000759,0.0246316189828872,0.0319793515273562,0.0321291324734754,0.0324467727048326,0.0367576394729705,0.0417976816206337,0.0456729648194017,0.0420068822479092,0.0400288821343929,0.0377633425838075,0.0478738442376091,0.0623116960561503,0.089181711175994,0.110358823962918,0.183846907375057,0.186424663173721,1,0.983144403099924,0.975368381017113,0.968020648472644,0.967870867526525,0.967553227295167,0.96324236052703,0.958202318379366,0.954327035180598,0.957993117752091,0.959971117865607,0.962236657416192,0.952126155762391,0.93768830394385,0.910818288824006,0.889641176037082,0.816153092624943,0.81357533682628,0,1e+05,1685.55969000759,98508.5261944262,5976012.24175214,59.7601224175214,2023,"Total","GMoH report",18.2248675824786
0,1,0.0176827,0.00665177,0.00709169,0.00675772,0.00672342,0.00828336,0.00887557,0.0103526,0.00913468,0.00832389,0.00735434,0.010872,0.012647,0.0183695,0.0237768,0.0422869,0.0412114,0.152693,0.114005056285,0.0174099422168803,0.0262577588547653,0.0348407504953,0.033227248889093,0.0330613860396827,0.0405765250878704,0.0434145282879092,0.0504570947034331,0.0446536578126303,0.0407710163615457,0.0361078269105958,0.0529215911524757,0.0612969438769699,0.0878147188071788,0.112213788012935,0.191219319405571,0.186810222945282,1,0.98259005778312,0.973742241145235,0.9651592495047,0.966772751110907,0.966938613960317,0.95942347491213,0.956585471712091,0.949542905296567,0.95534634218737,0.959228983638454,0.963892173089404,0.947078408847524,0.93870305612303,0.912185281192821,0.887786211987065,0.808780680594429,0.813189777054718,0,1e+05,1740.99422168803,98457.4879225474,5884864.12760189,58.8486412760189,2023,"Total","GMoH report",19.1363487239811
0,1,0.0179636,0.00695188,0.00728668,0.00700932,0.00718463,0.00831259,0.00920698,0.010697,0.0096706,0.00875771,0.00824374,0.0108217,0.0130494,0.01969,0.0243204,0.0420008,0.043179,0.153603,0.11344453438,0.0176820012616164,0.027426192797628,0.0357815777329129,0.0344430442035087,0.0352892986162076,0.0407167949437954,0.044999134667742,0.0520919315212919,0.0472115890181038,0.0428503721679036,0.040386363303452,0.0526831956539784,0.0631856625381855,0.093831161095094,0.114632244879105,0.19004852479905,0.19486031603483,1,0.982317998738384,0.972573807202372,0.964218422267087,0.965556955796491,0.964710701383792,0.959283205056205,0.955000865332258,0.947908068478708,0.952788410981896,0.957149627832096,0.959613636696548,0.947316804346022,0.936814337461815,0.906168838904906,0.885367755120894,0.80995147520095,0.80513968396517,0,1e+05,1768.20012616164,98432.3925138414,5810603.21835096,58.1060321835096,2023,"Total","GMoH report",19.8789578164903
0,1,0.0169445,0.00595629,0.00615853,0.00616264,0.00615873,0.00707063,0.00783274,0.00909919,0.00815412,0.00754114,0.00713272,0.00958314,0.0121032,0.0180459,0.0224921,0.0397325,0.0416774,0.150563,0.115478097475,0.0166942896366756,0.0235446820910162,0.0303257449745054,0.0303456763034631,0.0303267148781955,0.0347390820113944,0.0384115311585823,0.0444840284333,0.0399560832560014,0.0370079938432719,0.0350387952115467,0.0467946019457735,0.0587386848731095,0.0863345388628378,0.106473470154827,0.18071213749268,0.188723262725238,1,0.983305710363324,0.976455317908984,0.969674255025495,0.969654323696537,0.969673285121805,0.965260917988606,0.961588468841418,0.9555159715667,0.960043916743999,0.962992006156728,0.964961204788453,0.953205398054227,0.94126131512689,0.913665461137162,0.893526529845173,0.81928786250732,0.811276737274762,0,1e+05,1669.42896366757,98523.3535169264,6071218.44023774,60.7121844023774,2023,"Total","GMoH report",17.2728055976226
0,1,0.0174688,0.00653121,0.00657752,0.00645647,0.00642586,0.00753312,0.0080812,0.00942957,0.00837593,0.00799428,0.00765604,0.0101641,0.0131371,0.0181696,0.023496,0.0407468,0.0415687,0.152127,0.11443188304,0.0172026778029601,0.0257879864895196,0.0323555517776782,0.0317695520998842,0.0316213146476457,0.0369693633734603,0.0396058431508239,0.0460619881460931,0.0410206840545181,0.03918819646197,0.0375612734696633,0.049561139066047,0.0635968059997517,0.0869006259661152,0.110962087009086,0.184898903406673,0.188277384696877,1,0.98279732219704,0.97421201351048,0.967644448222322,0.968230447900116,0.968378685352354,0.96303063662654,0.960394156849176,0.953938011853907,0.958979315945482,0.96081180353803,0.962438726530337,0.950438860933953,0.936403194000248,0.913099374033885,0.889037912990914,0.815101096593328,0.811722615303123,0,1e+05,1720.26778029601,98476.5857011363,5977609.41563271,59.7760941563271,2023,"Total","GMoH report",18.2088958436729
0,1,0.0172338,0.0063992,0.00636636,0.00637859,0.00648742,0.00760421,0.00826604,0.00923613,0.00816676,0.0081022,0.00761371,0.00999393,0.0118319,0.0186709,0.0229536,0.040961,0.0432538,0.151382,0.11490081379,0.0169748717172946,0.0252733416640469,0.0313331054273292,0.0313923526335381,0.0319194133978365,0.0373117343415074,0.0404933998429064,0.045138389907069,0.0400167813763179,0.0397067205224574,0.0373574774999595,0.0487515998102704,0.0574598519444463,0.0891912955975684,0.108539565569367,0.185780601912641,0.195164937108266,1,0.983025128282705,0.974726658335953,0.968666894572671,0.968607647366462,0.968080586602163,0.962688265658493,0.959506600157094,0.954861610092931,0.959983218623682,0.960293279477543,0.962642522500041,0.95124840018973,0.942540148055554,0.910808704402432,0.891460434430633,0.814219398087359,0.804835062891734,0,1e+05,1697.48717172946,98497.5554857003,5995957.96895035,59.9595796895035,2023,"Total","GMoH report",18.0254103104965
0,1,0.0179052,0.00712845,0.00739963,0.00728292,0.00730374,0.00844603,0.00940164,0.0105632,0.00957005,0.00836596,0.00817704,0.0112211,0.0127347,0.0195832,0.0240025,0.0421595,0.042927,0.155585,0.11356106866,0.0176254511942264,0.0281129958297548,0.0363261498298366,0.0357634442416588,0.0358638494210733,0.0413568960383824,0.0459286875353015,0.0514571203653908,0.0467321768278711,0.0409728567973687,0.0400661438477774,0.0545745342347462,0.0617088895118341,0.0933459680940514,0.113218672059717,0.190698153042058,0.193833295328576,1,0.982374548805774,0.971887004170245,0.963673850170163,0.964236555758341,0.964136150578927,0.958643103961618,0.954071312464698,0.948542879634609,0.953267823172129,0.959027143202631,0.959933856152223,0.945425465765254,0.938291110488166,0.906654031905949,0.886781327940283,0.809301846957942,0.806166704671424,0,1e+05,1762.54511942263,98437.6113879005,5795793.21044855,57.9579321044855,2023,"Total","GMoH report",20.0270578955145
0,1,0.0171742,0.00609174,0.00651781,0.00649441,0.00675591,0.00769917,0.00842712,0.00985463,0.00874314,0.00796957,0.00754701,0.00976531,0.0118468,0.0189494,0.0234867,0.0411216,0.0421552,0.15254,0.11501974261,0.0169170802087202,0.02407365905636,0.0320665409468776,0.0319532561345678,0.0332184970588381,0.037768877478951,0.0412662117050405,0.0480884161293969,0.0427806078898352,0.0390694335364277,0.0370362673007956,0.0476629415018075,0.0575301301357689,0.0904615211288046,0.110920602701336,0.18644110830211,0.190680557415134,1,0.98308291979128,0.97592634094364,0.967933459053122,0.968046743865432,0.966781502941162,0.962231122521049,0.95873378829496,0.951911583870603,0.957219392110165,0.960930566463572,0.962963732699204,0.952337058498193,0.942469869864231,0.909538478871195,0.889079397298664,0.81355889169789,0.809319442584866,0,1e+05,1691.70802087203,98502.87180026,5968900.14770019,59.6890014770019,2023,"Total","GMoH report",18.2959885229981
0,1,0.0176248,0.00688722,0.00690281,0.00681884,0.00649184,0.00801561,0.00852903,0.010091,0.00909588,0.00868113,0.00833457,0.0105746,0.0128892,0.0183073,0.0238914,0.0411869,0.0425304,0.152221,0.11412059284,0.0173538466289004,0.0271745655769345,0.0339285442634323,0.0335227345911512,0.0319408133752451,0.0392907026277745,0.0417548295160322,0.0492134672548288,0.0444682063285507,0.0424836351020171,0.040822260040339,0.0515112235389135,0.0624341833111643,0.0875303873492047,0.112724155290718,0.18670953285331,0.192214591359147,1,0.9826461533711,0.972825434423066,0.966071455736568,0.966477265408849,0.968059186624755,0.960709297372226,0.958245170483968,0.950786532745171,0.955531793671449,0.957516364897983,0.959177739959661,0.948488776461087,0.937565816688836,0.912469612650795,0.887275844709282,0.81329046714669,0.807785408640853,0,1e+05,1735.38466289004,98462.6584636444,5892378.51655127,58.9237851655127,2023,"Total","GMoH report",19.0612048344873
0,1,0.0173943,0.00611083,0.00635157,0.00636123,0.00626808,0.00755053,0.00783609,0.00947146,0.00847842,0.00749427,0.00737305,0.0098307,0.0120257,0.0178236,0.0238031,0.0414387,0.0422245,0.151419,0.114580544065,0.0171304693310801,0.0241481890438899,0.0312614517522351,0.0313082525121799,0.0308568667270143,0.0370532213514727,0.0384276438115126,0.0462618811088812,0.0415122052224938,0.0367822104590575,0.036198025372567,0.0479744440814219,0.058373543203737,0.0853163871069035,0.11233093858917,0.187743847560261,0.190964091767869,1,0.98286953066892,0.97585181095611,0.968738548247765,0.96869174748782,0.969143133272986,0.962946778648527,0.961572356188487,0.953738118891119,0.958487794777506,0.963217789540943,0.963801974627433,0.952025555918578,0.941626456796263,0.914683612893097,0.88766906141083,0.812256152439738,0.809035908232131,0,1e+05,1713.04693310801,98483.2349164964,6018994.01446917,60.1899401446917,2023,"Total","GMoH report",17.7950498553083
0,1,0.0177771,0.00686586,0.00733963,0.00734522,0.00729222,0.00844438,0.00889921,0.0109098,0.00929848,0.00908011,0.00831767,0.0109054,0.0130518,0.0190498,0.0247926,0.0414781,0.0428502,0.153935,0.113816685805,0.0175013871822423,0.0270914280949993,0.0360369061070734,0.0360638575800644,0.0358082950860196,0.0413489836731258,0.0435276458470047,0.0531007048262173,0.045436181439032,0.0443928207607063,0.0407411709613253,0.0530798573102227,0.06319691622213,0.0909190268077923,0.116728022098313,0.187905583538572,0.193520066153295,1,0.982498612817758,0.972908571905001,0.963963093892927,0.963936142419936,0.96419170491398,0.958651016326874,0.956472354152995,0.946899295173783,0.954563818560968,0.955607179239294,0.959258829038675,0.946920142689777,0.93680308377787,0.909080973192208,0.883271977901687,0.812094416461428,0.806479933846705,0,1e+05,1750.13871822423,98449.0562703831,5804261.55572837,58.0426155572837,2023,"Total","GMoH report",19.9423744427163
0,1,0.0171271,0.00630355,0.00647093,0.00632047,0.00636054,0.00752513,0.00823749,0.00977676,0.00866274,0.00806741,0.00733576,0.010203,0.0128022,0.018513,0.023856,0.0407619,0.042811,0.154587,0.115113728305,0.0168714048225115,0.0249002796839959,0.0318395709134722,0.0311107633833954,0.0313049096745466,0.0369308758946964,0.0403563621753602,0.0477174937885692,0.0423955460191942,0.0395395946958861,0.0360182469616711,0.0497461013205657,0.0620258322266693,0.0884703700960305,0.112566532029746,0.184961086700098,0.19336014687982,1,0.983128595177489,0.975099720316004,0.968160429086528,0.968889236616605,0.968695090325453,0.963069124105304,0.95964363782464,0.952282506211431,0.957604453980806,0.960460405304114,0.963981753038329,0.950253898679434,0.937974167773331,0.91152962990397,0.887433467970254,0.815038913299902,0.80663985312018,0,1e+05,1687.14048225115,98507.0725488351,5976348.71465313,59.7634871465313,2023,"Total","GMoH report",18.2215028534686
0,1,0.0179601,0.00655797,0.00656575,0.00659335,0.00665586,0.00779738,0.00866751,0.0102617,0.00890897,0.00800892,0.00794741,0.0102659,0.0125761,0.0183629,0.0237094,0.0416655,0.0421897,0.152736,0.113451518455,0.0176786123064512,0.0258922784296534,0.0322985888506349,0.0324321585682599,0.0327346075868672,0.0382414423555149,0.0424183953356116,0.050025142488319,0.0435743436980607,0.0392585534649586,0.0389629143619272,0.0500451048941674,0.0609637834086851,0.0877845525977567,0.111913495428707,0.188674460649519,0.190821721989454,1,0.982321387693549,0.974107721570347,0.967701411149365,0.96756784143174,0.967265392413133,0.961758557644485,0.957581604664388,0.949974857511681,0.956425656301939,0.960741446535041,0.961037085638073,0.949954895105833,0.939036216591315,0.912215447402243,0.888086504571293,0.811325539350481,0.809178278010546,0,1e+05,1767.86123064513,98432.7053103893,5925045.99300542,59.2504599300542,2023,"Total","GMoH report",18.7345300699458
0,1,0.0181195,0.0072726,0.00726166,0.00718358,0.00709606,0.00850636,0.0093733,0.0105273,0.00902519,0.00832081,0.00840947,0.0109344,0.0133322,0.0194132,0.0249903,0.0427595,0.0429361,0.155945,0.113133443725,0.0178329322934408,0.0286733405273614,0.0356609065532955,0.0352842322374591,0.0348618456292601,0.041646156990065,0.0457934115390525,0.0512867231972149,0.0441302404871446,0.0407562377239602,0.0411815622198966,0.0532172531674155,0.0645108220458024,0.0925731474355123,0.117604095905248,0.193150005815798,0.19387040252533,1,0.982167067706559,0.971326659472639,0.964339093446705,0.964715767762541,0.96513815437074,0.958353843009935,0.954206588460948,0.948713276802785,0.955869759512855,0.95924376227604,0.958818437780103,0.946782746832584,0.935489177954198,0.907426852564488,0.882395904094752,0.806849994184202,0.80612959747467,0,1e+05,1783.29322934408,98418.4568748631,5800777.10142591,58.0077710142591,2023,"Total","GMoH report",19.9772189857409
0,1,0.017579,0.00620732,0.00613322,0.00655966,0.00620912,0.00759342,0.00840442,0.00966128,0.00836388,0.00796086,0.00722008,0.00983052,0.0119149,0.0183351,0.0232575,0.0407982,0.0427863,0.151474,0.11421198445,0.0173094696178584,0.0245248132721589,0.0302029959529043,0.032269113959806,0.0305710516789973,0.0372597771573447,0.0411573410493451,0.0471671621003576,0.0409628784994403,0.039027567497529,0.0354603338813744,0.0479735867401969,0.0578512697647014,0.087657478418617,0.10989763914402,0.185110556259077,0.19325936687743,1,0.982690530382142,0.975475186727841,0.969797004047096,0.967730886040194,0.969428948321003,0.962740222842655,0.958842658950655,0.952832837899642,0.95903712150056,0.960972432502471,0.964539666118626,0.952026413259803,0.942148730235299,0.912342521581383,0.89010236085598,0.814889443740923,0.80674063312257,0,1e+05,1730.94696178584,98466.7479256974,6002626.48845912,60.0262648845912,2023,"Total","GMoH report",17.9587251154088
0,1,0.0173289,0.00664041,0.00724101,0.00683085,0.0067978,0.00803325,0.00882658,0.0101414,0.00902231,0.00881315,0.0080809,0.0100243,0.0128893,0.0183566,0.0242165,0.0421689,0.0430195,0.152559,0.114711046495,0.0170670726097875,0.0262135031826616,0.0355613006656672,0.0335807867077927,0.0334210263673992,0.0393754675629989,0.043180069162822,0.0494531885832545,0.0441164688547185,0.0431157852921316,0.0396044019702956,0.0488961264003134,0.0624346525812124,0.0877557566917792,0.114170476631626,0.190736616709135,0.19421041285993,1,0.982932927390213,0.973786496817338,0.964438699334333,0.966419213292207,0.966578973632601,0.960624532437001,0.956819930837178,0.950546811416746,0.955883531145282,0.956884214707868,0.960395598029704,0.951103873599687,0.937565347418788,0.912244243308221,0.885829523368374,0.809263383290865,0.80578958714007,0,1e+05,1706.70726097874,98489.0709149887,5879299.31047635,58.7929931047635,2023,"Total","GMoH report",19.1919968952365
0,1,0.0175999,0.00669272,0.00679716,0.00670221,0.00662647,0.00805209,0.00865767,0.00989571,0.00896238,0.00803307,0.00739846,0.0104902,0.012696,0.0190718,0.0235502,0.0404191,0.0435347,0.152228,0.114170279545,0.0173297207376107,0.0264172731749531,0.033417932416244,0.0329588078707514,0.0325924182948542,0.0394659907268212,0.0423712590540635,0.0482840379080815,0.0438298505598486,0.0393746026516919,0.0363205103917182,0.0511105989862852,0.0615271289278307,0.0910192477756795,0.111203819523636,0.18354835201289,0.196307977707268,1,0.982670279262389,0.973582726825047,0.966582067583756,0.967041192129249,0.967407581705146,0.960534009273179,0.957628740945937,0.951715962091918,0.956170149440151,0.960625397348308,0.963679489608282,0.948889401013715,0.938472871072169,0.90898075222432,0.888796180476364,0.81645164798711,0.803692022292732,0,1e+05,1732.97207376108,98464.8818323439,5917573.23252306,59.1757323252306,2023,"Total","GMoH report",18.8092576747694
0,1,0.0175091,0.00703744,0.00696447,0.00701422,0.00700983,0.00821712,0.00923646,0.0105632,0.00943802,0.00877633,0.00823504,0.0101294,0.0131439,0.0198009,0.0242277,0.0416901,0.0433725,0.15236,0.114351466405,0.0172417340042837,0.0277590546370698,0.0342264276780722,0.0344667073302746,0.0344455071269409,0.0402585761224321,0.0451399662679127,0.0514571203653908,0.0461023136053657,0.0429395214737605,0.0403446014825185,0.0493961174205019,0.0636286775624667,0.0943347191490061,0.114220264259029,0.188775342712006,0.195648128830724,1,0.982758265995716,0.97224094536293,0.965773572321928,0.965533292669725,0.965554492873059,0.959741423877568,0.954860033732087,0.948542879634609,0.953897686394634,0.95706047852624,0.959655398517481,0.950603882579498,0.936371322437533,0.905665280850994,0.885779735740971,0.811224657287994,0.804351871169276,0,1e+05,1724.17340042836,98472.9883562471,5835925.86058767,58.3592586058767,2023,"Total","GMoH report",19.6257313941233
0,1,0.0171069,0.00624446,0.00652607,0.00631578,0.00619186,0.00758138,0.00787641,0.00963896,0.00820677,0.00833058,0.00761142,0.00979532,0.0123426,0.0181455,0.0233347,0.0404747,0.0414881,0.152956,0.115154036395,0.0168518145646475,0.0246697415710979,0.0321065264030914,0.0310880369942807,0.030487366241165,0.0372017975894777,0.0386215520529859,0.047060758088049,0.0402088872754364,0.0408031159459083,0.0373464511862793,0.0478059144257675,0.0598657524107381,0.0867903636413641,0.110242321264947,0.183777638080008,0.187946628686028,1,0.983148185435353,0.975330258428902,0.967893473596909,0.968911963005719,0.969512633758835,0.962798202410522,0.961378447947014,0.952939241911951,0.959791112724564,0.959196884054092,0.962653548813721,0.952194085574233,0.940134247589262,0.913209636358636,0.889757678735053,0.816222361919992,0.812053371313972,0,1e+05,1685.18145646475,98508.8739903052,6002970.41773181,60.0297041773181,2023,"Total","GMoH report",17.9552858226819
0,1,0.0170108,0.0063356,0.00655182,0.0061242,0.00637594,0.00771456,0.00821322,0.00947966,0.00858234,0.00772945,0.00761068,0.0102689,0.0124377,0.0181137,0.0237258,0.040391,0.0417436,0.15188,0.11534579914,0.0167586051857112,0.0250252994259144,0.0322311679726338,0.0301592468510864,0.0313795152340958,0.0378429458099313,0.0402398530846208,0.0463010055249142,0.0420103326051733,0.0379146024404173,0.0373428880715294,0.0500593635052523,0.0603131091071451,0.0866448528235262,0.111986572448503,0.183432449800291,0.188994701904,1,0.983241394814289,0.974974700574086,0.967768832027366,0.969840753148914,0.968620484765904,0.962157054190069,0.959760146915379,0.953698994475086,0.957989667394827,0.962085397559583,0.962657111928471,0.949940636494748,0.939686890892855,0.913355147176474,0.888013427551497,0.816567550199709,0.811005298096,0,1e+05,1675.86051857112,98517.4429521906,5992791.71448428,59.9279171448428,2023,"Total","GMoH report",18.0570728551572
0,1,0.0171517,0.00645519,0.00675855,0.00647149,0.0064883,0.0077325,0.00850936,0.00978836,0.00832454,0.00800931,0.00776998,0.00992626,0.0126135,0.0185718,0.023811,0.0411019,0.0434056,0.151886,0.115064640235,0.0168952612610799,0.0254916530720122,0.0332312621332729,0.0318422824685687,0.0319236740639275,0.0379292796134721,0.0416605386961023,0.047772757625424,0.0407741352013768,0.0392604276603394,0.0381096224886393,0.0484294907088899,0.0611395409990221,0.088738897364801,0.112366125466305,0.186360113162061,0.195782822769942,1,0.98310473873892,0.974508346927988,0.966768737866727,0.968157717531431,0.968076325936073,0.962070720386528,0.958339461303898,0.952227242374576,0.959225864798623,0.960739572339661,0.961890377511361,0.95157050929111,0.938860459000978,0.911261102635199,0.887633874533695,0.813639886837939,0.804217177230057,0,1e+05,1689.52612610799,98504.8785897603,5956205.23475401,59.5620523475401,2023,"Total","GMoH report",18.4229376524599
0,1,0.017029,0.00636788,0.00661594,0.00663908,0.00642588,0.00771585,0.00866737,0.00988723,0.00849975,0.00822172,0.00777506,0.0100163,0.0125516,0.0185646,0.0244411,0.0410172,0.0424761,0.154065,0.11530948195,0.0167762590338532,0.0251512003486477,0.0325414689842213,0.0326534281948503,0.0316214115105072,0.037849154012531,0.0424177247133775,0.0482436596036427,0.0416144685523063,0.0402806592456668,0.038134063422123,0.0488580575942956,0.060848630813697,0.088706020528253,0.115168394389704,0.186011792737335,0.191992742658869,1,0.983223740966147,0.974848799651352,0.967458531015779,0.96734657180515,0.968378588489493,0.962150845987469,0.957582275286622,0.951756340396357,0.958385531447694,0.959719340754333,0.961865936577877,0.951141942405704,0.939151369186303,0.911293979471747,0.884831605610296,0.813988207262665,0.808007257341131,0,1e+05,1677.62590338531,98515.82027044,5947187.20076036,59.4718720076036,2023,"Total","GMoH report",18.5131179923964
0,1,0.017483,0.00683706,0.00715615,0.0070745,0.00683652,0.00816623,0.00933504,0.0099647,0.00921729,0.00884398,0.00791943,0.0105618,0.013299,0.018839,0.0250475,0.0411694,0.0430333,0.152575,0.11440354765,0.0172164398795179,0.0269793215200167,0.0351518698661435,0.0347577654704483,0.0336081923028936,0.0400142363565942,0.0456107544567892,0.0486124780987241,0.0450483898175466,0.0432633495055987,0.0388284029520241,0.0514504759088644,0.0643553456456464,0.0899581939599703,0.117857415935866,0.186637604512008,0.194266661219371,1,0.982783560120482,0.973020678479983,0.964848130133857,0.965242234529552,0.966391807697106,0.959985763643406,0.954389245543211,0.951387521901276,0.954951610182453,0.956736650494401,0.961171597047976,0.948549524091136,0.935644654354354,0.91004180604003,0.882142584064134,0.813362395487992,0.805733338780629,0,1e+05,1721.6439879518,98475.3181920602,5850001.17317792,58.5000117317792,2023,"Total","GMoH report",19.4849782682208
0,1,0.0170787,0.0063353,0.00638028,0.00636354,0.00602949,0.00745093,0.00794572,0.00931997,0.00826691,0.00785241,0.0079273,0.0101009,0.0122176,0.017924,0.0230515,0.0405158,0.0426574,0.151318,0.115210308085,0.0168244645452942,0.0250241292677007,0.0314005394159382,0.0313194436685929,0.0296997639260143,0.0365733856589798,0.0389547903578937,0.0455387993896315,0.0404975754709095,0.038506135099214,0.0388662391558496,0.0492605600231553,0.059277430172802,0.0857763612522851,0.108977275816301,0.183947091114553,0.192733251494271,1,0.983175535454706,0.974975870732299,0.968599460584062,0.968680556331407,0.970300236073986,0.96342661434102,0.961045209642106,0.954461200610368,0.95950242452909,0.961493864900786,0.96113376084415,0.950739439976845,0.940722569827198,0.914223638747715,0.891022724183699,0.816052908885447,0.807266748505729,0,1e+05,1682.44645452942,98511.3887198334,6016235.79845065,60.1623579845065,2023,"Total","GMoH report",17.8226320154935
0,1,0.0171534,0.0063284,0.00614559,0.00655242,0.00642606,0.00772864,0.00835927,0.00955072,0.00871358,0.00807628,0.00768922,0.0102307,0.0124432,0.0178958,0.0237348,0.0406409,0.0429847,0.15245,0.11506124797,0.0168969098360129,0.0249972152460735,0.0302629901755181,0.0322340720539802,0.0316222832758313,0.0379107045313275,0.0409407627748967,0.0466399863733605,0.0426390530013708,0.039582207522574,0.0377209875698945,0.0498777882786442,0.0603389751607009,0.0856471876482128,0.11202667328716,0.184462676978011,0.194068553609188,1,0.983103090163987,0.975002784753927,0.969737009824482,0.96776592794602,0.968377716724169,0.962089295468673,0.959059237225103,0.95336001362664,0.957360946998629,0.960417792477426,0.962279012430105,0.950122211721356,0.939661024839299,0.914352812351787,0.88797332671284,0.815537323021989,0.805931446390812,0,1e+05,1689.69098360129,98504.7269696555,5978990.31672981,59.7899031672981,2023,"Total","GMoH report",18.1950868327019
0,1,0.0174643,0.00624677,0.00653437,0.00642662,0.0063513,0.00768261,0.00863219,0.00963104,0.00884616,0.00834506,0.00799598,0.0100281,0.0119703,0.017888,0.0235233,0.0408399,0.0427594,0.153171,0.114440862565,0.0171983165047476,0.0246787549874145,0.0321467038567981,0.0316249954296793,0.0312601436244944,0.0376891719762096,0.0422491923604942,0.0470229990383541,0.0432737829798866,0.0408725894712673,0.0391963665916512,0.048914208562779,0.0581124416007659,0.0856114557010491,0.111083853001712,0.185282230578493,0.193149597727344,1,0.982801683495252,0.975321245012585,0.967853296143202,0.968375004570321,0.968739856375506,0.96231082802379,0.957750807639506,0.952977000961646,0.956726217020113,0.959127410528733,0.960803633408349,0.951085791437221,0.941887558399234,0.914388544298951,0.888916146998288,0.814717769421507,0.806850402272656,0,1e+05,1719.83165047476,98476.9873670722,5964850.20731491,59.6485020731491,2023,"Total","GMoH report",18.3364879268509
0,1,0.017494,0.00668244,0.00706074,0.00684017,0.00671129,0.00810103,0.00896034,0.0100475,0.00900879,0.00888981,0.00799028,0.010459,0.0123897,0.0188385,0.0237756,0.0422191,0.0429916,0.152572,0.1143815977,0.0172271003901564,0.0263772314667151,0.0346913337798187,0.0336258339485012,0.0330027228897432,0.0397011004848481,0.0438200926769574,0.0490065175376023,0.0440518160991112,0.0434826683501846,0.0391689723588513,0.0509624591006653,0.0600873397177476,0.0899559137949353,0.112208442392625,0.190942001374432,0.194096682645901,1,0.982772899609844,0.973622768533285,0.965308666220181,0.966374166051499,0.966997277110257,0.960298899515152,0.956179907323043,0.950993482462398,0.955948183900889,0.956517331649815,0.960831027641149,0.949037540899335,0.939912660282252,0.910044086205065,0.887791557607375,0.809057998625568,0.805903317354099,0,1e+05,1722.71003901564,98474.3362876208,5880532.31803335,58.8053231803335,2023,"Total","GMoH report",19.1796668196665
0,1,0.0177345,0.00651413,0.00705515,0.00683514,0.00684846,0.00777317,0.00863129,0.0104821,0.00931173,0.00831073,0.00809622,0.0102848,0.0128543,0.0190662,0.0243608,0.041374,0.0421253,0.153077,0.113901691975,0.0174601227191817,0.0257214147214412,0.0346643446225898,0.0336015222283896,0.0336659010580991,0.038124970311313,0.0422448804642444,0.0510721417572167,0.0454994534361378,0.0407078697148125,0.0396779955472266,0.0501349306627981,0.0622703941802229,0.090993737982209,0.114811735673983,0.187478193097011,0.190558196963621,1,0.982539877280818,0.974278585278559,0.96533565537741,0.96639847777161,0.966334098941901,0.961875029688687,0.957755119535756,0.948927858242783,0.954500546563862,0.959292130285187,0.960322004452773,0.949865069337202,0.937729605819777,0.909006262017791,0.885188264326017,0.812521806902989,0.809441803036379,0,1e+05,1746.01227191817,98452.8614800624,5884935.8870766,58.849358870766,2023,"Total","GMoH report",19.1356311292339
0,1,0.0170315,0.00612966,0.00658872,0.00659787,0.00640175,0.00778125,0.00815678,0.00959207,0.00817146,0.00768021,0.00745252,0.00985168,0.011979,0.0179248,0.0235943,0.0401791,0.0421812,0.150237,0.115304493325,0.0167786839658584,0.0242216984477851,0.0324097530300398,0.0324540313012461,0.0315045395350783,0.0381638439727182,0.0399688570651699,0.0468371860812637,0.0400393501299674,0.0376776199168461,0.0365810475291698,0.0480743668050842,0.0581534495690314,0.0857800254974101,0.111400460298923,0.182557963338105,0.190786944356748,1,0.983221316034142,0.975778301552215,0.96759024696996,0.967545968698754,0.968495460464922,0.961836156027282,0.96003114293483,0.953162813918736,0.959960649870033,0.962322380083154,0.96341895247083,0.951925633194916,0.941846550430969,0.91421997450259,0.888599539701077,0.817442036661895,0.809213055643252,0,1e+05,1677.86839658584,98515.5973687485,6000334.08824635,60.0033408824635,2023,"Total","GMoH report",17.9816491175365
0,1,0.0175975,0.00721532,0.00743709,0.00715483,0.00707963,0.00864462,0.00921618,0.0103109,0.0095748,0.0086258,0.00812022,0.0106933,0.0131206,0.0194331,0.0244563,0.0425791,0.0435324,0.153715,0.114175068625,0.0173273952906974,0.0284507179317849,0.0365066911311388,0.0351454998090039,0.034782531368617,0.0423087424961082,0.0450430870059928,0.0502589621674686,0.0467548296428393,0.0422185774858073,0.0397932746385367,0.0520743825136665,0.0635194662285057,0.0926636452869361,0.115235891185971,0.192413514329981,0.196298624407146,1,0.982672604709303,0.971549282068215,0.963493308868861,0.964854500190996,0.965217468631383,0.957691257503892,0.954956912994007,0.949741037832531,0.953245170357161,0.957781422514193,0.960206725361463,0.947925617486334,0.936480533771494,0.907336354713064,0.884764108814029,0.807586485670019,0.803701375592854,0,1e+05,1732.73952906973,98465.0961255711,5804398.42795956,58.0439842795956,2023,"Total","GMoH report",19.9410057204044
0,1,0.0180727,0.00700707,0.00726756,0.00751208,0.00729754,0.00836722,0.00973504,0.0109036,0.00949562,0.0087658,0.00823417,0.010987,0.0136282,0.019731,0.0256763,0.0421986,0.042864,0.153243,0.113226830785,0.0177876286075994,0.0276409163288394,0.0356893635230854,0.0368680113728162,0.0358339507771149,0.0409789012937914,0.0475187086757335,0.0530713286522678,0.0463771505052972,0.04288910667184,0.0403404252025253,0.0534664113463443,0.0658958939453355,0.0940173587369053,0.120637677032994,0.190858134783783,0.193576357527367,1,0.982212371392401,0.972359083671161,0.964310636476915,0.963131988627184,0.964166049222885,0.959021098706209,0.952481291324267,0.946928671347732,0.953622849494703,0.95711089332816,0.959659574797475,0.946533588653656,0.934104106054665,0.905982641263095,0.879362322967006,0.809141865216217,0.806423642472633,0,1e+05,1778.76286075995,98422.640820682,5775424.15291333,57.7542415291333,2023,"Total","GMoH report",20.2307484708667
0,1,0.0169366,0.006132,0.00635369,0.00618413,0.00598725,0.00747683,0.00806258,0.00939491,0.00845035,0.00794699,0.00706301,0.00997252,0.012167,0.0181254,0.0232871,0.0398185,0.0425458,0.153945,0.11549386153,0.0166866255608401,0.0242308330633115,0.031271722917048,0.0304498848834887,0.0294947686165021,0.0366981847777701,0.0395163898635351,0.0458965647618824,0.041377611746446,0.0389608953849617,0.0347022933869624,0.0486496997408509,0.0590391758680341,0.0866983923961567,0.110029811917254,0.181067872315512,0.192277499865551,1,0.98331337443916,0.975769166936688,0.968728277082952,0.969550115116511,0.970505231383498,0.96330181522223,0.960483610136465,0.954103435238118,0.958622388253554,0.961039104615038,0.965297706613038,0.951350300259149,0.940960824131966,0.913301607603843,0.889970188082746,0.818932127684488,0.807722500134449,0,1e+05,1668.662556084,98524.0577261087,6026711.49949728,60.2671149949728,2023,"Total","GMoH report",17.7178750050272
0,1,0.0175002,0.00610713,0.00641045,0.00630174,0.00631081,0.00740562,0.00826955,0.00931822,0.00817944,0.00799189,0.00746914,0.00959994,0.0117758,0.018345,0.0228524,0.040581,0.0424482,0.152507,0.11436922591,0.0172331089443149,0.0241337441738867,0.0315466789793422,0.0310200000620229,0.0310639532332403,0.0363550213175753,0.0405102462331565,0.045530443282002,0.0400776678021803,0.0391767101056837,0.0366611321780099,0.0468747138976632,0.05719520185499,0.0877027333899055,0.108086888001582,0.18421584226283,0.19187873292286,1,0.982766891055685,0.975866255826113,0.968453321020658,0.968979999937977,0.96893604676676,0.963644978682425,0.959489753766844,0.954469556717998,0.95992233219782,0.960823289894316,0.96333886782199,0.953125286102337,0.94280479814501,0.912297266610095,0.891913111998418,0.81578415773717,0.80812126707714,0,1e+05,1723.31089443149,98473.7828385669,6017020.02105415,60.1702002105415,2023,"Total","GMoH report",17.8147897894585
0,1,0.0177805,0.0070674,0.00732512,0.00716168,0.00720961,0.00861349,0.00940381,0.0109566,0.00940563,0.00909766,0.00846735,0.0109668,0.013105,0.0191637,0.0237967,0.04187,0.0425471,0.154974,0.113809901275,0.0175046804472646,0.0278755841925551,0.0359669445380634,0.035178556095947,0.0354098224744745,0.0421595968356307,0.0459390448760113,0.053322418961029,0.0459477315932368,0.0444767149242555,0.0414591276389655,0.0533707345702865,0.0634463393084083,0.0914377843310382,0.112302431802796,0.189512752619549,0.192282810123487,1,0.982495319552735,0.972124415807445,0.964033055461937,0.964821443904053,0.964590177525525,0.957840403164369,0.954060955123989,0.946677581038971,0.954052268406763,0.955523285075744,0.958540872361034,0.946629265429714,0.936553660691592,0.908562215668962,0.887697568197204,0.810487247380451,0.807717189876513,0,1e+05,1750.46804472645,98448.7525506289,5791193.23536287,57.9119323536287,2023,"Total","GMoH report",20.0730576463713
0,1,0.0172205,0.00621622,0.00636206,0.00624182,0.00593388,0.00740901,0.00803006,0.00900963,0.00831632,0.00751308,0.00742412,0.00961649,0.0122423,0.0180419,0.0229631,0.0408248,0.0427577,0.150593,0.114927353275,0.0169619758512937,0.0245595449312154,0.0313122735916832,0.0307295787518872,0.029235697202707,0.0363713605646571,0.0393601392995408,0.0440558331108243,0.0407346931418269,0.0368728287200008,0.0364441849932694,0.0469536272819485,0.0593937109316535,0.0863162281101488,0.108582048883224,0.185220069288298,0.193142660195407,1,0.983038024148706,0.975440455068785,0.968687726408317,0.969270421248113,0.970764302797293,0.963628639435343,0.960639860700459,0.955944166889176,0.959265306858173,0.963127171279999,0.963555815006731,0.953046372718051,0.940606289068346,0.913683771889851,0.891417951116776,0.814779930711702,0.806857339804593,0,1e+05,1696.19758512937,98498.741913961,6039961.22026525,60.3996122026525,2023,"Total","GMoH report",17.5853777973475
0,1,0.0169603,0.00577683,0.00615723,0.0061119,0.00595967,0.00701877,0.00794107,0.00907489,0.00822091,0.00744209,0.00713364,0.00948143,0.0116538,0.0176487,0.0230319,0.0406013,0.0415639,0.151992,0.115446569365,0.0167096174473723,0.0228433951788578,0.0303194405772366,0.0300995858530617,0.0293608968595329,0.034488679723542,0.0389324369816454,0.0443678662359354,0.0402767707318079,0.0365307864977818,0.0350432354349299,0.0463094504676317,0.0566194214653187,0.0845145693019037,0.108889660566969,0.184299501612909,0.188257690449785,1,0.983290382552628,0.977156604821142,0.969680559422763,0.969900414146938,0.970639103140467,0.965511320276458,0.961067563018355,0.955632133764065,0.959723229268192,0.963469213502218,0.96495676456507,0.953690549532368,0.943380578534681,0.915485430698096,0.891110339433031,0.815700498387091,0.811742309550215,0,1e+05,1670.96174473721,98521.9450562329,6080457.48169349,60.8045748169349,2023,"Total","GMoH report",17.1804151830651
0,1,0.0169526,0.00604269,0.00627441,0.00614838,0.00622301,0.00729765,0.00772086,0.00955205,0.00803734,0.00735038,0.00756364,0.0096953,0.0118308,0.0175411,0.0234394,0.0407512,0.0424992,0.151641,0.11546193433,0.0167021476217378,0.023882135319453,0.0308875471630123,0.0302765211078769,0.0306383924435989,0.0358344812448586,0.0378732645663506,0.0466463298132679,0.0393951200642569,0.036088735206286,0.0371163629807605,0.0473293201069185,0.0574546634200259,0.0840209502729192,0.110709584417511,0.184917023481728,0.192087126937179,1,0.983297852378262,0.976117864680547,0.969112452836988,0.969723478892123,0.969361607556401,0.964165518755141,0.962126735433649,0.953353670186732,0.960604879935743,0.963911264793714,0.96288363701924,0.952670679893082,0.942545336579974,0.915979049727081,0.88929041558249,0.815082976518272,0.807912873062821,0,1e+05,1670.21476217378,98522.6314650133,6049302.44700491,60.4930244700491,2023,"Total","GMoH report",17.4919655299509
0,1,0.0179039,0.00701374,0.00698614,0.00681974,0.00692846,0.00847744,0.00883847,0.01016,0.00939034,0.00915372,0.00826313,0.0113281,0.0127009,0.0190797,0.024256,0.041872,0.0432202,0.154441,0.113563662745,0.017624192303318,0.0276668636238537,0.0343310954029049,0.0335270849934666,0.0340524720241981,0.0415075065100291,0.0432369781640167,0.0495416422859372,0.0458747512215359,0.0447446500058707,0.0404794329578574,0.0550806035376625,0.0615501444266295,0.0910552336464878,0.114346055211948,0.18952094724264,0.195028114693328,1,0.982375807696682,0.972333136376146,0.965668904597095,0.966472915006533,0.965947527975802,0.958492493489971,0.956763021835983,0.950458357714063,0.954125248778464,0.955255349994129,0.959520567042143,0.944919396462337,0.93844985557337,0.908944766353512,0.885653944788052,0.81047905275736,0.804971885306672,0,1e+05,1762.4192303318,98437.7275527569,5837618.212775,58.37618212775,2023,"Total","GMoH report",19.60880787225
0,1,0.0174334,0.00688504,0.00730086,0.00695587,0.00686803,0.00821788,0.00916088,0.0108436,0.0094172,0.00864772,0.00823031,0.0109478,0.0134568,0.0186835,0.0242034,0.0423025,0.043435,0.154285,0.11450252197,0.017168367925843,0.0271660808928194,0.0358499611319259,0.0341848859435299,0.033760480025919,0.0402622246727654,0.0447788654672949,0.0527869972904531,0.0460029524895388,0.0423235935343038,0.0403218957455658,0.0532807329787384,0.0650941041482447,0.0892488001079574,0.114112239553007,0.191283115062655,0.195902443424628,1,0.982831632074157,0.972833919107181,0.964150038868074,0.96581511405647,0.966239519974081,0.959737775327235,0.955221134532705,0.947213002709547,0.953997047510461,0.957676406465696,0.959678104254434,0.946719267021262,0.934905895851755,0.910751199892043,0.885887760446993,0.808716884937345,0.804097556575372,0,1e+05,1716.83679258429,98479.7453499775,5827416.21334442,58.2741621334442,2023,"Total","GMoH report",19.7108278665557
0,1,0.0172948,0.0066643,0.00718413,0.00693156,0.00683873,0.0082975,0.00873143,0.0106528,0.00924133,0.00866452,0.00805778,0.00996021,0.0123887,0.0197642,0.0240166,0.0417251,0.0424524,0.153404,0.11477909134,0.017034014038928,0.0263065702477952,0.0352868860581575,0.0340674485901266,0.033618873994617,0.040644383078515,0.0427245342987203,0.0518822713494222,0.0451632292368906,0.0424040726608711,0.0394933286163543,0.0485911059514776,0.0600826356299288,0.094168106760891,0.113281413982377,0.188918854735672,0.191895896598143,1,0.982965985961072,0.973693429752205,0.964713113941842,0.965932551409873,0.966381126005383,0.959355616921485,0.95727546570128,0.948117728650578,0.954836770763109,0.957595927339129,0.960506671383646,0.951408894048522,0.939917364370071,0.905831893239109,0.886718586017623,0.811081145264328,0.808104103401857,0,1e+05,1703.4014038928,98492.1134614333,5863400.76669582,58.6340076669582,2023,"Total","GMoH report",19.3509823330417
0,1,0.0173827,0.00625476,0.00669864,0.00630749,0.00636562,0.00762882,0.00813311,0.0095381,0.0088074,0.00797757,0.00755851,0.0100325,0.0125022,0.018161,0.0231749,0.0414608,0.0432795,0.153374,0.114603691285,0.0171192252218111,0.0247099306286029,0.0329415411863684,0.0310478647587816,0.0313295204451597,0.0374302288047249,0.0398551835208861,0.0465797931865192,0.0430882611224748,0.0391078852692809,0.0370916558704663,0.0489351453848171,0.0606164039852393,0.0868612807028872,0.109528707869961,0.187834571042321,0.195269575967307,1,0.982880774778189,0.975290069371397,0.967058458813632,0.968952135241218,0.96867047955484,0.962569771195275,0.960144816479114,0.953420206813481,0.956911738877525,0.960892114730719,0.962908344129534,0.951064854615183,0.939383596014761,0.913138719297113,0.890471292130039,0.812165428957679,0.804730424032693,0,1e+05,1711.92252218111,98484.2701180548,5977441.76871405,59.7744176871405,2023,"Total","GMoH report",18.2105723128595
0,1,0.0171455,0.00659931,0.00669719,0.00643379,0.00644057,0.00740222,0.00832823,0.00945759,0.00835923,0.00806966,0.00762822,0.0100295,0.012483,0.0177732,0.0233964,0.0416479,0.0428204,0.153073,0.115077012025,0.016889248766692,0.0260533714505059,0.0329345280207124,0.0316597200247548,0.0316925547073217,0.036338633599002,0.0407918404270016,0.046195700023536,0.0409405708792232,0.0395504042128493,0.0374273400403927,0.0489208703276228,0.0605261307738743,0.0850854004038555,0.110517708700405,0.18860227796849,0.19339849744953,1,0.983110751233308,0.973946628549494,0.967065471979288,0.968340279975245,0.968307445292678,0.963661366400998,0.959208159572998,0.953804299976464,0.959059429120777,0.960449595787151,0.962572659959607,0.951079129672377,0.939473869226126,0.914914599596145,0.889482291299595,0.81139772203151,0.80660150255047,0,1e+05,1688.9248766692,98505.4315516726,5974877.17059605,59.7487717059605,2023,"Total","GMoH report",18.2362182940395
0,1,0.0168977,0.00592983,0.00612815,0.0058511,0.006113,0.00712854,0.00774599,0.00913841,0.00795501,0.00745997,0.00735778,0.00956071,0.0120857,0.0182816,0.0232175,0.0410249,0.0421514,0.150885,0.115571484535,0.0166488856057733,0.0234413139861708,0.0301784055106744,0.02883372744339,0.0301049215366167,0.0350186209004164,0.0379941933947652,0.0446714841561808,0.0389994475126068,0.0366169466904933,0.0361244113221552,0.046687632707737,0.0586562455333927,0.0874128816567595,0.109718997914784,0.186043463759076,0.190665007506479,1,0.983351114394227,0.976558686013829,0.969821594489326,0.97116627255661,0.969895078463383,0.964981379099584,0.962005806605235,0.955328515843819,0.961000552487393,0.963383053309507,0.963875588677845,0.953312367292263,0.941343754466607,0.912587118343241,0.890281002085216,0.813956536240924,0.809334992493521,0,1e+05,1664.88856057734,98527.5250819539,6074468.32639621,60.7446832639621,2023,"Total","GMoH report",17.2403067360379
0,1,0.0174851,0.00661136,0.00713144,0.00702818,0.0066267,0.0078588,0.00865423,0.0102439,0.0088432,0.0087462,0.00820102,0.0107214,0.0131039,0.0189276,0.0246174,0.0412317,0.0426437,0.154945,0.114399357205,0.0172184750849639,0.0261003227404928,0.0350326174760662,0.0345341199717425,0.0325935311183452,0.0385368661899657,0.0423547799811102,0.0499405353742006,0.0432596164006152,0.0427952602372817,0.0401812812716637,0.0522076521944072,0.0634411827145665,0.0903621532694432,0.115950971392129,0.186893643407761,0.192677315863752,1,0.982781524915036,0.973899677259507,0.964967382523934,0.965465880028258,0.967406468881655,0.961463133810034,0.95764522001889,0.9500594646258,0.956740383599385,0.957204739762718,0.959818718728336,0.947792347805593,0.936558817285434,0.909637846730557,0.884049028607871,0.813106356592239,0.807322684136248,0,1e+05,1721.84750849639,98475.1307396806,5876042.34911616,58.7604234911616,2023,"Total","GMoH report",19.2245665088384
0,1,0.01716,0.00641658,0.00666695,0.00626682,0.00638323,0.00751301,0.00822304,0.0093856,0.00857619,0.00773609,0.00768119,0.0103916,0.0125528,0.018413,0.0238609,0.0406392,0.0426802,0.153716,0.115048078,0.0169033101358344,0.0253411134366888,0.032788255844248,0.0308507596067038,0.0314148297900974,0.0368724915064675,0.0402869960500025,0.0458521257220576,0.041980860411861,0.0379465550866493,0.037682337024183,0.050642362075637,0.0608542712593394,0.0880135177444295,0.112588351508714,0.184455672577474,0.19282633377323,1,0.983096689864166,0.974658886563311,0.967211744155752,0.969149240393296,0.968585170209903,0.963127508493533,0.959713003949997,0.954147874277942,0.958019139588139,0.962053444913351,0.962317662975817,0.949357637924363,0.939145728740661,0.91198648225557,0.887411648491286,0.815544327422526,0.80717366622677,0,1e+05,1690.33101358343,98504.1383207131,5979625.25843616,59.7962525843616,2023,"Total","GMoH report",18.1887374156384
0,1,0.0172211,0.00620032,0.00645054,0.00624976,0.00635093,0.00763776,0.00799411,0.00961455,0.00846184,0.00834578,0.00756098,0.0102259,0.0120449,0.0178177,0.0238884,0.0412809,0.0428502,0.152892,0.114926156005,0.0169625576266301,0.0244974953789045,0.0317408361666834,0.0307680674075967,0.0312583510021744,0.0374732703859427,0.0391873794452572,0.0469443773420646,0.0414327076428976,0.0408760438273661,0.0371035519641748,0.0498549701518115,0.0584640169068953,0.0852893498767525,0.11271079840826,0.187095793178449,0.193520066153295,1,0.98303744237337,0.975502504621095,0.968259163833317,0.969231932592403,0.968741648997826,0.962526729614057,0.960812620554743,0.953055622657935,0.958567292357102,0.959123956172634,0.962896448035825,0.950145029848188,0.941535983093105,0.914710650123248,0.88728920159174,0.812904206821551,0.806479933846705,0,1e+05,1696.25576266302,98498.6883917412,5991558.13622983,59.9155813622983,2023,"Total","GMoH report",18.0694086377017
0,1,0.0173361,0.00618462,0.00664523,0.0066456,0.00634079,0.00778627,0.00849937,0.00973191,0.00873382,0.00824119,0.00762947,0.0100377,0.0124698,0.0184044,0.0244841,0.0408765,0.0421285,0.153111,0.114696679255,0.0170740524474622,0.0244362224992138,0.0326831818487088,0.0326849718772317,0.0312092221900735,0.0381879949023296,0.041612646795514,0.0475037933950519,0.0427359791269536,0.0403741229541292,0.0374333582898214,0.048959888322464,0.0604640630659505,0.0879742182443588,0.115359326768659,0.185432881997566,0.190571293187388,1,0.982925947552538,0.975563777500786,0.967316818151291,0.967315028122768,0.968790777809927,0.96181200509767,0.958387353204486,0.952496206604948,0.957264020873046,0.959625877045871,0.962566641710179,0.951040111677536,0.93953593693405,0.912025781755641,0.884640673231341,0.814567118002434,0.809428706812612,0,1e+05,1707.40524474622,98488.4284669687,5955591.09786289,59.5559109786289,2023,"Total","GMoH report",18.4290790213711
0,1,0.0172479,0.00604723,0.00634974,0.00632651,0.00614272,0.00714303,0.00787621,0.00919665,0.00841813,0.00804506,0.00764039,0.0099315,0.0120236,0.0175485,0.0227712,0.0402048,0.0418276,0.152891,0.114872677945,0.0169885429223319,0.0238998640502389,0.0312525855190654,0.03114003071077,0.0302490710654619,0.0350885535238071,0.0386205903011603,0.0449497814803714,0.0412230965358957,0.0394322136873805,0.0374859321472045,0.0484544368998235,0.0583636471308925,0.0840549061965257,0.107723515698326,0.182664069087843,0.189339009151986,1,0.983011457077668,0.976100135949761,0.968747414480935,0.96885996928923,0.969750928934538,0.964911446476193,0.96137940969884,0.955050218519629,0.958776903464104,0.96056778631262,0.962514067852795,0.951545563100176,0.941636352869108,0.915945093803474,0.892276484301674,0.817335930912157,0.810660990848014,0,1e+05,1698.85429223318,98496.297649754,6034349.48936299,60.3434948936299,2023,"Total","GMoH report",17.6414951063701
0,1,0.0175253,0.00652798,0.00683922,0.00700501,0.00683326,0.00794826,0.00878696,0.010275,0.00872744,0.00857438,0.00790558,0.0102545,0.0129889,0.0185655,0.0243256,0.0409622,0.0441183,0.152271,0.114319140115,0.0172574331806404,0.025775397442013,0.0336212423177883,0.0344222298393821,0.0335924353874115,0.038967000374018,0.0429904124143295,0.0500883553713972,0.0427054273625475,0.041972186312808,0.038761813456928,0.0499909202702225,0.0629019327153829,0.0887101301946768,0.114655349571178,0.185785538987242,0.198678144989747,1,0.98274256681936,0.974224602557987,0.966378757682212,0.965577770160618,0.966407564612588,0.961032999625982,0.957009587585671,0.949911644628603,0.957294572637452,0.958027813687192,0.961238186543072,0.950009079729778,0.937098067284617,0.911289869805323,0.885344650428822,0.814214461012758,0.801321855010253,0,1e+05,1725.74331806404,98471.5421741163,5892595.88486756,58.9259588486756,2023,"Total","GMoH report",19.0590311513244
0,1,0.0169698,0.00601509,0.00622671,0.00604497,0.00595643,0.0072466,0.00799503,0.00902535,0.00837476,0.00780776,0.0072882,0.0100195,0.0127292,0.0174254,0.0226314,0.0403729,0.0429736,0.151421,0.11542761259,0.0167188333172167,0.0237743502866683,0.0306563298114986,0.0297748793686571,0.0293451688891835,0.0355882651936198,0.0391918009393399,0.0441310055721485,0.0410150715484963,0.0382913753284145,0.0357889081981752,0.0488732852949677,0.0616830599821869,0.0834898882530867,0.107097579592998,0.183357786094467,0.194023300711374,1,0.983281166682783,0.976225649713332,0.969343670188501,0.970225120631343,0.970654831110817,0.96441173480638,0.96080819906066,0.955868994427851,0.958984928451504,0.961708624671585,0.964211091801825,0.951126714705032,0.938316940017813,0.916510111746913,0.892902420407002,0.816642213905533,0.805976699288626,0,1e+05,1671.88333172166,98521.098169788,6052057.04552698,60.5205704552698,2023,"Total","GMoH report",17.4644195447302
0,1,0.0168128,0.0058227,0.00610133,0.00620548,0.0060458,0.0073292,0.00778914,0.00914324,0.00809971,0.007247,0.0072524,0.00977892,0.0119212,0.0177535,0.0230875,0.0401193,0.0422079,0.15143,0.11574089824,0.0165665078577006,0.0230226915478487,0.03004831331136,0.0305534036616148,0.0297789067144642,0.0359866172128097,0.0382018020391617,0.044694567115419,0.03969475989091,0.0355901946484566,0.0356162419177886,0.0477277845331819,0.0578809733512138,0.084995098784331,0.109138180636393,0.18231102339752,0.190896182542193,1,0.9834334921423,0.976977308452151,0.96995168668864,0.969446596338385,0.970221093285536,0.96401338278719,0.961798197960838,0.955305432884581,0.96030524010909,0.964409805351543,0.964383758082211,0.952272215466818,0.942119026648786,0.915004901215669,0.890861819363607,0.81768897660248,0.809103817457807,0,1e+05,1656.65078577005,98535.091464245,6071786.51358533,60.7178651358533,2023,"Total","GMoH report",17.2671248641467
0,1,0.0175978,0.00617471,0.00666942,0.00644877,0.00672117,0.0077517,0.00843663,0.00970918,0.00860736,0.00877354,0.00757456,0.0100021,0.0125169,0.0183258,0.0236949,0.0413598,0.0426991,0.152453,0.11417446999,0.0173276859721365,0.0243975444762936,0.0328002041559948,0.0317322648067061,0.0330505048458628,0.0380216685791868,0.0413118186779673,0.0473954720760711,0.0421302249670686,0.0429261639586554,0.0371689538228294,0.0487904818048493,0.0606855137328919,0.0876149642216665,0.111848879936955,0.187419878294308,0.192903486815311,1,0.982672314027863,0.975602455523706,0.967199795844005,0.968267735193294,0.966949495154137,0.961978331420813,0.958688181322033,0.952604527923929,0.957869775032931,0.957073836041345,0.962831046177171,0.951209518195151,0.939314486267108,0.912385035778334,0.888151120063045,0.812580121705692,0.807096513184689,0,1e+05,1732.76859721365,98465.0693389885,5950456.42147869,59.5045642147869,2023,"Total","GMoH report",18.4804257852131
0,1,0.0172637,0.0061768,0.00655312,0.00621937,0.0063802,0.00755926,0.00848417,0.009376,0.00853891,0.00830103,0.00761977,0.009901,0.0120646,0.017773,0.0237372,0.0406433,0.0414272,0.151381,0.114841149835,0.0170038619980495,0.0244057017231924,0.0322374601380504,0.03062074563308,0.0314001518774783,0.0370952680599135,0.0415397737444758,0.0458063003204878,0.0418021872139425,0.0406613228479977,0.0373866557061253,0.0483092258862506,0.0585568379326931,0.0850844836789357,0.112037366556441,0.184472565451466,0.187696634915112,1,0.98299613800195,0.975594298276808,0.96776253986195,0.96937925436692,0.968599848122522,0.962904731940086,0.958460226255524,0.954193699679512,0.958197812786058,0.959338677152002,0.962613344293875,0.95169077411375,0.941443162067307,0.914915516321064,0.887962633443559,0.815527434548534,0.812303365084888,0,1e+05,1700.38619980495,98494.8881065442,5993981.64713098,59.9398164713098,2023,"Total","GMoH report",18.0451735286902
0,1,0.0178228,0.0067208,0.00692816,0.00702151,0.0069758,0.00819844,0.00891192,0.0100555,0.00930344,0.00835073,0.00804657,0.0104255,0.012731,0.0196731,0.0234722,0.0412941,0.043277,0.152536,0.11372549374,0.0175456507730335,0.0265266395221984,0.0340510226669985,0.0345019112134884,0.0342811538179911,0.0401688943250249,0.0435884578762096,0.0490445805506816,0.0454598671342708,0.0408997921957921,0.0394394688821916,0.0508033735720612,0.0616915133585798,0.0937544007466764,0.110855919231534,0.187150020813784,0.195259397622705,1,0.982454349226967,0.973473360477802,0.965948977333001,0.965498088786512,0.965718846182009,0.959831105674975,0.95641154212379,0.950955419449318,0.954540132865729,0.959100207804208,0.960560531117808,0.949196626427939,0.93830848664142,0.906245599253324,0.889144080768466,0.812849979186216,0.804740602377295,0,1e+05,1754.56507730336,98444.9737024119,5868803.36086059,58.6880336086059,2023,"Total","GMoH report",19.2969563913941
0,1,0.0178865,0.00679304,0.00709615,0.00731635,0.00713028,0.00825079,0.00893944,0.0104154,0.00928388,0.00887403,0.00816092,0.0104662,0.0127771,0.0191701,0.0240026,0.0427184,0.0438985,0.154159,0.113598383575,0.0176073422354146,0.0268079451130584,0.0348622800780602,0.0359246565967705,0.0350270188697338,0.0404202034734581,0.0437201166021062,0.0507554053770887,0.0453664581170409,0.0434071589237399,0.0399887377752873,0.0509966472269824,0.0619079885972356,0.0914669247639562,0.113219117052584,0.192982265927958,0.197786205630341,1,0.982392657764585,0.973192054886942,0.96513771992194,0.964075343403229,0.964972981130266,0.959579796526542,0.956279883397894,0.949244594622911,0.954633541882959,0.95659284107626,0.960011262224713,0.949003352773018,0.938092011402764,0.908533075236044,0.886780882947416,0.807017734072042,0.802213794369659,0,1e+05,1760.73422354145,98439.282338158,5832433.15779137,58.3243315779137,2023,"Total","GMoH report",19.6606584220863
0,1,0.0173819,0.00656685,0.00684433,0.00662454,0.0064195,0.00795274,0.00834998,0.0100927,0.00859476,0.00830058,0.00820985,0.0105535,0.0129082,0.0189969,0.024444,0.0415346,0.0425462,0.152111,0.114605287645,0.0171184497569524,0.0259268840825253,0.0336459402051886,0.0325830802046527,0.0315905117741644,0.0389885357799043,0.0408961939951607,0.0492215540535103,0.0420698493539173,0.0406591634035886,0.0402236741715076,0.05141108284304,0.062523340539132,0.0906779978563087,0.115181272441123,0.188137464198729,0.192279133794393,1,0.982881550243048,0.974073115917475,0.966354059794811,0.967416919795347,0.968409488225836,0.961011464220096,0.959103806004839,0.95077844594649,0.957930150646083,0.959340836596411,0.959776325828492,0.94858891715696,0.937476659460868,0.909322002143691,0.884818727558877,0.811862535801271,0.807720866205607,0,1e+05,1711.84497569525,98484.341510148,5918977.9878465,59.189779878465,2023,"Total","GMoH report",18.795210121535
0,1,0.0171883,0.00665485,0.00680258,0.00671871,0.00667666,0.00775274,0.00863561,0.00976424,0.00879345,0.00817545,0.00800104,0.0102739,0.0127544,0.0181838,0.0231447,0.0423628,0.0416693,0.153724,0.114991606765,0.0169307529456206,0.0262697574098028,0.033444134007213,0.0330386079361827,0.0328352259015799,0.0380266727330882,0.0422655773930226,0.0476578434467586,0.0430214818755046,0.0400585091533555,0.0392206843394321,0.0500831273936753,0.061801400542308,0.0869655878587358,0.109393784206679,0.191529667503687,0.188690044791431,1,0.983069247054379,0.973730242590197,0.966555865992787,0.966961392063817,0.96716477409842,0.961973327266912,0.957734422606977,0.952342156553241,0.956978518124495,0.959941490846644,0.960779315660568,0.949916872606325,0.938198599457692,0.913034412141264,0.890606215793321,0.808470332496313,0.811309955208569,0,1e+05,1693.07529456206,98501.6141539338,5925313.31439906,59.2531331439906,2023,"Total","GMoH report",18.7318568560094
0,1,0.0172323,0.00636292,0.00640927,0.00670906,0.0063687,0.00760047,0.00874784,0.00983022,0.00885509,0.00786201,0.00793964,0.0104114,0.0126742,0.0191213,0.0235459,0.0411729,0.0422278,0.153023,0.114903806965,0.0169734173124504,0.025131856021369,0.0315409636202442,0.0329919377748802,0.031344441636376,0.0372937253973235,0.0428031130390805,0.0479721578364817,0.0433165207751235,0.0385523035106898,0.0389255626150967,0.050736407419482,0.0614247268183957,0.0912447064847337,0.111184643742272,0.186651990636778,0.190977591187166,1,0.98302658268755,0.974868143978631,0.968459036379756,0.96700806222512,0.968655558363624,0.962706274602676,0.95719688696092,0.952027842163518,0.956683479224877,0.96144769648931,0.961074437384903,0.949263592580518,0.938575273181604,0.908755293515266,0.888815356257728,0.813348009363222,0.809022408812834,0,1e+05,1697.34173124505,98497.6892953956,5948437.58941949,59.4843758941949,2023,"Total","GMoH report",18.5006141058051
0,1,0.017776,0.00684319,0.00704296,0.00704605,0.00694945,0.0084142,0.0090074,0.0106585,0.00914128,0.00857748,0.00833928,0.0107179,0.0130527,0.0194103,0.0237882,0.0409162,0.0438441,0.152398,0.1138188808,0.0175003217096262,0.0270031841603712,0.0346054873421714,0.0346204071996277,0.0341538734110588,0.0412042480403473,0.0440451688649154,0.051909311508224,0.0446852001831739,0.0419870424576509,0.0408448582267177,0.0521910537622052,0.0632011363198933,0.0925599585894767,0.112264569896,0.185596265231352,0.197565316290112,1,0.982499678290374,0.972996815839629,0.965394512657828,0.965379592800372,0.965846126588941,0.958795751959653,0.955954831135085,0.948090688491776,0.955314799816826,0.958012957542349,0.959155141773282,0.947808946237795,0.936798863680107,0.907440041410523,0.887735430104,0.814403734768648,0.802434683709888,0,1e+05,1750.03217096262,98449.1545321004,5841541.04129586,58.4154104129586,2023,"Total","GMoH report",19.5695795870414
0,1,0.0169334,0.00609387,0.00644134,0.00619916,0.00630703,0.00744941,0.00814599,0.00938883,0.00815026,0.00760943,0.00713181,0.0102342,0.012075,0.0180529,0.0234197,0.0411215,0.0419309,0.150972,0.11550024697,0.016683521092716,0.0240819751482072,0.0316962836506739,0.0305227612976846,0.0310456356120641,0.0365660610479225,0.0399170404687793,0.0458675435770927,0.0399375465300451,0.0373368692672297,0.03503440323172,0.0498944261594962,0.0586058363162046,0.0863665818368919,0.110621683403016,0.186440697177535,0.189762245636139,1,0.983316478907284,0.975918024851793,0.968303716349326,0.969477238702315,0.968954364387936,0.963433938952078,0.960082959531221,0.954132456422907,0.960062453469955,0.96266313073277,0.96496559676828,0.950105573840504,0.941394163683795,0.913633418163108,0.889378316596984,0.813559302822465,0.810237754363861,0,1e+05,1668.3521092716,98524.3429713822,6024632.34530559,60.2463234530559,2023,"Total","GMoH report",17.7386665469441
0,1,0.0173822,0.00669069,0.007163,0.00683608,0.00687899,0.008106,0.00904317,0.0101817,0.00924814,0.00884951,0.00814574,0.0100266,0.0128903,0.0189378,0.0239954,0.0411893,0.044302,0.153336,0.11460468901,0.0171187405564112,0.0264093662348523,0.0351849259387518,0.0336060656173858,0.0338134441397429,0.03972497341377,0.0442162131688936,0.0496448281334833,0.0451957582507278,0.0432898158542492,0.0399158398664163,0.048907070907107,0.0624393452691914,0.0904086477753977,0.113187077029609,0.186719396866606,0.199422915044272,1,0.982881259443589,0.973590633765148,0.964815074061248,0.966393934382614,0.966186555860257,0.96027502658623,0.955783786831106,0.950355171866517,0.954804241749272,0.956710184145751,0.960084160133584,0.951092929092893,0.937560654730809,0.909591352224602,0.886812922970391,0.813280603133394,0.800577084955728,0,1e+05,1711.87405564112,98484.3147381299,5865777.93850195,58.6577793850195,2023,"Total","GMoH report",19.3272106149805
0,1,0.0174783,0.00608069,0.00641171,0.00632354,0.00649,0.00744517,0.00811306,0.00953552,0.00794577,0.00788521,0.00767292,0.0100157,0.0123511,0.0177552,0.0231744,0.0398111,0.0425904,0.152906,0.114412926265,0.0172118848667432,0.0240305157661716,0.0315527817837729,0.0311256394350177,0.0319319048439076,0.0365456289492891,0.0397588844620655,0.0465674869911162,0.0389550307140089,0.0386638681995849,0.037642529702488,0.0488552023739579,0.0599057453708745,0.0850028916456336,0.109526474191255,0.181037268045304,0.192459664737419,1,0.982788115133257,0.975969484233828,0.968447218216227,0.968874360564982,0.968068095156092,0.963454371050711,0.960241115537935,0.953432513008884,0.961044969285991,0.961336131800415,0.962357470297512,0.951144797626042,0.940094254629126,0.914997108354366,0.890473525808745,0.818962731954696,0.807540335262581,0,1e+05,1721.18848667432,98475.7377247397,6009969.08290647,60.0996908290647,2023,"Total","GMoH report",17.8852991709353
0,1,0.0172503,0.00653108,0.00656725,0.00643526,0.00655541,0.00785419,0.00864607,0.00947398,0.00873462,0.00794872,0.00782859,0.0100291,0.0126129,0.0188357,0.0240068,0.0413988,0.0436713,0.151169,0.114867888865,0.0169908698998583,0.0257874798126899,0.0323058485404321,0.0316668391418599,0.032248543931564,0.038514695656308,0.0423156889775056,0.0462739048766908,0.0427398100019029,0.0389692116205194,0.038391570340863,0.0489189669708808,0.0611367216100127,0.089943144770133,0.11323780656348,0.187580029669315,0.196863308489866,1,0.983009130100142,0.97421252018731,0.967694151459568,0.96833316085814,0.967751456068436,0.961485304343692,0.957684311022494,0.953726095123309,0.957260189998097,0.961030788379481,0.961608429659137,0.951081033029119,0.938863278389987,0.910056855229867,0.88676219343652,0.812419970330685,0.803136691510134,0,1e+05,1699.08698998584,98496.0835455518,5950026.11789019,59.5002611789019,2023,"Total","GMoH report",18.4847288210981
0,1,0.0174856,0.00661103,0.00678304,0.00671018,0.00678783,0.00800785,0.00877714,0.00978975,0.00882385,0.00827308,0.00822826,0.0102212,0.0127425,0.0187157,0.0235141,0.041412,0.0424687,0.153438,0.11439835948,0.0172189596565031,0.0260990369672765,0.0333496696420775,0.032997354528967,0.033372827304101,0.0392534114233341,0.0429433994278643,0.0477793795476827,0.0431670021208401,0.0405271883220907,0.0403120548293251,0.0498326268852024,0.0617455193007747,0.0893957403555682,0.111042820061953,0.187634228339964,0.191962504918427,1,0.982781040343497,0.973900963032724,0.966650330357922,0.967002645471033,0.966627172695899,0.960746588576666,0.957056600572136,0.952220620452317,0.95683299787916,0.959472811677909,0.959687945170675,0.950167373114798,0.938254480699225,0.910604259644432,0.888957179938047,0.812365771660036,0.808037495081573,0,1e+05,1721.89596565031,98475.0861080153,5909483.59463545,59.0948359463545,2023,"Total","GMoH report",18.8901540536455
0,1,0.018012,0.00725927,0.00709922,0.00699128,0.00689817,0.0083637,0.00931927,0.0107531,0.00937313,0.00846705,0.00825585,0.0107225,0.0130298,0.0190142,0.0243918,0.0423485,0.0428495,0.153406,0.1133479546,0.0177288633744795,0.0286215370691993,0.0348770994943198,0.0343559203528881,0.0339061244733541,0.0409620149881099,0.0455354569551538,0.052357973682974,0.045792600017495,0.0414576891820283,0.0404444908750236,0.0522128687861025,0.0630937525573215,0.090756828766185,0.114949440587683,0.191471204265415,0.193517210700249,1,0.98227113662552,0.971378462930801,0.96512290050568,0.965644079647112,0.966093875526646,0.95903798501189,0.954464543044846,0.947642026317026,0.954207399982505,0.958542310817972,0.959555509124976,0.947787131213897,0.936906247442678,0.909243171233815,0.885050559412317,0.808528795734585,0.806482789299751,0,1e+05,1772.88633744796,98428.0667026401,5821806.55084189,58.2180655084189,2023,"Total","GMoH report",19.7669244915811
0,1,0.0173426,0.00638606,0.0067112,0.00672261,0.00669471,0.00764667,0.00854652,0.0101014,0.0089744,0.00794106,0.00771609,0.0103246,0.0126771,0.0188385,0.024018,0.0418066,0.0421994,0.153477,0.11468370883,0.0170803536086083,0.0252221003082115,0.0330022876183395,0.0330574688237765,0.0329225329731975,0.0375161656539473,0.0418386625836392,0.0492629383854822,0.0438873435598903,0.0389323889093194,0.0378503090226339,0.0503240605120921,0.0614383497412384,0.0899559137949353,0.113287643449099,0.189252944614227,0.19086140777215,1,0.982919646391392,0.974777899691789,0.96699771238166,0.966942531176224,0.967077467026803,0.962483834346053,0.958161337416361,0.950737061614518,0.95611265644011,0.961067611090681,0.962149690977366,0.949675939487908,0.938561650258762,0.910044086205065,0.886712356550901,0.810747055385773,0.80913859222785,0,1e+05,1708.03536086083,98487.8484691355,5928448.11508908,59.2844811508908,2023,"Total","GMoH report",18.7005088491092
0,1,0.0169466,0.00627236,0.00677021,0.00670606,0.00663502,0.00814562,0.00854419,0.00983831,0.00827642,0.00828379,0.00790047,0.00987921,0.0125948,0.0178898,0.0233905,0.0412256,0.043078,0.150068,0.11547390703,0.0166963269035354,0.0247785994084291,0.0332876392300213,0.0329774284651672,0.0326337854521236,0.0399152635767597,0.0418274948421124,0.048010689874258,0.0405432182441494,0.0405785887311372,0.0387372439163897,0.04820547009447,0.061051666186777,0.0856197016534024,0.110491378526443,0.186868576981934,0.194448832936864,1,0.983303673096465,0.975221400591571,0.966712360769979,0.967022571534833,0.967366214547876,0.96008473642324,0.958172505157888,0.951989310125742,0.959456781755851,0.959421411268863,0.96126275608361,0.95179452990553,0.938948333813223,0.914380298346598,0.889508621473557,0.813131423018066,0.805551167063136,0,1e+05,1669.63269035354,98523.1663197066,5947512.42627095,59.4751242627095,2023,"Total","GMoH report",18.5098657372905
0,1,0.0171059,0.00628952,0.00653941,0.00619627,0.00623478,0.00732583,0.00798264,0.00925625,0.00852824,0.00777841,0.00759926,0.0093919,0.0124769,0.018026,0.0229488,0.0415609,0.0420881,0.152153,0.115156031845,0.0168508447305861,0.0248455468720743,0.0321710999678973,0.030508748886345,0.0306954515317472,0.0359703679975316,0.039132253274306,0.0452344955025122,0.0417510427186135,0.0381501806336437,0.0372878989034475,0.0458821974738631,0.0604974484631745,0.0862434394032907,0.108518099590305,0.188245381327921,0.190405939449626,1,0.983149155269414,0.975154453127926,0.967828900032103,0.969491251113655,0.969304548468253,0.964029632002468,0.960867746725694,0.954765504497488,0.958248957281386,0.961849819366356,0.962712101096553,0.954117802526137,0.939502551536825,0.913756560596709,0.891481900409695,0.811754618672079,0.809594060550374,0,1e+05,1685.08447305861,98508.9631681824,6016902.82809964,60.1690282809964,2023,"Total","GMoH report",17.8159617190036
0,1,0.0169249,0.0061109,0.00624854,0.00605057,0.00589772,0.007247,0.00787318,0.00937182,0.00834221,0.00712576,0.00691265,0.00963554,0.0122378,0.0176305,0.0234311,0.0408643,0.041673,0.151573,0.115517208295,0.0166752747587096,0.0241484623231786,0.0307621536313706,0.0298020515030923,0.0290601287437633,0.0355901946484566,0.0386060196456163,0.0457863465052382,0.0408589158588332,0.0350052033062216,0.0339760879884172,0.0470444532229796,0.0593725272160874,0.0844310939933745,0.110672550977007,0.185382667637185,0.188705218566677,1,0.98332472524129,0.975851537676821,0.969237846368629,0.970197948496908,0.970939871256237,0.964409805351543,0.961393980354384,0.954213653494762,0.959141084141167,0.964994796693778,0.966023912011583,0.95295554677702,0.940627472783913,0.915568906006625,0.889327449022993,0.814617332362816,0.811294781433323,0,1e+05,1667.52747587097,98525.1006428969,6062746.35990994,60.6274635990994,2023,"Total","GMoH report",17.3575264009006
0,1,0.0172237,0.006373,0.00689646,0.00653211,0.0065037,0.00799462,0.00874259,0.0102657,0.00875032,0.00809033,0.00818011,0.0098603,0.0121787,0.0179643,0.0240574,0.0416352,0.0418842,0.152939,0.114920967835,0.0169650786455048,0.0251711682889886,0.0338978618786706,0.0321357641343509,0.031998232734413,0.0391898304933531,0.0427779742747141,0.0500441543126808,0.0428149878879606,0.0396497020647365,0.0400808848819214,0.0481154188390532,0.0590942714895263,0.0859609301559966,0.113462941573476,0.18855018802849,0.189570932837155,1,0.983034921354495,0.974828831711011,0.966102138121329,0.967864235865649,0.968001767265587,0.960810169506647,0.957222025725286,0.949955845687319,0.957185012112039,0.960350297935263,0.959919115118079,0.951884581160947,0.940905728510474,0.914039069844003,0.886537058426524,0.81144981197151,0.810429067162845,0,1e+05,1696.50786455048,98498.4564611833,5930206.64163125,59.3020664163125,2023,"Total","GMoH report",18.6829235836875
0,1,0.0169715,0.00668417,0.00663124,0.00660528,0.00658374,0.00793489,0.00863452,0.00973466,0.00938157,0.00846368,0.00764832,0.0100901,0.0126226,0.0189559,0.0242644,0.0421487,0.042697,0.152047,0.115424220325,0.0167204824555344,0.0263839701169271,0.0326154970287084,0.0324898879817793,0.0323856531990187,0.0389027278348268,0.0422603552925485,0.0475168978870374,0.0458328888620951,0.0414415303705828,0.0375241090163207,0.0492091859813246,0.0611823007271051,0.0904911471589253,0.114383389226152,0.190653958724746,0.192894914580401,1,0.983279517544466,0.973616029883073,0.967384502971292,0.967510112018221,0.967614346800981,0.961097272165173,0.957739644707452,0.952483102112963,0.954167111137905,0.958558469629417,0.962475890983679,0.950790814018675,0.938817699272895,0.909508852841075,0.885616610773848,0.809346041275254,0.807105085419598,0,1e+05,1672.04824555345,98520.9466195353,5920039.16896653,59.2003916896653,2023,"Total","GMoH report",18.7845983103347
0,1,0.0175296,0.00662783,0.00694549,0.00670767,0.00680405,0.00829439,0.00877816,0.0103525,0.00919551,0.00823064,0.00785435,0.0101619,0.0130998,0.0184859,0.024167,0.0413405,0.0438461,0.1532,0.11431055968,0.0172616001655383,0.0261644923848735,0.0341347436974913,0.0329852151546589,0.0334512402224117,0.0406294585629746,0.0429482827556149,0.0504566196136249,0.0449443347997636,0.0403234798838225,0.0385154651409259,0.0495506774276206,0.0634219624410372,0.0883465846758517,0.113950401610686,0.187340613426595,0.197573438180486,1,0.982738399834462,0.973835507615126,0.965865256302509,0.967014784845341,0.966548759777588,0.959370541437025,0.957051717244385,0.949543380386375,0.955055665200236,0.959676520116177,0.961484534859074,0.950449322572379,0.936578037558963,0.911653415324148,0.886049598389314,0.812659386573405,0.802426561819514,0,1e+05,1726.16001655384,98471.1583010357,5885033.77497268,58.8503377497268,2023,"Total","GMoH report",19.1346522502732
0,1,0.0173616,0.00636609,0.00679436,0.00666621,0.00655657,0.00784273,0.00840543,0.00941258,0.00904832,0.00816897,0.0076268,0.00999661,0.0122151,0.0189392,0.0229244,0.0407028,0.042547,0.152219,0.11464579528,0.017098771945541,0.0251442192742409,0.0334043962654743,0.0327846761598413,0.0322541583819442,0.038459579750263,0.0411621853313752,0.0459809026874553,0.0442408368771689,0.0400273935571339,0.0374205032642604,0.048764354417467,0.0592656600886285,0.0904150291975542,0.108408973329512,0.184717682755816,0.192282401643215,1,0.982901228054459,0.974855780725759,0.966595603734526,0.967215323840159,0.967745841618056,0.961540420249737,0.958837814668625,0.954019097312545,0.955759163122831,0.959972606442866,0.96257949673574,0.951235645582533,0.940734339911371,0.909584970802446,0.891591026670488,0.815282317244184,0.807717598356785,0,1e+05,1709.87719455409,98486.1530362467,5950443.12167141,59.5044312167141,2023,"Total","GMoH report",18.4805587832859
0,1,0.0168732,0.00602243,0.00625542,0.0063197,0.00594375,0.00749089,0.00779053,0.0091046,0.00813637,0.00778066,0.00695962,0.00941317,0.0125537,0.0175773,0.0229246,0.0413248,0.0420761,0.151476,0.11562037306,0.0166251148111604,0.0238030160046463,0.0307955029867663,0.0311070322211795,0.0292836138011732,0.0367659262272096,0.0382084890495128,0.0445098881801867,0.0398708402292106,0.0381610054777978,0.0342030002878418,0.0459837185989889,0.0608585015720378,0.0841870475238956,0.108409867858242,0.187276128601882,0.190356818656335,1,0.98337488518884,0.976196983995354,0.969204497013234,0.96889296777882,0.970716386198827,0.96323407377279,0.961791510950487,0.955490111819813,0.960129159770789,0.961838994522202,0.965796999712158,0.954016281401011,0.939141498427962,0.915812952476104,0.891590132141758,0.812723871398118,0.809643181343665,0,1e+05,1662.51148111605,98529.7087165471,6052996.0282093,60.529960282093,2023,"Total","GMoH report",17.455029717907
0,1,0.0174799,0.00691551,0.00740649,0.00723903,0.00733509,0.00844629,0.00971552,0.0105928,0.00927376,0.00913477,0.00835082,0.0103078,0.0134851,0.0191159,0.0238805,0.0419537,0.0431402,0.154133,0.114409733545,0.0172134355139149,0.0272846652492444,0.0363592146016132,0.0355517495462063,0.0360150165309844,0.0413581428295015,0.0474256869742206,0.0515975925539854,0.0453181264296055,0.044654087942709,0.0409002239789796,0.050244231281979,0.0652265341604812,0.0912201135771752,0.112675624379984,0.189855634198786,0.194702263527434,1,0.982786564486085,0.972715334750756,0.963640785398387,0.964448250453794,0.963984983469016,0.958641857170498,0.95257431302578,0.948402407446015,0.954681873570395,0.955345912057291,0.95909977602102,0.949755768718021,0.934773465839519,0.908779886422825,0.887324375620016,0.810144365801214,0.805297736472566,0,1e+05,1721.3435513915,98475.5949056626,5798181.55181923,57.9818155181923,2023,"Total","GMoH report",20.0031744818077
0,1,0.0169971,0.0058583,0.00632565,0.00636265,0.00625681,0.00740098,0.00792102,0.00929339,0.00830551,0.00781419,0.00709775,0.00973364,0.0120888,0.018216,0.0226473,0.0409627,0.0412053,0.151717,0.115373136805,0.0167453159019804,0.0231618221940808,0.0311358635616531,0.0313151319394142,0.0308022405827486,0.0363326568335697,0.0388360472328688,0.0454118743525274,0.040682821057203,0.0383223055578326,0.0348700035802212,0.0475120373323508,0.0586708495838761,0.0871128794689825,0.107168790620453,0.185787596093729,0.186785154212789,1,0.98325468409802,0.976838177805919,0.968864136438347,0.968684868060586,0.969197759417251,0.96366734316643,0.961163952767131,0.954588125647473,0.959317178942797,0.961677694442167,0.965129996419779,0.952487962667649,0.941329150416124,0.912887120531018,0.892831209379547,0.814212403906271,0.813214845787211,0,1e+05,1674.53159019804,98518.6643720422,6038693.70727399,60.3869370727399,2023,"Total","GMoH report",17.5980529272601
0,1,0.0172624,0.0058264,0.00613145,0.00631319,0.00611709,0.00727099,0.00812182,0.00943833,0.00804339,0.00767444,0.00748967,0.00948237,0.0124781,0.0181509,0.0230017,0.0400129,0.0422311,0.152036,0.11484374392,0.0170026015849523,0.0230371526673974,0.0301944111937157,0.0310754863754238,0.030124760324664,0.0357059067722943,0.0398009594292214,0.0461037929692611,0.0394241896676723,0.0376498462842066,0.0367600484203685,0.0463139353227833,0.0605030909519802,0.0868150708273018,0.108754645666909,0.181871486040523,0.190991090404994,1,0.982997398415048,0.976962847332603,0.969805588806284,0.968924513624576,0.969875239675336,0.964294093227706,0.960199040570779,0.953896207030739,0.960575810332328,0.962350153715793,0.963239951579631,0.953686064677217,0.93949690904802,0.913184929172698,0.891245354333091,0.818128513959477,0.809008909595006,0,1e+05,1700.26015849522,98495.0040837444,6044212.17601148,60.4421217601148,2023,"Total","GMoH report",17.5428682398852
0,1,0.0169465,0.00578357,0.00624332,0.00582401,0.00609666,0.00733336,0.00776522,0.00897941,0.00806156,0.00742244,0.00741949,0.00980542,0.0118546,0.017675,0.0233371,0.0402273,0.0418547,0.152153,0.115474106575,0.0166962298910099,0.0228697424868902,0.0307368500237739,0.0287021460361599,0.0300256594082798,0.0360066752205123,0.0380867205888722,0.0439113059505856,0.0395114893939042,0.0364360883018618,0.0364218707357373,0.0478540278945066,0.0575669180336944,0.0846351828574849,0.110253034756462,0.182756953055842,0.189450061298431,1,0.98330377010899,0.97713025751311,0.969263149976226,0.97129785396384,0.96997434059172,0.963993324779488,0.961913279411128,0.956088694049414,0.960488510606096,0.963563911698138,0.963578129264263,0.952145972105493,0.942433081966306,0.915364817142515,0.889746965243538,0.817243046944158,0.810549938701569,0,1e+05,1669.622989101,98523.1752338825,6074828.32358609,60.7482832358609,2023,"Total","GMoH report",17.2367067641391
0,1,0.0171954,0.00631023,0.00683899,0.00662459,0.00655405,0.00804736,0.00837122,0.0098867,0.00897571,0.00783147,0.00777577,0.010447,0.0128925,0.0181782,0.0240737,0.041142,0.0431982,0.153731,0.11497743907,0.0169376376617768,0.0249263381464759,0.033620130656602,0.0325833221252064,0.0322419614316965,0.039443264624969,0.0409980899241626,0.0482411359041413,0.0438936092317072,0.0384054227105132,0.0381374793308587,0.0509054762247014,0.0624496691027326,0.0869399696110414,0.113535453860968,0.186524973817954,0.194938517349574,1,0.983062362338223,0.975073661853524,0.966379869343398,0.967416677874794,0.967758038568304,0.960556735375031,0.959001910075837,0.951758864095859,0.956106390768293,0.961594577289487,0.961862520669141,0.949094523775299,0.937550330897267,0.913060030388959,0.886464546139032,0.813475026182046,0.805061482650426,0,1e+05,1693.76376617768,98500.980854047,5932793.5479307,59.327935479307,2023,"Total","GMoH report",18.657054520693
0,1,0.016775,0.00639616,0.00651544,0.00632762,0.00637804,0.00742376,0.00808345,0.00918322,0.00811245,0.00758072,0.00719494,0.0095147,0.0119364,0.0178182,0.0225206,0.0411233,0.0417479,0.152792,0.11581632625,0.0165298266176072,0.0252614869749407,0.0320550678222702,0.0311454092143675,0.0313896882813845,0.036442449993589,0.0396166519372447,0.0448856138333336,0.0397559545169475,0.0371986192084846,0.0353390442425439,0.0464681731815732,0.0579526354068249,0.0852916411970565,0.106601192935918,0.186448097391364,0.189012330335922,1,0.983470173382393,0.974738513025059,0.96794493217773,0.968854590785633,0.968610311718616,0.963557550006411,0.960383348062755,0.955114386166666,0.960244045483053,0.962801380791515,0.964660955757456,0.953531826818427,0.942047364593175,0.914708358802943,0.893398807064082,0.813551902608636,0.810987669664078,0,1e+05,1652.98266176072,98538.4597174794,6026301.72165319,60.2630172165319,2023,"Total","GMoH report",17.7219727834681
0,1,0.0170368,0.00601619,0.00613367,0.00606008,0.00596378,0.00716888,0.00789498,0.00927568,0.00783803,0.00748363,0.00756765,0.00956851,0.0118814,0.0177329,0.0226948,0.0417034,0.04166,0.151846,0.11529391744,0.0167838247840547,0.0237786462919299,0.0302051785068694,0.029848193892884,0.0293808477199616,0.0352133001913113,0.0387108466007598,0.0453272962615321,0.0384369745999411,0.0367309479401663,0.0371356755130099,0.046724832434017,0.0576933068596931,0.084900662600432,0.107381496058149,0.188829879960172,0.188651904179686,1,0.983216175215945,0.97622135370807,0.969794821493131,0.970151806107116,0.970619152280038,0.964786699808689,0.96128915339924,0.954672703738468,0.961563025400059,0.963269052059834,0.96286432448699,0.953275167565983,0.942306693140307,0.915099337399568,0.892618503941851,0.811170120039828,0.811348095820314,0,1e+05,1678.38247840547,98515.1248124925,6067080.73825199,60.6708073825199,2023,"Total","GMoH report",17.3141826174801
0,1,0.0168722,0.00647301,0.00671147,0.00652046,0.00670553,0.00740338,0.00837723,0.00990141,0.00875778,0.00801507,0.00749425,0.00969979,0.0124637,0.0182001,0.0236299,0.0413711,0.0420052,0.151302,0.11562236851,0.0166241445514314,0.0255611251624247,0.0330035934319728,0.0320793693877056,0.0329748651315363,0.036344224733727,0.041026920134602,0.0483111780464478,0.0428507073308794,0.0392881076671996,0.0367821141034505,0.0473507199015162,0.0604353789194055,0.0870401513533832,0.111559169926391,0.187466284040799,0.190066542203576,1,0.983375855448569,0.974438874837575,0.966996406568027,0.967920630612294,0.967025134868464,0.963655775266273,0.958973079865398,0.951688821953552,0.95714929266912,0.9607118923328,0.96321788589655,0.952649280098484,0.939564621080594,0.912959848646617,0.888440830073609,0.812533715959201,0.809933457796424,0,1e+05,1662.41445514315,98529.7978416058,5964201.40372475,59.6420140372475,2023,"Total","GMoH report",18.3429759627525
0,1,0.01706,0.00627828,0.00666173,0.00642447,0.0063098,0.00772084,0.00825387,0.00954208,0.00862041,0.00809542,0.00728002,0.0100608,0.0118412,0.0182282,0.0241677,0.0419394,0.042194,0.153125,0.115247623,0.0168063273859566,0.0248016960158749,0.0327630042787651,0.0316145826554193,0.0310590588757643,0.0378731683178127,0.0404349871808931,0.0465987768582901,0.0421927529268545,0.0396741526773322,0.035749458075552,0.0490697964789612,0.0575037174522607,0.0871686796825274,0.113953514140751,0.189797062674204,0.190839314870849,1,0.983193672614043,0.975198303984125,0.967236995721235,0.968385417344581,0.968940941124236,0.962126831682187,0.959565012819107,0.95340122314171,0.957807247073145,0.960325847322668,0.964250541924448,0.950930203521039,0.942496282547739,0.912831320317473,0.886046485859249,0.810202937325796,0.809160685129152,0,1e+05,1680.63273859565,98513.0561896635,5979000.12836334,59.7900012836334,2023,"Total","GMoH report",18.1949887163666
0,1,0.0173033,0.00629653,0.00659608,0.00653213,0.00642859,0.00772342,0.00823804,0.00945213,0.00847924,0.00812178,0.00758559,0.0099884,0.0126421,0.0182961,0.0233976,0.0404406,0.0419514,0.151081,0.114762130015,0.0170422546435507,0.0248728941515756,0.0324453693700146,0.0321358609465874,0.0316345363400739,0.0378855843012403,0.0403590023114945,0.0461696462538857,0.0415161367809047,0.0398007673101886,0.0372220715653858,0.0487252810079505,0.0612739223651683,0.0874791804178906,0.11052306390022,0.183637021655134,0.189846213859714,1,0.982957745356449,0.975127105848424,0.967554630629985,0.967864139053413,0.968365463659926,0.96211441569876,0.959640997688505,0.953830353746114,0.958483863219095,0.960199232689811,0.962777928434614,0.95127471899205,0.938726077634832,0.912520819582109,0.88947693609978,0.816362978344866,0.810153786140286,0,1e+05,1704.22546435507,98491.3550799601,5978683.99876769,59.7868399876769,2023,"Total","GMoH report",18.1981500123231
0,1,0.0175086,0.0066399,0.00702987,0.00671956,0.0067053,0.00799932,0.00884763,0.00986378,0.00887778,0.00863185,0.00798109,0.0102837,0.0123801,0.0186991,0.0237289,0.0425198,0.0433661,0.152621,0.11435246413,0.0172412494541849,0.0262115163057627,0.0345422806439242,0.0330427186732795,0.0329737527393914,0.039212418295207,0.043280818333226,0.0481319915607083,0.0434251037070295,0.0422475634241433,0.0391248035540079,0.0501297029348229,0.0600421795329115,0.0893199913732798,0.112000385151921,0.19217128815479,0.195622082969356,1,0.982758750545815,0.973788483694237,0.965457719356076,0.96695728132672,0.967026247260609,0.960787581704793,0.956719181666774,0.951868008439292,0.95657489629297,0.957752436575857,0.960875196445992,0.949870297065177,0.939957820467089,0.91068000862672,0.887999614848079,0.80782871184521,0.804377917030644,0,1e+05,1724.12494541849,98473.0329905581,5897538.00810582,58.9753800810582,2023,"Total","GMoH report",19.0096099189417
0,1,0.0175924,0.00687923,0.00730859,0.00695472,0.00719071,0.0084247,0.00907702,0.0106353,0.0091843,0.00864186,0.00822645,0.0111731,0.0131268,0.0192438,0.0251297,0.0415709,0.0424887,0.153561,0.11418524542,0.0173224536810965,0.0271434676855866,0.0358872372419153,0.0341793308110544,0.0353186348480298,0.0412546058061621,0.0443780489062915,0.0517992486276752,0.0448907741572685,0.0422955200918477,0.0403033659381943,0.0543474269109531,0.0635485279580022,0.0918024309482931,0.118221333395432,0.188286411083701,0.192044226214138,1,0.982677546318903,0.972856532314413,0.964112762758085,0.965820669188946,0.96468136515197,0.958745394193838,0.955621951093709,0.948200751372325,0.955109225842732,0.957704479908152,0.959696634061806,0.945652573089047,0.936451472041998,0.908197569051707,0.881778666604568,0.811713588916299,0.807955773785862,0,1e+05,1732.24536810965,98465.5514943756,5821731.95957693,58.2173195957693,2023,"Total","GMoH report",19.7676704042306
0,1,0.017171,0.00654575,0.00686335,0.00690208,0.00669618,0.00796736,0.00833326,0.0101176,0.00900452,0.00837489,0.00793569,0.0102762,0.0126651,0.0192241,0.0236433,0.0413583,0.0425599,0.152129,0.11502612805,0.0169139771257813,0.0258446547029563,0.0337378630933457,0.0339250170458701,0.0329296429585348,0.0390588109793882,0.0408159746771546,0.0493399941870332,0.0440313960344497,0.0410156951618646,0.0389065737297955,0.0500940585878489,0.0613819777829528,0.0917127617424666,0.111618902033857,0.187413718060814,0.192335094074271,1,0.983086022874219,0.974155345297044,0.966262136906654,0.96607498295413,0.967070357041465,0.960941189020612,0.959184025322845,0.950660005812967,0.95596860396555,0.958984304838135,0.961093426270204,0.949905941412151,0.938618022217047,0.908287238257533,0.888381097966143,0.812586281939186,0.807664905925729,0,1e+05,1691.39771257812,98503.1572172924,5909656.71968926,59.0965671968926,2023,"Total","GMoH report",18.8884228031074
0,1,0.0174612,0.00628983,0.00676676,0.00668898,0.00671553,0.00779944,0.00818017,0.00965463,0.00867522,0.00803358,0.00770741,0.00991014,0.0122928,0.0181601,0.0233895,0.0422185,0.0430815,0.152857,0.11444704846,0.0171953120333751,0.024846756254219,0.0332709585217828,0.0328948180499014,0.0330232287908947,0.0382513521842992,0.0400811729780994,0.0471354614007414,0.0424553267506652,0.0393770532317463,0.037808535292503,0.0483527438477126,0.0596314075821843,0.0868571630817957,0.110486915712364,0.19093954685297,0.1944630953899,1,0.982804687966625,0.975153243745781,0.966729041478217,0.967105181950099,0.966976771209105,0.961748647815701,0.959918827021901,0.952864538599259,0.957544673249335,0.960622946768254,0.962191464707497,0.951647256152287,0.940368592417816,0.913142836918204,0.889513084287636,0.80906045314703,0.8055369046101,0,1e+05,1719.53120333751,98477.2640676193,5952160.60328128,59.5216060328128,2023,"Total","GMoH report",18.4633839671872
0,1,0.0176284,0.00636596,0.00686453,0.00661262,0.00637461,0.00755319,0.00836414,0.00951082,0.00867258,0.00853554,0.00762447,0.0103243,0.0123377,0.0186942,0.0237519,0.0411432,0.0427613,0.154056,0.11411340922,0.0173573346159208,0.0251437122669146,0.0337435657023236,0.032525404646811,0.0313730722497648,0.037066033025039,0.0409641257922402,0.0464496640162035,0.0424426811311882,0.0417860340865326,0.0374092850706436,0.0503226350474491,0.0598426968962576,0.0892976305857592,0.112102860187766,0.186529906842041,0.193157351376464,1,0.982642665384079,0.974856287733085,0.966256434297676,0.967474595353189,0.968626927750235,0.962933966974961,0.95903587420776,0.953550335983796,0.957557318868812,0.958213965913467,0.962590714929356,0.949677364952551,0.940157303103742,0.910702369414241,0.887897139812235,0.813470093157959,0.806842648623536,0,1e+05,1735.73346159208,98462.3370012074,5948704.61228976,59.4870461228977,2023,"Total","GMoH report",18.4979438771023
0,1,0.0174433,0.0061886,0.00634799,0.00626279,0.00620792,0.00748927,0.00804017,0.00923931,0.0080894,0.00798772,0.00731557,0.0100878,0.0121371,0.017982,0.0239595,0.0410078,0.0408075,0.151673,0.114482767015,0.0171779632912542,0.0244517557289911,0.03124410680609,0.0308312262612089,0.0305652336862363,0.0367581212629231,0.0394087180191107,0.0451535801875924,0.0396452345981052,0.0391566687350296,0.0359208954374123,0.0491982448636609,0.0588983617344811,0.0860419826691101,0.113027305674245,0.18597312791293,0.185148846151665,1,0.982822036708746,0.975548244271009,0.96875589319391,0.969168773738791,0.969434766313764,0.963241878737077,0.960591281980889,0.954846419812408,0.960354765401895,0.96084333126497,0.964079104562588,0.950801755136339,0.941101638265519,0.91395801733089,0.886972694325755,0.81402687208707,0.814851153848335,0,1e+05,1717.79632912543,98478.8617478011,6020584.93206765,60.2058493206765,2023,"Total","GMoH report",17.7791406793235
0,1,0.0177145,0.00637971,0.00664399,0.00633727,0.0066,0.00781251,0.00805632,0.00944567,0.00824468,0.00796804,0.00773582,0.0097348,0.01213,0.0181657,0.0234955,0.0416026,0.0423338,0.151956,0.113941600975,0.0174407485885667,0.0251973365994463,0.032677182810448,0.0311921670389723,0.0324643384161338,0.0383142243478504,0.0394863140460611,0.0461388198341431,0.0403908753936487,0.039062079470735,0.0379452558276582,0.0475175650201057,0.0588649212627084,0.0868827835472876,0.110959856716305,0.188416463127708,0.191411101751664,1,0.982559251411433,0.974802663400554,0.967322817189552,0.968807832961028,0.967535661583866,0.96168577565215,0.960513685953939,0.953861180165857,0.959609124606351,0.960937920529265,0.962054744172342,0.952482434979894,0.941135078737292,0.913117216452712,0.889040143283695,0.811583536872292,0.808588898248336,0,1e+05,1744.07485885666,98454.6478227817,5980128.09460921,59.8012809460921,2023,"Total","GMoH report",18.1837090539079
0,1,0.0170853,0.0064257,0.00683937,0.00667403,0.00662615,0.00794827,0.00836403,0.00999765,0.00850801,0.0081411,0.00800061,0.0105652,0.0127803,0.0181912,0.024422,0.0411073,0.0415242,0.152762,0.115197138115,0.0168308657435315,0.0253766742090696,0.033621967313537,0.0328225040581028,0.0325908700165988,0.0389670484446472,0.0409635980916341,0.04876930392162,0.0416540669545256,0.0398935564195814,0.0392186178349096,0.0514666123675363,0.0619230132833374,0.0869994394908358,0.115083572482105,0.186382315595321,0.18809478619745,1,0.983169134256468,0.97462332579093,0.966378032686463,0.967177495941897,0.967409129983401,0.961032951555353,0.959036401908366,0.95123069607838,0.958345933045474,0.960106443580419,0.96078138216509,0.948533387632464,0.938076986716663,0.913000560509164,0.884916427517895,0.813617684404679,0.81190521380255,0,1e+05,1683.08657435316,98510.8001822121,5931191.18118721,59.3119118118721,2023,"Total","GMoH report",18.6730781881279
0,1,0.0172887,0.00617495,0.00649175,0.00638607,0.00647354,0.00772642,0.00836022,0.00946723,0.00879817,0.00792502,0.00780859,0.0100649,0.0123424,0.018658,0.0230919,0.0415412,0.0416874,0.152096,0.114791263585,0.0170281001120609,0.0243984811970644,0.0319403776337404,0.0314285871068366,0.0318522086333098,0.03790002129369,0.0409453202860945,0.0462416980230628,0.0430440772276451,0.0388552778645448,0.0382953679322939,0.0490893026933054,0.059864811380057,0.0891324183462397,0.1091578449032,0.188164547272146,0.188764270839512,1,0.982971899887939,0.975601518802936,0.96805962236626,0.968571412893163,0.96814779136669,0.96209997870631,0.959054679713906,0.953758301976937,0.956955922772355,0.961144722135455,0.961704632067706,0.950910697306695,0.940135188619943,0.91086758165376,0.8908421550968,0.811835452727854,0.811235729160488,0,1e+05,1702.81001120609,98492.6577016254,5977003.05028256,59.7700305028256,2023,"Total","GMoH report",18.2149594971744
0,1,0.0169232,0.00579016,0.0060948,0.00605644,0.00611063,0.00728823,0.00802905,0.00917976,0.00820594,0.00776617,0.00732509,0.00980265,0.0118349,0.0181962,0.0226166,0.0406359,0.0414419,0.152335,0.11552060056,0.0166736254761201,0.0228955027515759,0.0300166365095047,0.0298305329180347,0.0300934255279159,0.03578905287786,0.0393552861003401,0.0448690815010009,0.0402049024568334,0.0380912913888859,0.0359667998845836,0.0478408326544496,0.057474002324718,0.0870223115370249,0.107031290299529,0.184442075645675,0.187756984554479,1,0.98332637452388,0.977104497248424,0.969983363490495,0.970169467081965,0.969906574472084,0.96421094712214,0.96064471389966,0.955130918498999,0.959795097543167,0.961908708611114,0.964033200115416,0.95215916734555,0.942525997675282,0.912977688462975,0.892968709700471,0.815557924354325,0.812243015445521,0,1e+05,1667.36254761201,98525.2521752394,6060194.84895322,60.6019484895322,2023,"Total","GMoH report",17.3830415104678
0,1,0.0175731,0.00667765,0.00683951,0.00687109,0.00669709,0.00812491,0.00847986,0.0102139,0.00907147,0.00819163,0.00780086,0.0104532,0.0122765,0.017937,0.0243027,0.0414153,0.0427878,0.152236,0.114223757605,0.0173037526502725,0.0263585733454002,0.0336226439757535,0.0337752677389785,0.0329340443522721,0.0398158005106819,0.0415191094121507,0.0497979224984819,0.0443515163743881,0.0401361977951385,0.038258183173032,0.0509349177933075,0.0595546920573935,0.0858359034974171,0.114553595817326,0.187647777501142,0.193265487441163,1,0.982696247349727,0.9736414266546,0.966377356024247,0.966224732261022,0.967065955647728,0.960184199489318,0.958480890587849,0.950202077501518,0.955648483625612,0.959863802204861,0.961741816826968,0.949065082206693,0.940445307942607,0.914164096502583,0.885446404182674,0.812352222498858,0.806734512558837,0,1e+05,1730.37526502725,98467.2746998109,5905694.65247286,59.0569465247286,2023,"Total","GMoH report",18.9280434752714
0,1,0.0175486,0.00642901,0.00694814,0.00691118,0.00697163,0.00799629,0.00909994,0.0104936,0.00882762,0.00817988,0.00829424,0.0104681,0.0130896,0.0191411,0.0243213,0.041703,0.0438397,0.152018,0.11427264613,0.0172800120204352,0.0253895802691082,0.034147545188436,0.0339689855658427,0.0342610122479545,0.0391978564314886,0.0444876134667729,0.0511267410746477,0.0431850470376732,0.0400797805124545,0.0406287387252879,0.0510056688936363,0.0633741444955283,0.091334875057588,0.114636243808642,0.188828239790085,0.197547447873635,1,0.982719987979565,0.974610419730892,0.965852454811564,0.966031014434157,0.965738987752045,0.960802143568511,0.955512386533227,0.948873258925352,0.956814952962327,0.959920219487546,0.959371261274712,0.948994331106364,0.936625855504472,0.908665124942412,0.885363756191358,0.811171760209915,0.802452552126365,0,1e+05,1728.00120204351,98469.4620678298,5874817.90944525,58.7481790944525,2023,"Total","GMoH report",19.2368109055475
0,1,0.0170808,0.0061822,0.00608641,0.00589729,0.00601462,0.00729379,0.00744303,0.00880567,0.00858043,0.00792311,0.0071685,0.0100323,0.0123019,0.0182333,0.0229813,0.0415805,0.0413557,0.151898,0.11520611764,0.0168265012987969,0.0244267775516405,0.0299759354172921,0.0290580407669142,0.029627603065131,0.0358158664781017,0.0365353163606701,0.0430799797859946,0.0420011795474394,0.0388460952849668,0.0352114665058815,0.0489341937208361,0.0596742338563077,0.0871920050364235,0.108663432638748,0.188325797900949,0.187403040223566,1,0.983173498701203,0.97557322244836,0.970024064582708,0.970941959233086,0.970372396934869,0.964184133521898,0.96346468363933,0.956920020214005,0.957998820452561,0.961153904715033,0.964788533494119,0.951065806279164,0.940325766143692,0.912807994963577,0.891336567361252,0.811674202099051,0.812596959776434,0,1e+05,1682.65012987969,98511.2014589302,6058834.78437172,60.5883478437172,2023,"Total","GMoH report",17.3966421562828
0,1,0.0174316,0.00632884,0.00650535,0.00627057,0.00628368,0.00759447,0.00805371,0.00945789,0.00850024,0.00783463,0.00747646,0.0101673,0.0124006,0.018251,0.0241901,0.0410196,0.0423519,0.153582,0.11450611378,0.0171666232947399,0.024998931524422,0.032006220828336,0.03086893544861,0.0309324755550112,0.0372648333526213,0.0394737741754633,0.0461971315292032,0.0416168176547461,0.0384206216132259,0.0366964020449181,0.0495763557943308,0.0601386127954227,0.0872729533222873,0.114053109678892,0.186021664343263,0.191485104958292,1,0.98283337670526,0.975001068475578,0.967993779171664,0.96913106455139,0.969067524444989,0.962735166647379,0.960526225824537,0.953802868470797,0.958383182345254,0.961579378386774,0.963303597955082,0.950423644205669,0.939861387204577,0.912727046677713,0.885946890321108,0.813978335656737,0.808514895041708,0,1e+05,1716.662329474,98479.9060025466,5990675.35378369,59.9067535378369,2023,"Total","GMoH report",18.0782364621631
0,1,0.0176281,0.00680667,0.00694148,0.00704933,0.00681116,0.00812064,0.00900772,0.0103784,0.00902911,0.00876162,0.00817292,0.0102307,0.0126965,0.0189412,0.0252001,0.0414111,0.0419787,0.153101,0.114114007855,0.0173570439512395,0.0268610119120966,0.0341153720677479,0.0346362442114817,0.0334856103750939,0.0397952919019239,0.0440466991674387,0.0505796601380579,0.0441489848974319,0.0428690932382546,0.040046360743383,0.0498777882786442,0.0615294774731552,0.0904241454409354,0.118532897805057,0.187630533079028,0.189958022863998,1,0.98264295604876,0.973138988087903,0.965884627932252,0.965363755788518,0.966514389624906,0.960204708098076,0.955953300832561,0.949420339861942,0.955851015102568,0.957130906761745,0.959953639256617,0.950122211721356,0.938470522526845,0.909575854559065,0.881467102194943,0.812369466920972,0.810041977136002,0,1e+05,1735.70439512395,98462.3637898552,5863272.64000052,58.6327264000052,2023,"Total","GMoH report",19.3522635999948
0,1,0.0176464,0.00658855,0.00686513,0.0068395,0.00693499,0.00824629,0.00872356,0.010158,0.00863829,0.00847135,0.00792862,0.010419,0.0132369,0.0183914,0.0242054,0.0417387,0.0422919,0.153866,0.11407749112,0.0173747741961272,0.0260114445934477,0.0337464653213216,0.0336225956427535,0.034084019169745,0.0403986034998628,0.042686846826251,0.0495321315200484,0.0422784169344483,0.0414783068628926,0.038872585110601,0.0507725032223167,0.0640644627815183,0.0879148089563982,0.114121130942699,0.188974613272507,0.191239767221602,1,0.982625225803873,0.973988555406552,0.966253534678678,0.966377404357247,0.965915980830255,0.959601396500137,0.957313153173749,0.950467868479952,0.957721583065552,0.958521693137107,0.961127414889399,0.949227496777683,0.935935537218482,0.912085191043602,0.885878869057301,0.811025386727493,0.808760232778398,0,1e+05,1737.47741961273,98460.7296452943,5887864.65416204,58.8786465416204,2023,"Total","GMoH report",19.1063434583796
0,1,0.0173197,0.00631672,0.00644072,0.00653816,0.00625845,0.00754563,0.0085635,0.00941817,0.00838298,0.00828107,0.00764592,0.00990934,0.0127484,0.0186559,0.0237115,0.0412428,0.0425325,0.151537,0.114729404635,0.01705815379074,0.0249516547666054,0.0316932811259659,0.0321650494015125,0.0308101899172805,0.0370296204623762,0.041920044252607,0.0460075819302304,0.0410545023203465,0.0405655349144647,0.0375125550134293,0.0483489349132664,0.0617732255291601,0.0891228333340101,0.11192285316778,0.186939254306246,0.192223170049657,1,0.98294184620926,0.975048345233395,0.968306718874034,0.967834950598487,0.96918981008272,0.962970379537624,0.958079955747393,0.95399241806977,0.958945497679654,0.959434465085535,0.962487444986571,0.951651065086734,0.93822677447084,0.91087716666599,0.88807714683222,0.813060745693754,0.807776829950343,0,1e+05,1705.815379074,98489.8918037844,5976356.12118998,59.7635612118998,2023,"Total","GMoH report",18.2214287881002
0,1,0.0170747,0.00607132,0.00666576,0.00645894,0.00654399,0.00726104,0.00816577,0.00976159,0.00850376,0.00776858,0.00801921,0.0098594,0.0121884,0.0181639,0.0231229,0.0408822,0.0420833,0.152305,0.115218289885,0.0168205849925843,0.023993930341676,0.0327824993183591,0.0317815127894591,0.0321932689252152,0.0356579161119856,0.0400120274661935,0.0476452173079473,0.0416336926739671,0.0381028866912698,0.0393080021894067,0.0481111327445461,0.0591399466845743,0.0868745484725009,0.109296377010084,0.185456341852767,0.190386291452312,1,0.983179415007416,0.976006069658324,0.967217500681641,0.968218487210541,0.967806731074785,0.964342083888014,0.959987972533807,0.952354782692053,0.958366307326033,0.96189711330873,0.960691997810593,0.951888867255454,0.940860053315426,0.913125451527499,0.890703622989916,0.814543658147233,0.809613708547688,0,1e+05,1682.05849925843,98511.7454045127,5990318.86037803,59.9031886037803,2023,"Total","GMoH report",18.0818013962197
0,1,0.0176801,0.00683885,0.00680281,0.00684563,0.00659,0.00811486,0.00891816,0.00953738,0.00849481,0.00829598,0.00816353,0.0100848,0.012451,0.0187127,0.023238,0.0409223,0.043124,0.153191,0.114010244455,0.0174074233752733,0.0269862896263773,0.033445245867402,0.0336522233260807,0.0324159472687474,0.0397675301507032,0.0436183122803839,0.0465763589150275,0.0415907854496364,0.0406370888099364,0.0400012710591757,0.0491839736561804,0.06037565674468,0.0893820512251002,0.109810555762951,0.185621366848535,0.194636264341358,1,0.982592576624727,0.973013710373623,0.966554754132598,0.966347776673919,0.967584052731253,0.960232469849297,0.956381687719616,0.953423641084973,0.958409214550364,0.959362911190064,0.959998728940824,0.95081602634382,0.93962434325532,0.9106179487749,0.890189444237049,0.814378633151465,0.805363735658642,0,1e+05,1740.74233752734,98457.7201219073,5912415.50846457,59.1241550846457,2023,"Total","GMoH report",18.8608349153543
0,1,0.0177141,0.0062151,0.00671594,0.00635625,0.00650722,0.00774744,0.00838616,0.00944732,0.00826467,0.00800656,0.00777737,0.0103459,0.0126488,0.0184222,0.0228197,0.0412415,0.042364,0.152261,0.113942399155,0.0174403610985036,0.0245551742727548,0.0330252116501753,0.0312841256902041,0.032015273923056,0.0380011705285017,0.0410697561347329,0.0461466935477805,0.0404868243926177,0.0392472121036485,0.0381451771097548,0.0504252631743122,0.0613054006215455,0.0880555572816165,0.107940571359376,0.186933912607948,0.191534573337794,1,0.982559638901496,0.975444825727245,0.966974788349825,0.968715874309796,0.967984726076944,0.961998829471498,0.958930243865267,0.95385330645222,0.959513175607382,0.960752787896351,0.961854822890245,0.949574736825688,0.938694599378455,0.911944442718383,0.892059428640624,0.813066087392052,0.808465426662206,0,1e+05,1744.03610985036,98454.6835487189,5971085.37816733,59.7108537816733,2023,"Total","GMoH report",18.2741362183267
0,1,0.0179955,0.00668273,0.00749235,0.00704778,0.00711855,0.00828833,0.00898311,0.0106651,0.009663,0.00892407,0.00815828,0.0109231,0.0129563,0.0188562,0.0242951,0.0413107,0.0426643,0.153576,0.113380879525,0.0177128881352421,0.02637836107025,0.0367729602776592,0.0346287602895169,0.0349704035839192,0.0406003766994761,0.0439290023492657,0.0519406202280155,0.0471753612115324,0.043646587005749,0.0399760602676001,0.0531637184670319,0.06274901242577,0.0900366283225603,0.114519823585047,0.187218211568403,0.192761422143145,1,0.982287111864758,0.97362163892975,0.963227039722341,0.965371239710483,0.965029596416081,0.959399623300524,0.956070997650734,0.948059379771985,0.952824638788468,0.956353412994251,0.9600239397324,0.946836281532968,0.93725098757423,0.90996337167744,0.885480176414953,0.812781788431597,0.807238577856854,0,1e+05,1771.28881352421,98429.541470046,5821599.98109556,58.2159998109556,2023,"Total","GMoH report",19.7689901890444
0,1,0.0173322,0.00681558,0.00707654,0.0068401,0.00707827,0.00842702,0.00906478,0.0102169,0.00885469,0.00840999,0.00796178,0.0107835,0.0134997,0.0190213,0.0242105,0.0414079,0.0431725,0.154732,0.11470446151,0.0170702717137902,0.0268957004044745,0.0347676139725468,0.0336254956185489,0.034775965811194,0.0412657321251665,0.0443195329600363,0.0498121847247151,0.0433146064681317,0.0411840562470081,0.0390319897123696,0.0525021087750603,0.065294847855996,0.090789179452214,0.114143803606936,0.18761739425144,0.194833840096125,1,0.98292972828621,0.973104299595525,0.965232386027453,0.966374504381451,0.965224034188806,0.958734267874834,0.955680467039964,0.950187815275285,0.956685393531868,0.958815943752992,0.96096801028763,0.94749789122494,0.934705152144004,0.909210820547786,0.885856196393064,0.81238260574856,0.805166159903875,0,1e+05,1707.02717137903,98488.776461097,5854302.91700687,58.5430291700687,2023,"Total","GMoH report",19.4419608299313
0,1,0.0170283,0.00643004,0.00631292,0.00633336,0.00629909,0.007461,0.00839684,0.00974925,0.00844535,0.00777325,0.00724231,0.0101529,0.0125024,0.0180645,0.0236528,0.0405561,0.0416337,0.152408,0.115310878765,0.0167755800508515,0.0253935963198392,0.031074178000542,0.0311732219082381,0.031007157805842,0.0366219098269528,0.0411209841878306,0.0475864202313976,0.0413536351925662,0.0381253552066007,0.0355675715521798,0.0495078786472069,0.0606173442869666,0.0864196792600185,0.111661247134446,0.184113215093379,0.188544035475554,1,0.983224419949149,0.974606403680161,0.968925821999458,0.968826778091762,0.968992842194158,0.963378090173047,0.958879015812169,0.952413579768602,0.958646364807434,0.961874644793399,0.96443242844782,0.950492121352793,0.939382655713033,0.913580320739982,0.888338752865554,0.815886784906621,0.811455964524446,0,1e+05,1677.55800508514,98515.8826826605,5996128.79681024,59.9612879681024,2023,"Total","GMoH report",18.0237020318976
0,1,0.0182843,0.00689388,0.00712736,0.00700291,0.00690613,0.00852002,0.00889232,0.0103233,0.00940233,0.00854729,0.00785967,0.0104341,0.012858,0.0186646,0.0242849,0.0417023,0.0422028,0.153012,0.112804593565,0.0179924313315664,0.0272004862240594,0.0350129256849748,0.0344120881101317,0.0339445856959687,0.0417116399827847,0.0434946785011761,0.0503178834835848,0.0459319808951747,0.0418423531826634,0.0385410501607085,0.0508442159167574,0.0622877599562077,0.0891625420443955,0.114474495792803,0.188825369485285,0.190875317840593,1,0.982007568668434,0.972799513775941,0.964987074315025,0.965587911889868,0.966055414304031,0.958288360017215,0.956505321498824,0.949682116516415,0.954068019104825,0.958157646817337,0.961458949839292,0.949155784083243,0.937712240043792,0.910837457955605,0.885525504207197,0.811174630514716,0.809124682159407,0,1e+05,1799.24313315663,98403.7197572037,5848660.6416826,58.486606416826,2023,"Total","GMoH report",19.498383583174
0,1,0.0171583,0.00602413,0.00630209,0.00629142,0.00619111,0.00761105,0.00783798,0.00937594,0.00837041,0.00727815,0.0073701,0.00990067,0.0122919,0.0179546,0.022986,0.0408375,0.0416054,0.150776,0.115051470265,0.0169016615813499,0.0238096550850253,0.0310216961965418,0.0309699870108013,0.0304837296906867,0.0373446696305215,0.0384367341168177,0.0458060139049696,0.0409942042568657,0.0357404393041954,0.0361838043587391,0.0483076546325235,0.0596271719138795,0.0859165086351484,0.108684448185046,0.185272350922959,0.188427949477067,1,0.98309833841865,0.976190344914975,0.968978303803458,0.969030012989199,0.969516270309313,0.962655330369478,0.961563265883182,0.95419398609503,0.959005795743134,0.964259560695805,0.963816195641261,0.951692345367476,0.94037282808612,0.914083491364852,0.891315551814954,0.814727649077041,0.811572050522933,0,1e+05,1690.16615813499,98504.2899433506,6034845.43152349,60.3484543152349,2023,"Total","GMoH report",17.6365356847651
0,1,0.0170349,0.00620415,0.00647919,0.00635613,0.00616793,0.00739094,0.00812641,0.0096034,0.00869225,0.00789494,0.00775366,0.00989939,0.0123125,0.0182262,0.0230471,0.040742,0.0418245,0.151817,0.115297708795,0.0167819818551138,0.0245124422626721,0.0318795655935055,0.0312835443137034,0.0303713294153972,0.0362842629735458,0.0398230048381334,0.0468912123288039,0.0425368966502301,0.0387106542679838,0.0380310994633377,0.0483015600486744,0.0597241170228892,0.0871595323296341,0.108957607793553,0.184879135639444,0.189326304901607,1,0.983218018144886,0.975487557737328,0.968120434406494,0.968716455686297,0.969628670584603,0.963715737026454,0.960176995161867,0.953108787671196,0.95746310334977,0.961289345732016,0.961968900536662,0.951698439951326,0.940275882977111,0.912840467670366,0.891042392206447,0.815120864360556,0.810673695098393,0,1e+05,1678.19818551138,98515.294220182,6002542.55037185,60.0254255037185,2023,"Total","GMoH report",17.9595644962815
0,1,0.0179845,0.00698175,0.00733848,0.0073911,0.00735476,0.00857165,0.00894373,0.0109291,0.00939715,0.00913406,0.00835983,0.0111725,0.0133988,0.0192256,0.0243351,0.0414475,0.0435499,0.153942,0.113402829475,0.0177022376992743,0.0275424115365099,0.036031361436808,0.036285034209142,0.0361098517665536,0.0419591031340525,0.0437406388404586,0.0531921443382812,0.045907256560042,0.0446506946891686,0.040943449310379,0.0543445877338587,0.0648226361566603,0.0917195896433805,0.114697558604037,0.187779973836073,0.196369788382322,1,0.982297762300726,0.97245758846349,0.963968638563192,0.963714965790858,0.963890148233446,0.958040896865948,0.956259361159541,0.946807855661719,0.954092743439958,0.955349305310831,0.959056550689621,0.945655412266141,0.93517736384334,0.90828041035662,0.885302441395963,0.812220026163927,0.803630211617678,0,1e+05,1770.22376992743,98430.5246143862,5788157.48212341,57.881574821234,2023,"Total","GMoH report",20.1034151787659
0,1,0.0176998,0.00663567,0.00702229,0.00689766,0.00703803,0.00807936,0.00894335,0.0105254,0.00887874,0.00832809,0.00758368,0.0106177,0.0131634,0.0186063,0.0231079,0.0418541,0.0423941,0.152943,0.11397093409,0.0174265081368188,0.0261950367608345,0.0345056778094389,0.0339036601979967,0.03458168269928,0.039597003876893,0.0437388210371926,0.0512777041323143,0.0434296975186335,0.0407911686898641,0.037212873685227,0.051715744352959,0.0637200681376908,0.0888964165135594,0.109229347880292,0.189447602726782,0.191657619303693,1,0.982573491863181,0.973804963239166,0.965494322190561,0.966096339802003,0.96541831730072,0.960402996123107,0.956261178962807,0.948722295867686,0.956570302481367,0.959208831310136,0.962787126314773,0.948284255647041,0.936279931862309,0.911103583486441,0.890770652119708,0.810552397273218,0.808342380696307,0,1e+05,1742.65081368187,98455.9607273461,5877164.671924,58.77164671924,2023,"Total","GMoH report",19.21334328076
0,1,0.0168387,0.00639298,0.00650239,0.00630364,0.00632379,0.00751167,0.00814455,0.00942669,0.00819405,0.00793618,0.00761383,0.00990306,0.0124596,0.018463,0.0228909,0.040819,0.0423025,0.153111,0.115689216085,0.0165916397984333,0.0252490861938884,0.0319918906257845,0.0310292076142857,0.0311268508299748,0.0368660362536366,0.0399101249790056,0.0460482437038973,0.040147816951276,0.0389089293330148,0.03735805529464,0.0483190342614178,0.0604160989342956,0.0882419712137035,0.108259127827059,0.185196191634208,0.191283115062655,1,0.983408360201567,0.974750913806112,0.968008109374215,0.968970792385714,0.968873149170025,0.963133963746363,0.960089875020994,0.953951756296103,0.959852183048724,0.961091070666985,0.96264194470536,0.951680965738582,0.939583901065704,0.911758028786297,0.891740872172941,0.814803808365792,0.808716884937345,0,1e+05,1659.16397984333,98532.7834003412,6000008.74404738,60.0000874404738,2023,"Total","GMoH report",17.9849025595262
0,1,0.0171412,0.00636791,0.00660291,0.00661236,0.00647851,0.00755321,0.00828516,0.0100275,0.00909314,0.00798781,0.00769191,0.0104847,0.0126172,0.0186205,0.0230569,0.041766,0.0417867,0.153319,0.11508559246,0.0168850787697652,0.0251513173494742,0.032478419792913,0.0325241465852145,0.0318762731146599,0.0370661293527783,0.0405851635655824,0.048911353506777,0.0444551086825851,0.0391571012869232,0.0377339349215931,0.0510844862183657,0.06115692705006,0.0889612429396076,0.109001413285069,0.189086529972882,0.189171380668544,1,0.983114921230235,0.974848682650526,0.967521580207087,0.967475853414785,0.96812372688534,0.962933870647222,0.959414836434417,0.951088646493223,0.955544891317415,0.960842898713077,0.962266065078407,0.948915513781634,0.93884307294994,0.911038757060392,0.890998586714931,0.810913470027118,0.810828619331456,0,1e+05,1688.50787697652,98505.8150524187,5950290.92801437,59.5029092801437,2023,"Total","GMoH report",18.4820807198563
0,1,0.0173526,0.0062189,0.00630981,0.00660316,0.00628082,0.00790819,0.00802901,0.00959385,0.00834989,0.00786894,0.00773688,0.0101228,0.0124896,0.0180459,0.0234802,0.0413091,0.0416843,0.152847,0.11466375433,0.0170900475522219,0.0245700032140246,0.0310591073348684,0.0324796295237843,0.0309186143712125,0.0387743624368023,0.0393550938939366,0.046845674074452,0.0408957622101967,0.0385856299820231,0.0379503566123329,0.0493647268574193,0.0605571631381737,0.0863345388628378,0.110891607210916,0.187211639188949,0.188751558522682,1,0.982909952447778,0.975429996785975,0.968940892665132,0.967520370476216,0.969081385628788,0.961225637563198,0.960644906106063,0.953154325925548,0.959104237789803,0.961414370017977,0.962049643387667,0.950635273142581,0.939442836861826,0.913665461137162,0.889108392789084,0.81278836081105,0.811248441477318,0,1e+05,1709.00475522218,98486.9561461794,5986853.16924285,59.8685316924285,2023,"Total","GMoH report",18.1164583075715
0,1,0.0174476,0.00677949,0.00691944,0.00702551,0.00668515,0.00824519,0.00875712,0.010269,0.00911244,0.00803233,0.00771176,0.0104636,0.0126239,0.0185695,0.0235465,0.0409554,0.0438073,0.152842,0.11447418658,0.017182130919523,0.0267551869551785,0.0340088937505665,0.0345212269373485,0.032876292630798,0.0403933234338903,0.0428475472182601,0.0500598387886972,0.0445473620895028,0.0393710468971907,0.0378294705063204,0.0509843016530577,0.0611884091057256,0.0887283951649607,0.111187319456069,0.185757561875872,0.197415860442133,1,0.982817869080477,0.973244813044822,0.965991106249434,0.965478773062652,0.967123707369202,0.95960667656611,0.95715245278174,0.949940161211303,0.955452637910497,0.960628953102809,0.96217052949368,0.949015698346942,0.938811590894274,0.911271604835039,0.888812680543931,0.814242438124128,0.802584139557867,0,1e+05,1718.2130919523,98478.47795412,5889050.340913,58.89050340913,2023,"Total","GMoH report",19.09448659087
0,1,0.0171185,0.00616375,0.00642445,0.00643564,0.00620641,0.00752841,0.00815492,0.00916883,0.00837288,0.00749933,0.00762557,0.00955917,0.011682,0.0180163,0.0231284,0.0405775,0.0427035,0.151874,0.115130889175,0.0168630645065924,0.024354766614559,0.0316144857918858,0.0316686794494695,0.0305579126631704,0.036946675693113,0.039959925020627,0.0448168546954078,0.0410060530953965,0.0368065881237154,0.0374145812295338,0.0466802879789018,0.056752542010581,0.0861990309947244,0.109320953166935,0.184201417457768,0.192921447424744,1,0.983136935493408,0.975645233385441,0.968385514208114,0.96833132055053,0.96944208733683,0.963053324306887,0.960040074979373,0.955183145304592,0.958993946904603,0.963193411876285,0.962585418770466,0.953319712021098,0.943247457989419,0.913800969005276,0.890679046833065,0.815798582542231,0.807078552575256,0,1e+05,1686.30645065923,98507.8395104267,6022361.31695485,60.2236131695485,2023,"Total","GMoH report",17.7613768304515
0,1,0.0178718,0.00689837,0.00713259,0.00706882,0.00707392,0.00833719,0.00901142,0.0104451,0.00918578,0.0090277,0.00830993,0.0110414,0.0128465,0.0197888,0.0244286,0.0412339,0.0428368,0.154206,0.11362771669,0.0175931064021118,0.027217960870539,0.0350381677870592,0.0347303436308386,0.0347549653881045,0.040834830645722,0.0440643931164563,0.0508964536304612,0.0448978456680484,0.0441422426891871,0.0407040308816393,0.0537240287717977,0.0622337842273097,0.0942797902183193,0.115112883533296,0.186902683588002,0.193465403055934,1,0.982406893597888,0.972782039129461,0.964961832212941,0.965269656369161,0.965245034611896,0.959165169354278,0.955935606883544,0.949103546369539,0.955102154331952,0.955857757310813,0.959295969118361,0.946275971228202,0.93776621577269,0.905720209781681,0.884887116466704,0.813097316411998,0.806534596944066,0,1e+05,1759.31064021117,98440.5958107844,5826537.42046252,58.2653742046252,2023,"Total","GMoH report",19.7196157953748
0,1,0.0176675,0.00677995,0.00713793,0.00675561,0.00689777,0.00796993,0.00897705,0.0102218,0.00959205,0.00873401,0.00781934,0.0106484,0.0129879,0.0189912,0.023423,0.0417522,0.0428745,0.153389,0.114035387125,0.017395216506486,0.0267569780532951,0.0350639401246649,0.0332170464717131,0.0339041917088904,0.0390711638968098,0.043900018350663,0.0498354792456179,0.0468370907101346,0.0427368889611119,0.0383470778997386,0.051861397731003,0.0628972422678727,0.0906520232405836,0.110636408508749,0.189029958424655,0.19361918557063,1,0.982604783493514,0.973243021946705,0.964936059875335,0.966782953528287,0.96609580829111,0.96092883610319,0.956099981649337,0.950164520754382,0.953162909289865,0.957263111038888,0.961652922100261,0.948138602268997,0.937102757732127,0.909347976759416,0.889363591491251,0.810970041575345,0.80638081442937,0,1e+05,1739.5216506486,98458.8453741954,5864140.16146839,58.6414016146839,2023,"Total","GMoH report",19.3435883853161
0,1,0.0169134,0.00601921,0.0062778,0.00651902,0.0063844,0.00744226,0.00800195,0.00958606,0.00836141,0.00822377,0.00754073,0.0100914,0.0121796,0.0185416,0.022643,0.0412604,0.0422687,0.151097,0.11554015597,0.0166641177444624,0.0237904406830721,0.030903977524738,0.0320723984821178,0.0314204974403545,0.0365316057298524,0.0392250576253373,0.046808526637845,0.040951029138625,0.040290500477226,0.0370060190057568,0.049215370037021,0.0590985094847004,0.0886009897224075,0.107149532820844,0.187011569585669,0.191144885450858,1,0.983335882255538,0.976209559316928,0.969096022475262,0.967927601517882,0.968579502559646,0.963468394270148,0.960774942374663,0.953191473362155,0.959048970861375,0.959709499522774,0.962993980994243,0.950784629962979,0.9409014905153,0.911399010277593,0.892850467179156,0.812988430414331,0.808855114549142,0,1e+05,1666.41177444624,98526.1257018835,6006599.5637917,60.065995637917,2023,"Total","GMoH report",17.918994362083
0,1,0.0177813,0.00658786,0.0068031,0.00685216,0.0069127,0.00747212,0.0086445,0.00992973,0.00875846,0.00850805,0.00747652,0.0103159,0.0128012,0.0187183,0.023944,0.0412354,0.0429515,0.152293,0.113808304915,0.0175054553300836,0.0260087559145219,0.0334466477762829,0.0336837833182451,0.0339763295665139,0.0366754908286731,0.0423081676126805,0.0484460104906273,0.0428539631938138,0.0416542587104465,0.0366966911369519,0.0502827211911603,0.0620211375354529,0.0894076041099708,0.112958315249184,0.186908847295571,0.193933195846498,1,0.982494544669916,0.973991244085478,0.966553352223717,0.966316216681755,0.966023670433486,0.963324509171327,0.95769183238732,0.951553989509373,0.957146036806186,0.958345741289554,0.963303308863048,0.94971727880884,0.937978862464547,0.910592395890029,0.887041684750816,0.81309115270443,0.806066804153502,0,1e+05,1750.54553300836,98448.6810867798,5916242.04309666,59.1624204309666,2023,"Total","GMoH report",18.8225695690334
0,1,0.017231,0.00649517,0.00675087,0.0064547,0.00639781,0.00801188,0.00850977,0.010107,0.00868972,0.00832722,0.00765058,0.00996735,0.0126566,0.0185657,0.024053,0.0401823,0.0422173,0.152692,0.11490640105,0.0169721568249343,0.0256475101233443,0.0331941269111483,0.0317609809900095,0.0314854551012467,0.0392727780377375,0.0416625041795206,0.0492895756473311,0.0425247789447701,0.0407869943130414,0.0375349889113368,0.0486250917298658,0.0613420456621801,0.0887110434514821,0.113443366748968,0.182571175624281,0.190934637790064,1,0.983027843175066,0.974352489876656,0.966805873088852,0.96823901900999,0.968514544898753,0.960727221962262,0.95833749582048,0.950710424352669,0.95747522105523,0.959213005686959,0.962465011088663,0.951374908270134,0.93865795433782,0.911288956548518,0.886556633251032,0.817428824375719,0.809065362209936,0,1e+05,1697.21568249342,98497.8052633875,5941110.91998332,59.4111091998332,2023,"Total","GMoH report",18.5738808001668
0,1,0.0174007,0.00663966,0.00704419,0.00692426,0.00685728,0.0078433,0.00856567,0.0102222,0.00919752,0.00811092,0.00821925,0.0101699,0.0132153,0.0185983,0.0227279,0.0414484,0.0421219,0.153715,0.114567773185,0.0171366728725086,0.026210581303485,0.0346114263416952,0.0340321808289336,0.0337085279634175,0.0384623211905161,0.0419304441315395,0.0498373808145927,0.0449539381372595,0.0397486055996737,0.0402688016304964,0.0495887192112342,0.0639632656390022,0.0888598926464823,0.107529689902181,0.187783668487642,0.190544282018149,1,0.982863327127491,0.973789418696515,0.965388573658305,0.965967819171066,0.966291472036582,0.961537678809484,0.95806955586846,0.950162619185407,0.95504606186274,0.960251394400326,0.959731198369504,0.950411280788766,0.936036734360998,0.911140107353518,0.892470310097819,0.812216331512358,0.809455717981851,0,1e+05,1713.66728725086,98482.6637578294,5894106.08998671,58.9410608998671,2023,"Total","GMoH report",19.0439291001329
0,1,0.0172418,0.0064155,0.00681897,0.00633691,0.00666626,0.00793595,0.00840583,0.00985341,0.0087814,0.00804806,0.00765668,0.0099197,0.0126535,0.0185486,0.023168,0.0405981,0.0425264,0.152709,0.11488485019,0.0169826284738552,0.0253369022077721,0.0335233629837861,0.0311904227454995,0.0327849180308197,0.0389078236424125,0.0411641038522883,0.0480826059248842,0.0429637943409363,0.0394466279290729,0.0375643543974307,0.0483982594639877,0.0613274817734492,0.08863295684181,0.109497882637629,0.184286314443934,0.192198250771027,1,0.983017371526145,0.974663097792228,0.966476637016214,0.9688095772545,0.96721508196918,0.961092176357587,0.958835896147712,0.951917394075116,0.957036205659064,0.960553372070927,0.962435645602569,0.951601740536012,0.938672518226551,0.91136704315819,0.890502117362372,0.815713685556066,0.807801749228973,0,1e+05,1698.26284738553,98496.8418254196,5949419.122339,59.49419122339,2023,"Total","GMoH report",18.49079877661
0,1,0.0171014,0.00661485,0.0069766,0.00671239,0.00666179,0.00802537,0.00852965,0.00986724,0.00904897,0.00830068,0.00799788,0.0103177,0.0124135,0.0188849,0.0237391,0.0413804,0.0437603,0.152076,0.11516501137,0.0168464804547604,0.0261139206637942,0.0342850178609778,0.033008042858001,0.032763294530327,0.0393376029534634,0.0417578014227364,0.0481484687578349,0.0442439446797776,0.0406596432805353,0.0392054978324887,0.0502912742979404,0.0601992902754153,0.090167489923843,0.112045831975383,0.187504474598328,0.197224943285823,1,0.98315351954524,0.973886079336206,0.965714982139022,0.966991957141999,0.967236705469673,0.960662397046537,0.958242198577264,0.951851531242165,0.955756055320222,0.959340356719465,0.960794502167511,0.94970872570206,0.939800709724585,0.909832510076157,0.887954168024617,0.812495525401672,0.802775056714176,0,1e+05,1684.64804547605,98509.3644658356,5910671.119222,59.10671119222,2023,"Total","GMoH report",18.87827880778
0,1,0.016888,0.00637597,0.00693856,0.00690966,0.00660672,0.00797828,0.00849873,0.0100436,0.00881612,0.00854842,0.00787612,0.0105992,0.0127008,0.0188593,0.0237186,0.0411992,0.0423033,0.151629,0.1155908404,0.0166394744422736,0.025182751069329,0.034101265802877,0.0339616415103048,0.0324968559299758,0.0391112977877156,0.0416095785658868,0.0489879612802151,0.0431300018208675,0.041847769231368,0.038620157512531,0.0516279622561369,0.0615496747280354,0.0900507640632546,0.11195449055104,0.186760084787098,0.191286386513508,1,0.983360525557726,0.974817248930671,0.965898734197123,0.966038358489695,0.967503144070024,0.960888702212284,0.958390421434113,0.951012038719785,0.956869998179132,0.958152230768632,0.961379842487469,0.948372037743863,0.938450325271965,0.909949235936745,0.88804550944896,0.813239915212902,0.808713613486492,0,1e+05,1663.94744422735,98528.3896392323,5914225.80617216,59.1422580617216,2023,"Total","GMoH report",18.8427319382784
0,1,0.0174474,0.00601532,0.00657338,0.00615039,0.00606337,0.00743458,0.00811748,0.00918573,0.00833072,0.00751025,0.00701494,0.0100196,0.012633,0.0181373,0.0227873,0.0402428,0.041919,0.152736,0.11447458567,0.0171819370770957,0.0237752485438583,0.0323355159159707,0.0302862690837254,0.0298641564246487,0.0364945950341279,0.0397801142945409,0.0448976067664921,0.0408037876748534,0.0368591955662465,0.034470184313136,0.0488737611567837,0.0612311666783801,0.0867528441016862,0.107795574748816,0.182820934266273,0.18971349953272,1,0.982818062922904,0.976224751456142,0.967664484084029,0.969713730916275,0.970135843575351,0.963505404965872,0.960219885705459,0.955102393233508,0.959196212325147,0.963140804433753,0.965529815686864,0.951126238843216,0.93876883332162,0.913247155898314,0.892204425251184,0.817179065733727,0.81028650046728,0,1e+05,1718.19370770956,98478.4958050813,6029982.84956587,60.2998284956587,2023,"Total","GMoH report",17.6851615043413
0,1,0.0177306,0.00692423,0.0071749,0.00724496,0.0071113,0.00844107,0.00885066,0.0106219,0.00940082,0.00896799,0.0082352,0.0104697,0.012748,0.0193474,0.0235499,0.0413757,0.0425562,0.15309,0.11390947423,0.0174563448210452,0.0273185994680112,0.035242349172309,0.0355803543891618,0.0349354095550774,0.0413331107961303,0.0432953196162139,0.0517356721597168,0.0459247736729008,0.0438566842358494,0.0403453695320737,0.0510132660218282,0.0617713471658252,0.0922738521807933,0.111202481691059,0.187485174195136,0.192319981055513,1,0.982543655178955,0.972681400531989,0.964757650827691,0.964419645610838,0.965064590444923,0.95866688920387,0.956704680383786,0.948264327840283,0.954075226327099,0.956143315764151,0.959654630467926,0.948986733978172,0.938228652834175,0.907726147819207,0.888797518308941,0.812514825804864,0.807680018944487,0,1e+05,1745.63448210452,98453.2098239498,5829350.40969132,58.2935040969132,2023,"Total","GMoH report",19.6914859030868
0,1,0.0170914,0.00684931,0.00708923,0.00690765,0.00672806,0.00790407,0.00842964,0.0102697,0.00927498,0.00832905,0.00792892,0.010218,0.0126993,0.0190948,0.024403,0.0409959,0.0422023,0.15353,0.11518496587,0.0168367819319313,0.0270270072972971,0.0348288752320959,0.0339519298789295,0.0330838250992567,0.0387545532458159,0.0412782970403421,0.050063165766324,0.0453239531036078,0.0407957748781283,0.0388740273673168,0.0498174141554003,0.0615426292218087,0.09112401299181,0.114999187093399,0.185924177526367,0.190873272255707,1,0.983163218068069,0.972972992702703,0.965171124767904,0.96604807012107,0.966916174900743,0.961245446754184,0.958721702959658,0.949936834233676,0.954676046896392,0.959204225121872,0.961125972632683,0.9501825858446,0.938457370778191,0.90887598700819,0.885000812906601,0.814075822473633,0.809126727744293,0,1e+05,1683.67819319313,98510.2562220259,5888592.4720396,58.885924720396,2023,"Total","GMoH report",19.099065279604
0,1,0.0172406,0.00624728,0.00661873,0.00634104,0.00645836,0.00762295,0.00835161,0.0096781,0.00869816,0.00808893,0.00731996,0.0103134,0.0118777,0.0182231,0.0235921,0.0406137,0.0424874,0.151449,0.11488724473,0.0169814649678091,0.0246807449513605,0.0325549686311794,0.0312104334821804,0.0317787042195417,0.0374019666949567,0.0409040140676806,0.0472473388252875,0.0425652026424587,0.0396429768384063,0.0359420638261872,0.0502708417516952,0.0576758586347355,0.0871453537597517,0.111390651525371,0.184350600083474,0.192038914554403,1,0.983018535032191,0.97531925504864,0.967445031368821,0.96878956651782,0.968221295780458,0.962598033305043,0.95909598593232,0.952752661174713,0.957434797357541,0.960357023161594,0.964057936173813,0.949729158248305,0.942324141365265,0.912854646240248,0.888609348474629,0.815649399916526,0.807961085445597,0,1e+05,1698.14649678092,98496.9488753821,5980337.0304374,59.803370304374,2023,"Total","GMoH report",18.181619695626
0,1,0.0173404,0.00642308,0.00640454,0.0065205,0.00666903,0.00782717,0.00827234,0.00965025,0.00846118,0.00820056,0.00753042,0.0098276,0.012766,0.0180772,0.0234314,0.040448,0.0422494,0.151445,0.11468809882,0.0170782209165388,0.0253664584165477,0.0315180534154466,0.032079563023267,0.0327983175901052,0.0383847402810362,0.0405236367469812,0.0471145812800065,0.0414295429494671,0.040179072757764,0.036956357760974,0.0479596786551223,0.061855869911766,0.0864778084047635,0.110673889560387,0.183667538506248,0.191065946047637,1,0.982921779083461,0.974633541583452,0.968481946584553,0.967920436976733,0.967201682409895,0.961615259718964,0.959476363253019,0.952885418719993,0.958570457050533,0.959820927242236,0.963043642239026,0.952040321344878,0.938144130088234,0.913522191595237,0.889326110439613,0.816332461493752,0.808934053952363,0,1e+05,1707.82209165387,98488.0447771607,5970389.62223704,59.7038962223704,2023,"Total","GMoH report",18.2810937776296
0,1,0.0172741,0.00630423,0.00646844,0.00654755,0.00642965,0.00765434,0.00859203,0.00987623,0.00844847,0.00791784,0.00751055,0.010362,0.0116919,0.0179315,0.0244427,0.0404634,0.0421496,0.152226,0.114820397155,0.0170139451919019,0.0249029323732887,0.0318275140869485,0.0322105003461465,0.031639669989628,0.0375530897083053,0.0420567674802663,0.04819127959677,0.0413685966310512,0.0388207586115871,0.0368606407858643,0.0505017521115503,0.0567992714940469,0.0858107129996184,0.115175499543283,0.183731043260348,0.190657641666983,1,0.982986054808098,0.975097067626711,0.968172485913051,0.967789499653854,0.968360330010372,0.962446910291695,0.957943232519734,0.95180872040323,0.958631403368949,0.961179241388413,0.963139359214136,0.94949824788845,0.943200728505953,0.914189287000382,0.884824500456717,0.816268956739652,0.809342358333017,0,1e+05,1701.39451919019,98493.9602752206,5973034.01684194,59.7303401684194,2023,"Total","GMoH report",18.2546498315806
0,1,0.0171179,0.0063302,0.00644101,0.00665717,0.00638868,0.00761816,0.0081462,0.00984968,0.00846753,0.00812735,0.00748503,0.00998933,0.0122587,0.0181957,0.0234453,0.0415163,0.0414772,0.153038,0.115132086445,0.0168624826190569,0.025004236365913,0.0316946855338245,0.032740944909443,0.0314412301051299,0.0373789038250896,0.0399180489736276,0.0480648417244098,0.0414599907121136,0.0398275195230116,0.0367376931613905,0.0487297071853065,0.0594709098922594,0.0870200243570175,0.110735908510497,0.188062365987394,0.187901889384095,1,0.983137517380943,0.974995763634087,0.968305314466176,0.967259055090557,0.96855876989487,0.96262109617491,0.960081951026372,0.95193515827559,0.958540009287886,0.960172480476988,0.96326230683861,0.951270292814693,0.94052909010774,0.912979975642982,0.889264091489503,0.811937634012606,0.812098110615905,0,1e+05,1686.24826190568,98507.8930187518,5977694.3075919,59.776943075919,2023,"Total","GMoH report",18.208046924081
0,1,0.0173347,0.00632309,0.00648121,0.00643084,0.00635598,0.00782965,0.00850267,0.00962657,0.00859062,0.00814498,0.00770162,0.0102596,0.0122309,0.0190977,0.0234579,0.041023,0.042343,0.152712,0.114699472885,0.0170726952642072,0.0249765026516962,0.0318893461274631,0.0316454332058069,0.0312828175925945,0.038396668805223,0.0416284672019402,0.0470016874149546,0.0420500108397006,0.039912190026201,0.0377806691079619,0.0500151611321222,0.059340044620624,0.0911372217027199,0.110792123608982,0.186035648934409,0.191448717398037,1,0.982927304735793,0.975023497348304,0.968110653872537,0.968354566794193,0.968717182407405,0.961603331194777,0.95837153279806,0.952998312585045,0.957949989160299,0.960087809973799,0.962219330892038,0.949984838867878,0.940659955379376,0.90886277829728,0.889207876391018,0.813964351065591,0.808551282601963,0,1e+05,1707.26952642073,98488.5533883324,5964493.29464777,59.6449329464777,2023,"Total","GMoH report",18.3400570535223
0,1,0.0174674,0.00620755,0.00660654,0.00648215,0.00650159,0.00762814,0.00807625,0.00970719,0.00862388,0.00798763,0.00797399,0.0101468,0.0127349,0.0184729,0.0234324,0.0410295,0.0425457,0.152289,0.11443467667,0.0172013209585865,0.0245257108472602,0.0324959849391503,0.0318938974319045,0.0319880175622437,0.0374269548711725,0.0395820634011413,0.0473859880272055,0.0422093784631481,0.0391562361829451,0.0390906783052518,0.0494788695169632,0.0617098287544862,0.0882871985258783,0.110678351491289,0.186062383582051,0.192277091382879,1,0.982798679041413,0.97547428915274,0.96750401506085,0.968106102568096,0.968011982437756,0.962573045128827,0.960417936598859,0.952614011972794,0.957790621536852,0.960843763817055,0.960909321694748,0.950521130483037,0.938290171245514,0.911712801474122,0.889321648508711,0.813937616417949,0.807722908617121,0,1e+05,1720.13209585864,98476.7106643606,5968601.06340932,59.6860106340932,2023,"Total","GMoH report",18.2989793659068
0,1,0.0169263,0.00624964,0.00642184,0.00610779,0.00641444,0.00729129,0.00798453,0.00939093,0.00796282,0.00766864,0.0071595,0.00992252,0.0122861,0.0178616,0.0228258,0.0406043,0.0419467,0.150541,0.115514414665,0.0166766329874789,0.0246899533597693,0.0316018450189586,0.03007964954329,0.031566004396891,0.0358038100937538,0.0391413370502063,0.0458775674390246,0.0390369887138245,0.0376219274555924,0.0351680361136115,0.0484116852130983,0.0595998749412119,0.0854905069046785,0.107967867618296,0.184311864409857,0.189826963296705,1,0.983323367012521,0.975310046640231,0.968398154981041,0.96992035045671,0.968433995603109,0.964196189906246,0.960858662949794,0.954122432560975,0.960963011286176,0.962378072544408,0.964831963886388,0.951588314786902,0.940400125058788,0.914509493095321,0.892032132381704,0.815688135590143,0.810173036703295,0,1e+05,1667.6632987479,98524.9758510653,6035364.05719799,60.3536405719799,2023,"Total","GMoH report",17.6313494280201
0,1,0.0172488,0.00642785,0.00628804,0.00635055,0.00626565,0.00764355,0.00845249,0.00962552,0.00848161,0.00804636,0.0077634,0.0103589,0.0123956,0.0187603,0.0239696,0.0412798,0.0416868,0.150875,0.11487088204,0.0169894155401349,0.0253850573186289,0.0309536062149405,0.0312565099272045,0.0308450886753532,0.037501145302066,0.0413878735321212,0.0469966812614605,0.0415274998548894,0.0394384598848033,0.038077963838834,0.0504870248945496,0.0601150933715103,0.0895992289622488,0.113072258010952,0.187091274062398,0.18876181040502,1,0.983010584459865,0.974614942681371,0.96904639378506,0.968743490072795,0.969154911324647,0.962498854697934,0.958612126467879,0.95300331873854,0.95847250014511,0.960561540115197,0.961922036161166,0.94951297510545,0.93988490662849,0.910400771037751,0.886927741989048,0.812908725937602,0.81123818959498,0,1e+05,1698.94155401349,98496.2173608304,5978911.58698727,59.7891158698727,2023,"Total","GMoH report",18.1958741301273
0,1,0.0169509,0.00582263,0.00608145,0.00618317,0.00576847,0.00717949,0.00795874,0.00874319,0.00820121,0.00758997,0.00725907,0.00939423,0.0115083,0.0175009,0.0233424,0.0397469,0.0417763,0.152744,0.115465326595,0.0167004984249035,0.0230224179570613,0.0299518729555364,0.0304452299192997,0.0284323225015487,0.0352644972368328,0.0390173771004391,0.0427808473090402,0.040182193482474,0.0372431637608747,0.0356484141654598,0.0458933190142909,0.0559322861774598,0.0838364659812709,0.110276693286569,0.18077171209166,0.189128751361266,1,0.983299501575096,0.976977582042939,0.970048127044464,0.9695547700807,0.971567677498451,0.964735502763167,0.960982622899561,0.95721915269096,0.959817806517526,0.962756836239125,0.96435158583454,0.954106680985709,0.94406771382254,0.916163534018729,0.889723306713431,0.81922828790834,0.810871248638734,0,1e+05,1670.04984249035,98522.7830080027,6085038.59391064,60.8503859391064,2023,"Total","GMoH report",17.1346040608936
0,1,0.0173539,0.00623118,0.00642317,0.00630727,0.00625789,0.00763209,0.00832547,0.00965547,0.0082602,0.00819571,0.00759,0.0102489,0.012421,0.0185714,0.0235248,0.0422046,0.0418274,0.151756,0.114661160245,0.0170913077514962,0.0246179225862777,0.0316082865059096,0.0310467986457638,0.0308074755175832,0.0374459724208661,0.040778597524176,0.0471394657564319,0.0404653698793074,0.0401557870365664,0.037243308226404,0.0499643021590064,0.0602345661350901,0.0887370709035543,0.111090542985912,0.190882681907877,0.189338189528309,1,0.982908692248504,0.975382077413722,0.96839171349409,0.968953201354236,0.969192524482417,0.962554027579134,0.959221402475824,0.952860534243568,0.959534630120693,0.959844212963434,0.962756691773596,0.950035697840994,0.93976543386491,0.911262929096446,0.888909457014088,0.809117318092123,0.810661810471691,0,1e+05,1709.13077514962,98486.8401425395,5984951.35260347,59.8495135260347,2023,"Total","GMoH report",18.1354764739653
0,1,0.0175943,0.00627013,0.00670771,0.00677652,0.00662951,0.0077544,0.00856036,0.00969645,0.00863043,0.00814326,0.0080659,0.0102394,0.0119186,0.0183644,0.0226761,0.04126,0.04185,0.153019,0.114181454065,0.0173242946784577,0.0247698990260397,0.032985408611998,0.0333181472716272,0.0326071268167428,0.038034660079695,0.0419049953842806,0.0473348011680355,0.0422407601900818,0.0399039298113118,0.0395323402421031,0.0499191447725401,0.05786871483832,0.0877914086380199,0.107297762991567,0.187009926120654,0.189430802308476,1,0.982675705321542,0.97523010097396,0.967014591388002,0.966681852728373,0.967392873183257,0.961965339920305,0.95809500461572,0.952665198831965,0.957759239809918,0.960096070188688,0.960467659757897,0.95008085522746,0.94213128516168,0.91220859136198,0.892702237008433,0.812990073879346,0.810569197691524,0,1e+05,1732.42946784577,98465.3818478579,5947907.96412688,59.4790796412688,2023,"Total","GMoH report",18.5059103587312
0,1,0.0171583,0.00656555,0.00682017,0.00675008,0.0066936,0.0080089,0.00858623,0.00998732,0.00896287,0.00851365,0.00812028,0.0103171,0.0126353,0.0197198,0.0238575,0.0426864,0.0428542,0.153835,0.115051470265,0.0169016615813499,0.0259218180154572,0.0335291635122221,0.0331903069324535,0.0329171641747006,0.0392584573522783,0.0420289739083963,0.0487201409058212,0.0438321943505531,0.0416811041687346,0.0397935628192748,0.050288423270685,0.0612419732388383,0.0939664986021627,0.112573211515663,0.19285164396286,0.193536382854673,1,0.98309833841865,0.974078181984543,0.966470836487778,0.966809693067546,0.967082835825299,0.960741542647722,0.957971026091604,0.951279859094179,0.956167805649447,0.958318895831265,0.960206437180725,0.949711576729315,0.938758026761162,0.906033501397837,0.887426788484337,0.80714835603714,0.806463617145327,0,1e+05,1690.16615813499,98504.2899433506,5898809.14865178,58.9880914865178,2023,"Total","GMoH report",18.9968985134822
0,1,0.0174595,0.00676828,0.00694982,0.00672175,0.00677402,0.00789736,0.00868781,0.0100939,0.00905802,0.00869304,0.00796023,0.010244,0.0129554,0.0190545,0.0246564,0.0420385,0.0426444,0.154223,0.114450440725,0.017193664412598,0.0267115376676693,0.0341556607642682,0.0330533097873423,0.0333060602051232,0.0387222903330387,0.0425156306962031,0.0492272623416247,0.0442872138284931,0.0425406804089446,0.0390245392302088,0.0499410107155741,0.0627447903575059,0.0909404385348445,0.11612400048604,0.190202889567311,0.192680173972606,1,0.982806335587402,0.973288462332331,0.965844339235732,0.966946690212658,0.966693939794877,0.961277709666961,0.957484369303797,0.950772737658375,0.955712786171507,0.957459319591055,0.960975460769791,0.950058989284426,0.937255209642494,0.909059561465156,0.88387599951396,0.809797110432689,0.807319826027393,0,1e+05,1719.3664412598,98477.4158057102,5885461.68430408,58.8546168430408,2023,"Total","GMoH report",19.1303731569592
0,1,0.0175573,0.00695973,0.00694339,0.00688175,0.00691115,0.00842475,0.0090903,0.00996801,0.00903474,0.00835965,0.00805391,0.0107973,0.0129289,0.0188296,0.0239048,0.0412812,0.0418395,0.152298,0.114255285715,0.0172884424919813,0.0274567370469445,0.03412459900135,0.0338267813682968,0.0339688406179088,0.0412548455988527,0.0444415328351711,0.0486282332126353,0.044175905449987,0.0409425857819204,0.0394747350907629,0.0525675314808544,0.0626204656540145,0.0899153259463992,0.112783813724214,0.187097025660735,0.189387775425239,1,0.982711557508019,0.972543262953055,0.96587540099865,0.966173218631703,0.966031159382091,0.958745154401147,0.955558467164829,0.951371766787365,0.955824094550013,0.95905741421808,0.960525264909237,0.947432468519146,0.937379534345985,0.910084674053601,0.887216186275786,0.812902974339265,0.810612224574761,0,1e+05,1728.84424919813,98468.6853444507,5867371.6034962,58.673716034962,2023,"Total","GMoH report",19.311273965038
0,1,0.016624,0.00588259,0.00614544,0.00600766,0.00593735,0.00714057,0.00781021,0.00875583,0.00812837,0.00773309,0.00746079,0.00955364,0.0120217,0.0176951,0.0228924,0.0399669,0.0417244,0.151635,0.1161176392,0.016383269797906,0.023256740264574,0.0302622627007705,0.0295938258898859,0.0292525435267289,0.0350766812553217,0.0383031606785912,0.0428413706050382,0.0398324184128636,0.0379321187789787,0.0366208979273809,0.0466539132700664,0.0583546934542525,0.084727352559319,0.108265837834872,0.181681394668553,0.188915984718073,1,0.983616730202094,0.976743259735426,0.96973773729923,0.970406174110114,0.970747456473271,0.964923318744678,0.961696839321409,0.957158629394962,0.960167581587136,0.962067881221021,0.963379102072619,0.953346086729934,0.941645306545748,0.915272647440681,0.891734162165128,0.818318605331447,0.811084015281927,0,1e+05,1638.32697979061,98551.9116813403,6081872.21675365,60.8187221675365,2023,"Total","GMoH report",17.1662678324635
0,1,0.0179589,0.00681712,0.00707498,0.0074871,0.00690748,0.00814844,0.00877662,0.0102841,0.00918607,0.00826648,0.00823223,0.0105188,0.0127583,0.019312,0.024451,0.0415688,0.0430263,0.153516,0.113453912995,0.0176774503738119,0.0269016958227457,0.0347600827739401,0.0367476663678433,0.0339511084927709,0.0399288062941022,0.0429409098788478,0.0501316039300572,0.0448992312959236,0.0404955116569942,0.0403311125140707,0.0512463741002848,0.0618197138615989,0.0921127942916015,0.11521235666779,0.188277794989139,0.194238129880777,1,0.982322549626188,0.973098304177254,0.96523991722606,0.963252333632157,0.966048891507229,0.960071193705898,0.957059090121152,0.949868396069943,0.955100768704076,0.959504488343006,0.959668887485929,0.948753625899715,0.938180286138401,0.907887205708399,0.88478764333221,0.811722205010861,0.805761870119223,0,1e+05,1767.74503738119,98432.8125542872,5848980.10200865,58.4898010200865,2023,"Total","GMoH report",19.4951889799135
0,1,0.0172159,0.00672713,0.0071325,0.00688993,0.00676722,0.00808998,0.0089052,0.0100515,0.00895104,0.00809587,0.00776671,0.010582,0.0132731,0.0187203,0.0243581,0.0416215,0.0427871,0.154132,0.114936532345,0.0169575155519118,0.0265512920139089,0.0350377334160255,0.0338663087582433,0.0332731826325632,0.0396480207624799,0.0435563059604035,0.0490255492297919,0.0437756069773047,0.0396763142935017,0.0380938895183474,0.0515463415346995,0.0642340379763406,0.0894167299746394,0.114799741067744,0.1884939931593,0.193262631183248,1,0.983042484448088,0.973448707986091,0.964962266583975,0.966133691241757,0.966726817367437,0.96035197923752,0.956443694039597,0.950974450770208,0.956224393022695,0.960323685706498,0.961906110481653,0.9484536584653,0.935765962023659,0.910583270025361,0.885200258932256,0.8115060068407,0.806737368816752,0,1e+05,1695.75155519118,98499.1522482811,5881478.98989876,58.8147898989876,2023,"Total","GMoH report",19.1702001010124
0,1,0.0176195,0.00650209,0.00683524,0.00676643,0.00650117,0.00788869,0.00854936,0.00990319,0.00894097,0.00855115,0.00798933,0.0101859,0.0125694,0.0184778,0.023651,0.0419381,0.0412162,0.153692,0.114131168725,0.0173487114938428,0.0256744843836676,0.0336020055686425,0.0332693629609504,0.0319859841977823,0.0386806018083022,0.0418522745941886,0.0483196532332427,0.0437274357714758,0.0418608538979758,0.0391644065789662,0.0496647983268074,0.0609322940576785,0.0883095829695148,0.111653223998055,0.189791737802194,0.186829948673689,1,0.982651288506157,0.974325515616332,0.966397994431358,0.96673063703905,0.968014015802218,0.961319398191698,0.958147725405811,0.951680346766757,0.956272564228524,0.958139146102024,0.960835593421034,0.950335201673193,0.939067705942321,0.911690417030485,0.888346776001945,0.810208262197806,0.813170051326311,0,1e+05,1734.87114938427,98463.1317224822,5918943.69556225,59.1894369556225,2023,"Total","GMoH report",18.7955530443775
0,1,0.0171455,0.00621698,0.00642649,0.00629405,0.00634324,0.00740095,0.0078285,0.00909266,0.00845013,0.00768309,0.00743842,0.00988589,0.0120077,0.0185522,0.0231118,0.0410014,0.0427972,0.151247,0.115077012025,0.016889248766692,0.0245625107241563,0.0316243658232021,0.0309827328261391,0.0312210927884515,0.0363325122339553,0.038391137451159,0.0444528141863997,0.0413765567904214,0.0376914823717609,0.0365131005563982,0.0482372789168224,0.058288716448746,0.0886493966582902,0.109246775911237,0.185946801982942,0.193303842029715,1,0.983110751233308,0.975437489275844,0.968375634176798,0.969017267173861,0.968778907211549,0.963667487766045,0.961608862548841,0.9555471858136,0.958623443209579,0.962308517628239,0.963486899443602,0.951762721083178,0.941711283551254,0.91135060334171,0.890753224088763,0.814053198017058,0.806696157970285,0,1e+05,1688.9248766692,98505.4315516726,6021512.72692567,60.2151272692567,2023,"Total","GMoH report",17.7698627307433
0,1,0.0172616,0.00605863,0.00637486,0.00608868,0.00603848,0.00722411,0.00787053,0.00907623,0.00795941,0.00735655,0.00726474,0.00970699,0.0118966,0.0175958,0.0227733,0.0410194,0.0420189,0.152459,0.11484534028,0.0170018259445918,0.0239443797253295,0.0313742833402637,0.0299869476785218,0.0297433878680661,0.0354797754975755,0.0385932761555487,0.0443742722474977,0.0390205976619096,0.0361184814629837,0.035675762159032,0.0473850348513702,0.057764982765092,0.0842719203593523,0.107732915016156,0.186020841713539,0.190122639552291,1,0.982998174055408,0.97605562027467,0.968625716659736,0.970013052321478,0.970256612131934,0.964520224502424,0.961406723844451,0.955625727752502,0.96097940233809,0.963881518537016,0.964324237840968,0.95261496514863,0.942235017234908,0.915728079640648,0.892267084983844,0.813979158286461,0.809877360447709,0,1e+05,1700.18259445917,98495.0754541396,6060851.89189191,60.6085189189191,2023,"Total","GMoH report",17.3764710810809
0,1,0.0181183,0.0069229,0.00716664,0.00701435,0.00719352,0.00829781,0.00888542,0.0105399,0.00917863,0.00844015,0.00821508,0.0108,0.0133977,0.0191251,0.0245266,0.0415045,0.0427554,0.153643,0.113135838265,0.0178317707105017,0.0273134237967943,0.0352024910488738,0.0344673351197568,0.0353321929091602,0.0406458707187286,0.0434616621937755,0.0513465317256617,0.0448636821527068,0.0413286989538124,0.0402487825780468,0.0525803310613437,0.0648174868897432,0.0912620122249896,0.115548000996875,0.188013938702777,0.19313327403799,1,0.982168229289498,0.972686576203206,0.964797508951126,0.965532664880243,0.96466780709084,0.959354129281271,0.956538337806225,0.948653468274338,0.955136317847293,0.958671301046188,0.959751217421953,0.947419668938656,0.935182513110257,0.90873798777501,0.884451999003125,0.811986061297224,0.80686672596201,0,1e+05,1783.17707105017,98418.564161658,5832962.37508374,58.3296237508374,2023,"Total","GMoH report",19.6553662491626
0,1,0.0167138,0.00620867,0.00645314,0.00623595,0.00605034,0.00749252,0.00819936,0.00953294,0.00809817,0.00764998,0.00747167,0.00974382,0.0122794,0.0183492,0.0233369,0.0410156,0.0427815,0.150801,0.11593844779,0.0164704324297186,0.0245300816360968,0.0317534267295856,0.0307011233250036,0.0298009355194728,0.0367737793076545,0.0401733113937268,0.0465551806406586,0.039687362479474,0.0375321004553956,0.0366733225895189,0.0475605464897555,0.0595683412753584,0.08772193182155,0.110252141970142,0.186005211607027,0.193239780794816,1,0.983529567570281,0.975469918363903,0.968246573270414,0.969298876674996,0.970199064480527,0.963226220692345,0.959826688606273,0.953444819359341,0.960312637520526,0.962467899544604,0.963326677410481,0.952439453510245,0.940431658724642,0.91227806817845,0.889747858029858,0.813994788392973,0.806760219205184,0,1e+05,1647.04324297186,98543.9123940613,6021228.22410009,60.2122822410009,2023,"Total","GMoH report",17.7727077589991
0,1,0.0172494,0.00629436,0.00661163,0.00645336,0.0066396,0.00762169,0.00814877,0.00949171,0.00866272,0.00783446,0.00802319,0.00979248,0.0128578,0.0182237,0.02355,0.041212,0.0426161,0.153198,0.11486968477,0.0169899972845165,0.0248644286695194,0.0325206143267471,0.0317544920775166,0.03265594398578,0.0373959001053158,0.0399303910679432,0.0463584964882439,0.0423954502138096,0.0384198039567328,0.039327127460574,0.0477923850628006,0.0622868212735717,0.0871480980154879,0.111202927635462,0.186812688684805,0.192564617509395,1,0.983010002715483,0.975135571330481,0.967479385673253,0.968245507922483,0.96734405601422,0.962604099894684,0.960069608932057,0.953641503511756,0.95760454978619,0.961580196043267,0.960672872539426,0.952207614937199,0.937713178726428,0.912851901984512,0.888797072364538,0.813187311315195,0.807435382490605,0,1e+05,1698.99972845166,98496.1638347799,5969540.56402731,59.6954056402731,2023,"Total","GMoH report",18.2895843597269
0,1,0.0170154,0.0061282,0.00654323,0.0061425,0.00626436,0.00761477,0.00829114,0.00972174,0.00829491,0.00804244,0.00765983,0.0098907,0.0121286,0.01803,0.0238811,0.0408045,0.0424952,0.154299,0.11533662007,0.0167630672043097,0.0242159990294949,0.0321895902681739,0.0302480040872354,0.0308388360721575,0.0373625813412012,0.0406138619613445,0.0474553290728483,0.0406319539961936,0.0394196250762543,0.0375795181978072,0.0482601825315871,0.0588583272308692,0.0862617515489319,0.112678295871177,0.18513649474994,0.192070784044663,1,0.98323693279569,0.975784000970505,0.967810409731826,0.969751995912765,0.969161163927842,0.962637418658799,0.959386138038655,0.952544670927152,0.959368046003806,0.960580374923746,0.962420481802193,0.951739817468413,0.941141672769131,0.913738248451068,0.887321704128823,0.81486350525006,0.807929215955337,0,1e+05,1676.30672043096,98517.0328309042,5995793.05338543,59.9579305338543,2023,"Total","GMoH report",18.0270594661457
0,1,0.0174905,0.00657674,0.00642341,0.00650856,0.00653439,0.0077215,0.00820531,0.00979817,0.00844176,0.00817365,0.00807121,0.0102897,0.0127493,0.0183013,0.0233438,0.0415624,0.0434017,0.152721,0.114388581775,0.0172237084334474,0.0259654243106385,0.0316094488750045,0.0320217611161743,0.0321468006679582,0.0378763445145767,0.0402018778246662,0.0478194912388213,0.0413364196648257,0.0400498660312835,0.0395578506996365,0.0501582174741408,0.0617774518333526,0.0875029554055892,0.11028294261071,0.18825153590976,0.195766953532203,1,0.982776291566553,0.974034575689361,0.968390551124996,0.967978238883826,0.967853199332042,0.962123655485423,0.959798122175334,0.952180508761179,0.958663580335174,0.959950133968717,0.960442149300364,0.949841782525859,0.938222548166647,0.912497044594411,0.88971705738929,0.81174846409024,0.804233046467797,0,1e+05,1722.37084334475,98474.6487147161,5954195.02651448,59.5419502651448,2023,"Total","GMoH report",18.4430397348552
0,1,0.0170815,0.0060586,0.00641285,0.00627803,0.00620987,0.00743641,0.00803548,0.00920541,0.00837017,0.00777264,0.00774021,0.0096913,0.0123908,0.018146,0.0229683,0.0410017,0.0420801,0.151525,0.115204720825,0.0168271802148456,0.0239442625814481,0.0315583033361273,0.0309050922591113,0.0305746879070171,0.0365034141155917,0.0393861827897907,0.0449916339082614,0.0409930529450768,0.0381224203762175,0.0379663806029825,0.0473102553068615,0.0600925141879984,0.0867926513705739,0.108605302099472,0.185948036027979,0.1903731925504,1,0.983172819785154,0.976055737418552,0.968441696663873,0.969094907740889,0.969425312092983,0.963496585884408,0.960613817210209,0.955008366091739,0.959006947054923,0.961877579623783,0.962033619397017,0.952689744693138,0.939907485812002,0.913207348629426,0.891394697900528,0.814051963972021,0.8096268074496,0,1e+05,1682.71802148456,98511.1390384078,6022467.66965811,60.2246766965811,2023,"Total","GMoH report",17.7603133034189
0,1,0.0166502,0.00558131,0.0061693,0.00619976,0.00599753,0.00723378,0.0077644,0.00919034,0.00793637,0.00796127,0.00705114,0.00945285,0.0123193,0.0179313,0.0229434,0.040376,0.0414812,0.153154,0.11606535841,0.0164087018365416,0.0220787829360227,0.0303779729290225,0.0305256704238328,0.0295446625007793,0.0355264241586246,0.0380827752496294,0.0449196332445189,0.0389098427286589,0.03902953826965,0.0346449834288635,0.0461730819555903,0.0597561161944153,0.0858097969690234,0.10849394978146,0.183370574236561,0.187918307733149,1,0.983591298163458,0.977921217063977,0.969622027070978,0.969474329576167,0.970455337499221,0.964473575841375,0.96191722475037,0.955080366755481,0.961090157271341,0.96097046173035,0.965355016571137,0.95382691804441,0.940243883805585,0.914190203030977,0.89150605021854,0.816629425763439,0.812081692266851,0,1e+05,1640.87018365416,98549.578002316,6072706.66465477,60.7270666465477,2023,"Total","GMoH report",17.2579233534522
0,1,0.0167315,0.0061136,0.00639152,0.0063594,0.00639714,0.00759442,0.00809331,0.00945476,0.00847246,0.00774014,0.00747346,0.0097316,0.0127645,0.018092,0.0228132,0.0405082,0.0420863,0.151701,0.115903128325,0.0164876108611089,0.0241590030380531,0.0314549870528794,0.0312993867005414,0.0314822097419288,0.0372645925820084,0.0396640170357118,0.0461821960501815,0.0414836290309511,0.0379660437650313,0.0366819473346804,0.0475023161503775,0.0618488266311662,0.0865455449996651,0.107911484315059,0.183915759116402,0.190398571500632,1,0.983512389138891,0.975840996961947,0.968545012947121,0.968700613299459,0.968517790258071,0.962735407417992,0.960335982964288,0.953817803949819,0.958516370969049,0.962033956234969,0.96331805266532,0.952497683849623,0.938151173368834,0.913454455000335,0.892088515684941,0.816084240883598,0.809601428499368,0,1e+05,1648.7610861109,98542.3354816299,6010453.452727,60.10453452727,2023,"Total","GMoH report",17.88045547273
0,1,0.0171378,0.00621494,0.00658849,0.00623096,0.00633682,0.00791506,0.00841208,0.00958322,0.00851119,0.00800499,0.00759774,0.00988482,0.012703,0.018884,0.0232165,0.0406489,0.0421234,0.152668,0.11509237699,0.0168817815390374,0.0245545498913959,0.0324086399986384,0.0306769331416788,0.0311899866716484,0.0388073928920398,0.0411940802534538,0.0467949834468316,0.0416693114330601,0.0392396671423063,0.0372805796224483,0.0482321838608222,0.061560008044526,0.090163386522283,0.109714531451397,0.184495638137302,0.190550420991063,1,0.983118218460963,0.975445450108604,0.967591360001362,0.969323066858321,0.968810013328352,0.96119260710796,0.958805919746546,0.953205016553168,0.95833068856694,0.960760332857694,0.962719420377552,0.951767816139178,0.938439991955474,0.909836613477717,0.890285468548603,0.815504361862698,0.809449579008937,0,1e+05,1688.17815390375,98506.1182826116,5978044.6921391,59.780446921391,2023,"Total","GMoH report",18.204543078609
0,1,0.0168255,0.00601677,0.00624842,0.00633746,0.00636549,0.00730966,0.00799837,0.00965127,0.00855165,0.00757197,0.00745088,0.00987272,0.0120311,0.0185719,0.0230638,0.0405698,0.0421405,0.152252,0.115715556025,0.0165788313943492,0.0237809114508201,0.0307615719465444,0.0311930876370591,0.0313288906496465,0.0358923969541994,0.0392078527176469,0.047119443813759,0.0418632503381151,0.0371564806088113,0.0365731447186959,0.0481745650210631,0.0583989897849944,0.0887393539795672,0.109032254709573,0.184169682079888,0.190620402338171,1,0.983421168605651,0.97621908854918,0.969238428053456,0.968806912362941,0.968671109350353,0.964107603045801,0.960792147282353,0.952880556186241,0.958136749661885,0.962843519391189,0.963426855281304,0.951825434978937,0.941601010215006,0.911260646020433,0.890967745290427,0.815830317920112,0.809379597661829,0,1e+05,1657.88313943491,98533.9597298693,6021754.15824579,60.2175415824579,2023,"Total","GMoH report",17.7674484175421
0,1,0.0165197,0.00616555,0.00638342,0.00628814,0.00621034,0.00746884,0.00812067,0.00932372,0.00842895,0.00811693,0.00743165,0.00977044,0.01216,0.0181315,0.0234247,0.0404434,0.0431801,0.152351,0.116325764635,0.0162820146090995,0.0243617923029333,0.0314157501799655,0.0309540908577838,0.0305769666030658,0.0366596866646294,0.039795435992007,0.0455567050939535,0.0412749879752647,0.0397774725983556,0.0364804747004804,0.0476873832089987,0.0590062111801242,0.0867263050021345,0.110643994079703,0.183648568692368,0.194864796501467,1,0.9837179853909,0.975638207697067,0.968584249820034,0.969045909142216,0.969423033396934,0.963340313335371,0.960204564007993,0.954443294906047,0.958725012024735,0.960222527401644,0.96351952529952,0.952312616791001,0.940993788819876,0.913273694997865,0.889356005920297,0.816351431307632,0.805135203498533,0,1e+05,1628.20146090996,98561.2003190102,6015943.43861382,60.1594343861382,2023,"Total","GMoH report",17.8255556138618
0,1,0.0168258,0.0060422,0.00644067,0.00645988,0.00633767,0.0075144,0.00819572,0.00955671,0.00865924,0.00794211,0.00750459,0.00992234,0.0121976,0.0185239,0.0232114,0.0411368,0.042032,0.151942,0.11571495739,0.0165791224979644,0.0238802218471108,0.0316930389864774,0.0317860645926481,0.031194105139206,0.036879187582083,0.0401558350489319,0.046668555375396,0.0423787799341084,0.0389374364906825,0.0368319286906682,0.0484108282559082,0.0591832655017885,0.0885201538072258,0.109691752159795,0.186503597070115,0.190176276830637,1,0.983420877502036,0.976119778152889,0.968306961013523,0.968213935407352,0.968805894860794,0.963120812417917,0.959844164951068,0.953331444624604,0.957621220065892,0.961062563509318,0.963168071309332,0.951589171744092,0.940816734498212,0.911479846192774,0.890308247840205,0.813496402929885,0.809823723169363,0,1e+05,1657.91224979644,98533.9329955451,5998709.10978451,59.9870910978451,2023,"Total","GMoH report",17.9978989021549
0,1,0.017687,0.00672147,0.0070309,0.00691512,0.00682932,0.00803877,0.00882492,0.0100774,0.00892259,0.00836365,0.00806983,0.0104757,0.0127173,0.0184264,0.0237842,0.0414921,0.0426413,0.152843,0.11399647585,0.0174141079662966,0.0265292488988083,0.0345472542747983,0.0339880218754221,0.0335733914163315,0.0394019911392243,0.0431721236562585,0.0491487704516269,0.0436395064405711,0.0409617751237163,0.0395512209270654,0.0510417547250665,0.0616271719164668,0.0880747486296276,0.112246752002552,0.187963046224383,0.192667516564767,1,0.982585892033703,0.973470751101192,0.965452745725202,0.966011978124578,0.966426608583668,0.960598008860776,0.956827876343741,0.950851229548373,0.956360493559429,0.959038224876284,0.960448779072935,0.948958245274933,0.938372828083533,0.911925251370372,0.887753247997448,0.812036953775617,0.807332483435233,0,1e+05,1741.41079662966,98457.1038971933,5886091.95617625,58.8609195617625,2023,"Total","GMoH report",19.1240704382375
0,1,0.0174274,0.00649835,0.00666619,0.00640284,0.00671558,0.00801864,0.00857863,0.00970715,0.00871597,0.00789644,0.00767234,0.0101496,0.0127523,0.0187391,0.0238168,0.0407674,0.0438671,0.151678,0.11451449467,0.0171625524658467,0.0256599059009768,0.0327845794114332,0.0315098191735077,0.0330234706032161,0.0393052631124892,0.0419925535508306,0.0473857973921129,0.042650498829297,0.0387178667212688,0.0376397378345561,0.0494921852904404,0.0617915393808829,0.0895025088414242,0.112391958034698,0.184983735185497,0.197658713610448,1,0.982837447534153,0.974340094099023,0.967215420588567,0.968490180826492,0.966976529396784,0.960694736887511,0.958007446449169,0.952614202607887,0.957349501170703,0.961282133278731,0.962360262165444,0.95050781470956,0.938208460619117,0.910497491158576,0.887608041965302,0.815016264814503,0.802341286389552,0,1e+05,1716.25524658468,98480.2808557027,5941120.80005721,59.4112080005721,2023,"Total","GMoH report",18.5737819994279
0,1,0.0175553,0.00676162,0.00723067,0.0072727,0.00683056,0.0085913,0.00857501,0.0103921,0.00964357,0.00906657,0.00828011,0.010763,0.0132426,0.0189381,0.0245857,0.0414122,0.043445,0.154107,0.114259276615,0.0172865044647734,0.0266856041702606,0.0355114215734291,0.0357141541772871,0.0335793849901541,0.0420532693672136,0.0419752054830764,0.0506447370697438,0.0470827358525364,0.0443280906577137,0.040560927643524,0.0524049147561976,0.0640911658188193,0.0904100152265931,0.11581030637631,0.187635049507014,0.195943127107082,1,0.982713495535227,0.97331439582974,0.964488578426571,0.964285845822713,0.966420615009846,0.957946730632786,0.958024794516924,0.949355262930256,0.952917264147464,0.955671909342286,0.959439072356476,0.947595085243802,0.935908834181181,0.909589984773407,0.88418969362369,0.812364950492986,0.804056872892918,0,1e+05,1728.65044647735,98468.8639030574,5828603.11913417,58.2860311913417,2023,"Total","GMoH report",19.6989588086583
0,1,0.0169261,0.00595076,0.00617727,0.00644565,0.00640054,0.0074119,0.0079754,0.00965005,0.00837298,0.00790962,0.00726743,0.0099467,0.0122211,0.0177341,0.0242139,0.0418558,0.0417235,0.151755,0.115514813755,0.0166764389550161,0.0235230795977063,0.0304166208020454,0.0317171557870037,0.0314986786188818,0.0363852896785784,0.0390974553857904,0.0471136278391764,0.0410065328024396,0.0387812378634267,0.0356887365139903,0.0485267962883955,0.0592939080508009,0.0849061639928366,0.114158918413564,0.189454568662446,0.188912294682081,1,0.983323561044984,0.976476920402294,0.969583379197955,0.968282844212996,0.968501321381118,0.963614710321422,0.96090254461421,0.952886372160824,0.95899346719756,0.961218762136573,0.96431126348601,0.951473203711604,0.940706091949199,0.915093836007163,0.885841081586435,0.810545431337554,0.81108770531792,0,1e+05,1667.64389550161,98524.9936784969,6016071.3459521,60.160713459521,2023,"Total","GMoH report",17.824276540479
0,1,0.0176033,0.00638259,0.00654527,0.00638517,0.00636167,0.00771598,0.00836812,0.00972696,0.00849734,0.00801746,0.00740387,0.0102835,0.0122804,0.0181654,0.0229611,0.0411309,0.0424497,0.15231,0.114163495015,0.0173330151027396,0.025208568090779,0.0321994645270378,0.0314242274145978,0.0313103841708299,0.0378497796431722,0.0409832187683995,0.047480204866187,0.04160291472155,0.0392995927184097,0.0363465864965888,0.0501287524358157,0.0595730478577201,0.0868814110397465,0.108573105186269,0.18647934207284,0.191884862844296,1,0.98266698489726,0.974791431909221,0.967800535472962,0.968575772585402,0.96868961582917,0.962150220356828,0.9590167812316,0.952519795133813,0.95839708527845,0.96070040728159,0.963653413503411,0.949871247564184,0.94042695214228,0.913118588960254,0.891426894813731,0.81352065792716,0.808115137155704,0,1e+05,1733.30151027396,98464.5782480537,5975729.58045171,59.7572958045171,2023,"Total","GMoH report",18.2276941954829
0,1,0.0169395,0.00621038,0.0063809,0.00641155,0.00607678,0.00778892,0.00805144,0.00931067,0.00834374,0.00750452,0.00727972,0.0101267,0.0120184,0.0177592,0.0232812,0.0408625,0.0422276,0.151324,0.115488074725,0.0166894389689701,0.0245367548567455,0.0314035428338291,0.0315520068265776,0.0299292168343139,0.0382007436592441,0.0394628677207952,0.0454943918271175,0.0408662564534478,0.0368315914630836,0.0357480112194145,0.0493832759486276,0.0583391421353998,0.0850212275396927,0.110003468143636,0.185375258725793,0.190976773046278,1,0.98331056103103,0.975463245143254,0.968596457166171,0.968447993173422,0.970070783165686,0.961799256340756,0.960537132279205,0.954505608172882,0.959133743546552,0.963168408536916,0.964251988780585,0.950616724051372,0.9416608578646,0.914978772460307,0.889996531856364,0.814624741274207,0.809023226953723,0,1e+05,1668.94389689701,98523.7992205797,6019759.21205003,60.1975921205003,2023,"Total","GMoH report",17.7873978794997
0,1,0.0179495,0.00703548,0.00716075,0.00721009,0.00718191,0.00859823,0.00908979,0.0104512,0.00912024,0.00862274,0.00843735,0.011317,0.0130417,0.0187339,0.0241205,0.0424138,0.0451858,0.154266,0.113472670225,0.0176683484770822,0.0277514307282796,0.0351740682273525,0.0354121382404842,0.03527617422886,0.0420864769776413,0.0444390948989463,0.0509254206102942,0.0445846433801466,0.0422039165025422,0.0413152714853331,0.0550281169997836,0.0631495560859836,0.0894787835424837,0.113743617674694,0.191738141983817,0.202997490036744,1,0.982331651522918,0.97224856927172,0.964825931772648,0.964587861759516,0.96472382577114,0.957913523022359,0.955560905101054,0.949074579389706,0.955415356619853,0.957796083497458,0.958684728514667,0.944971883000216,0.936850443914016,0.910521216457516,0.886256382325306,0.808261858016183,0.797002509963256,0,1e+05,1766.8348477082,98433.6526203078,5811356.22550601,58.1135622550601,2023,"Total","GMoH report",19.8714277449399
0,1,0.0176149,0.00670766,0.00659129,0.0066974,0.006655,0.00769212,0.0084833,0.00994136,0.00874007,0.00836813,0.00780055,0.0105884,0.0122406,0.0190891,0.0238428,0.0413622,0.0426505,0.15289,0.114140347795,0.0173442545426032,0.0264754631891691,0.0324221898604862,0.0329355437236629,0.0327304471849602,0.0377349456742014,0.041535602557069,0.0485013759041049,0.0427659074384364,0.0409832667402326,0.038256691904903,0.0515767128345565,0.0593857082490177,0.0910980505100228,0.112507750515049,0.187429734580805,0.192705079967152,1,0.982655745457397,0.973524536810831,0.967577810139514,0.967064456276337,0.96726955281504,0.962265054325799,0.958464397442931,0.951498624095895,0.957234092561564,0.959016733259767,0.961743308095097,0.948423287165444,0.940614291750982,0.908901949489977,0.88749224948495,0.812570265419195,0.807294920032848,0,1e+05,1734.42545426033,98463.5424703134,5925522.5515024,59.255225515024,2023,"Total","GMoH report",18.729764484976
0,1,0.0176451,0.00643759,0.0068684,0.00674459,0.00678395,0.0081053,0.00859061,0.00990894,0.00898716,0.00842465,0.00786164,0.0104697,0.0122375,0.0190022,0.0237936,0.0413264,0.0426689,0.154852,0.114080085205,0.0173735146907074,0.0254230338628695,0.0337622680945485,0.033163760088364,0.0333540691563667,0.0397216110645953,0.0420499629200975,0.0483470304404681,0.0439483723645505,0.0412543660134128,0.0385505241434326,0.0510132660218282,0.0593711149519391,0.0907021490579286,0.112288623518618,0.187282700513724,0.192780202087836,1,0.982626485309293,0.97457696613713,0.966237731905451,0.966836239911636,0.966645930843633,0.960278388935405,0.957950037079903,0.951652969559532,0.95605162763545,0.958745633986587,0.961449475856567,0.948986733978172,0.940628885048061,0.909297850942071,0.887711376481382,0.812717299486276,0.807219797912164,0,1e+05,1737.35146907075,98460.8457345519,5905556.25823807,59.0555625823807,2023,"Total","GMoH report",18.9294274176193
0,1,0.0173547,0.0062049,0.00660208,0.00648001,0.00646146,0.00766064,0.00843802,0.00963264,0.00858522,0.00796837,0.00730489,0.010111,0.0122827,0.0177577,0.0242165,0.0415634,0.0435265,0.15266,0.114659563885,0.0170920832572099,0.0245153691716536,0.032474403475752,0.0318835359209915,0.0317937154484462,0.0375834174228839,0.041318484503475,0.0470306272468913,0.0420241339126266,0.0390636656464323,0.0358693950372165,0.0493086018175567,0.0595838729105053,0.0850143516205686,0.114170476631626,0.18825563894109,0.196274630715414,1,0.98290791674279,0.975484630828346,0.967525596524248,0.968116464079008,0.968206284551554,0.962416582577116,0.958681515496525,0.952969372753109,0.957975866087373,0.960936334353568,0.964130604962784,0.950691398182443,0.940416127089495,0.914985648379431,0.885829523368374,0.81174436105891,0.803725369284586,0,1e+05,1709.20832572099,98486.7687554948,5972659.42219262,59.7265942219262,2023,"Total","GMoH report",18.2583957780738
0,1,0.0170889,0.00649765,0.00677673,0.00663782,0.00642669,0.00766711,0.00840175,0.00966351,0.00857729,0.00821479,0.00798286,0.0103222,0.0128093,0.0186707,0.024616,0.0404762,0.0426563,0.153785,0.115189954495,0.0168343572727537,0.0256571772840407,0.0333191625784494,0.0326473322132211,0.0316253344483848,0.037614562528726,0.0411445347626449,0.0471777923301004,0.0419861319262262,0.0402473903505554,0.0391333106493739,0.0503126567365841,0.0620591638802711,0.0891903827996561,0.115944759500349,0.183783823053323,0.192728760440098,1,0.983165642727246,0.974342822715959,0.966680837421551,0.967352667786779,0.968374665551615,0.962385437471274,0.958855465237355,0.9528222076699,0.958013868073774,0.959752609649445,0.960866689350626,0.949687343263416,0.937940836119729,0.910809617200344,0.884055240499651,0.816216176946677,0.807271239559902,0,1e+05,1683.43572727536,98510.4791575447,5941792.17348929,59.4179217348929,2023,"Total","GMoH report",18.5670682651071
0,1,0.0168697,0.00587961,0.00621555,0.00628813,0.00609156,0.00737917,0.00808815,0.00918307,0.0081603,0.00781452,0.00736761,0.00964274,0.0120582,0.0179935,0.0232529,0.0412025,0.0418956,0.150719,0.115627357135,0.0166217188941435,0.0232450958045136,0.0306022258379818,0.0309540423935102,0.0300009190045713,0.0362275272935531,0.0396392299065778,0.0448848971195216,0.03998576049655,0.0383238929305411,0.0361718006986368,0.0470787789379595,0.0585266838519413,0.086094640227659,0.109877097120894,0.186773647021492,0.189617638193275,1,0.983378281105857,0.976754904195486,0.969397774162018,0.96904595760649,0.969999080995429,0.963772472706447,0.960360770093422,0.955115102880478,0.96001423950345,0.961676107069459,0.963828199301363,0.952921221062041,0.941473316148059,0.913905359772341,0.890122902879106,0.813226352978508,0.810382361806725,0,1e+05,1662.17188941434,98530.0206532627,6045402.76911703,60.4540276911703,2023,"Total","GMoH report",17.5309623088297
0,1,0.0175179,0.00636534,0.00656329,0.00647901,0.00657182,0.00780865,0.00832224,0.00972514,0.00910301,0.00805409,0.00796752,0.010064,0.0126111,0.0181756,0.022992,0.0414884,0.0415896,0.152647,0.114333906445,0.0172502620113513,0.0251412942283925,0.0322866828434018,0.0318786940560596,0.0323279660651346,0.0382956565536312,0.0407630992619946,0.0474715317688341,0.0445022880667634,0.0394755999137271,0.0390595800371559,0.0490850208747903,0.0611282633937865,0.0869280751913789,0.108711275863373,0.187947860011724,0.188363131740421,1,0.982749737988649,0.974858705771607,0.967713317156598,0.96812130594394,0.967672033934865,0.961704343446369,0.959236900738005,0.952528468231166,0.955497711933237,0.960524400086273,0.960940419962844,0.95091497912521,0.938871736606213,0.913071924808621,0.891288724136627,0.812052139988276,0.811636868259579,0,1e+05,1725.02620113513,98472.2027831606,5953609.09997537,59.5360909997537,2023,"Total","GMoH report",18.4488990002463
0,1,0.017258,0.00643703,0.00673844,0.00672632,0.00682186,0.00808306,0.00878405,0.0102447,0.0088812,0.00865642,0.00773772,0.0101919,0.0121291,0.0179708,0.0234651,0.0414153,0.0431152,0.151199,0.1148525239,0.0169983355485298,0.0254208504461058,0.0331340209693483,0.0330754105119138,0.0335373325317376,0.0396147784228044,0.0429764811029197,0.0499443380987006,0.0434414690624074,0.0423652710509234,0.0379543987247488,0.0496933264650033,0.0588606822473832,0.0859906960007732,0.110824245020428,0.187647777501142,0.194600410908946,1,0.98300166445147,0.974579149553894,0.966865979030652,0.966924589488086,0.966462667468262,0.960385221577196,0.95702351889708,0.950055661901299,0.956558530937593,0.957634728949077,0.962045601275251,0.950306673534997,0.941139317752617,0.914009303999227,0.889175754979572,0.812352222498858,0.805399589091053,0,1e+05,1699.83355485299,98495.3966191318,5916130.33336768,59.1613033336768,2023,"Total","GMoH report",18.8236866663232
0,1,0.0176628,0.00648726,0.00691475,0.00676924,0.00703833,0.00805382,0.00886849,0.010209,0.00904754,0.00835867,0.00750652,0.0102538,0.0127086,0.0187835,0.0240979,0.0416756,0.0421658,0.15353,0.11404476574,0.0173906630764392,0.0256166759258663,0.0339862342173637,0.0332829493203567,0.0345831312741481,0.0394743026789946,0.0433806478948769,0.049774627080342,0.044237107501001,0.0409378843358462,0.0368412264912964,0.0499875930460608,0.0615863105348423,0.0897050624009781,0.113643099859726,0.188715881067462,0.190723932063493,1,0.982609336923561,0.974383324074134,0.966013765782636,0.966717050679643,0.965416868725852,0.960525697321005,0.956619352105123,0.950225372919658,0.955762892498999,0.959062115664154,0.963158773508704,0.950012406953939,0.938413689465158,0.910294937599022,0.886356900140274,0.811284118932538,0.809276067936507,0,1e+05,1739.06630764392,98459.2651020177,5892545.30206986,58.9254530206986,2023,"Total","GMoH report",19.0595369793014
0,1,0.0175036,0.0064571,0.00660908,0.00628256,0.00633096,0.00781434,0.00851426,0.00972859,0.00844678,0.00798363,0.00730794,0.0103111,0.0122891,0.0182226,0.0231698,0.0413668,0.0425642,0.153304,0.11436244138,0.0172364039281061,0.0254990995288643,0.0325082755161296,0.0309270474223654,0.0311615930029058,0.0383230270912004,0.0416840283617027,0.0474879724648944,0.0413604925469115,0.0391370114531311,0.0358841028240206,0.050259912539534,0.0596139941608934,0.0871430668739566,0.109505924099499,0.187448625496979,0.192352657535336,1,0.982763596071894,0.974500900471136,0.96749172448387,0.969072952577635,0.968838406997094,0.9616769729088,0.958315971638297,0.952512027535106,0.958639507453088,0.960862988546869,0.96411589717598,0.949740087460466,0.940386005839107,0.912856933126043,0.890494075900501,0.812551374503021,0.807647342464664,0,1e+05,1723.64039281062,98473.4793305724,5970123.4316577,59.701234316577,2023,"Total","GMoH report",18.283755683423
0,1,0.0168706,0.0061075,0.00644742,0.00643767,0.00632777,0.00747922,0.00804417,0.00934599,0.00833125,0.00766056,0.00782278,0.00999679,0.0127016,0.0179435,0.0230042,0.0409789,0.0423943,0.152231,0.11562556123,0.016622592132078,0.0241351886703912,0.0317257272785739,0.0316785105081426,0.0311461360369241,0.0367097001903557,0.0394279374215787,0.0456630343441254,0.0408063306445441,0.037583032314924,0.0383636245135694,0.0487652110642134,0.0615534323104151,0.0858656732309511,0.108765823128943,0.185854243819829,0.191658436828865,1,0.983377407867922,0.975864811329609,0.968274272721426,0.968321489491857,0.968853863963076,0.963290299809644,0.960572062578421,0.954336965655875,0.959193669355456,0.962416967685076,0.961636375486431,0.951234788935787,0.938446567689585,0.914134326769049,0.891234176871057,0.814145756180171,0.808341563171135,0,1e+05,1662.2592132078,98529.9404412291,6007969.4648829,60.0796946488289,2023,"Total","GMoH report",17.9052953511711
0,1,0.0169067,0.00597979,0.00603882,0.00595267,0.00581584,0.00729432,0.00753575,0.0090965,0.00779184,0.00709889,0.00751836,0.00921978,0.012186,0.0175788,0.02283,0.040523,0.0420768,0.151419,0.115553525485,0.0166576174599215,0.0236364776545719,0.0297450376789096,0.0293269163619493,0.0286624593066648,0.0358184224125689,0.0369820316377152,0.044471170005121,0.038214791154232,0.0348755065384728,0.0368982639211642,0.0450602852090874,0.0591286458055344,0.084193929385304,0.107986661305962,0.183976773062927,0.190359684109186,1,0.983342382540079,0.976363522345428,0.97025496232109,0.970673083638051,0.971337540693335,0.964181577587431,0.963017968362285,0.955528829994879,0.961785208845768,0.965124493461527,0.963101736078836,0.954939714790913,0.940871354194466,0.915806070614696,0.892013338694038,0.816023226937073,0.809640315890814,0,1e+05,1665.76174599215,98526.7228963753,6093885.11118561,60.938851111856,2023,"Total","GMoH report",17.0461388881439
0,1,0.0177537,0.0066219,0.00687552,0.00667669,0.00659654,0.00799851,0.00843246,0.0101518,0.00871767,0.00852525,0.00771847,0.0103512,0.0130133,0.0182027,0.0236689,0.0416375,0.0432464,0.152957,0.113863379335,0.0174787211973185,0.0261413886766443,0.0337966757007155,0.032835371016716,0.0324475953484503,0.0392085255409389,0.041291820929218,0.0495026475563438,0.0426586401317075,0.0417367102767822,0.0378617627992178,0.0504504434250466,0.0630163725962336,0.0870520443794361,0.111733006600201,0.188559621861821,0.195134805381386,1,0.982521278802681,0.973858611323356,0.966203324299284,0.967164628983284,0.96755240465155,0.960791474459061,0.958708179070782,0.950497352443656,0.957341359868292,0.958263289723218,0.962138237200782,0.949549556574953,0.936983627403766,0.912947955620564,0.888266993399799,0.811440378138179,0.804865194618614,0,1e+05,1747.87211973185,98451.1465064662,5912410.67718013,59.1241067718013,2023,"Total","GMoH report",18.8608832281987
0,1,0.0174055,0.00656564,0.0068725,0.00680791,0.00672711,0.00816823,0.00881624,0.00969798,0.00898271,0.00854127,0.00791591,0.010475,0.0126887,0.0187875,0.0243399,0.0417405,0.0426051,0.152354,0.114558195025,0.0171413254795485,0.0259221687440151,0.0337820816103325,0.0334698998355268,0.0330792309369297,0.0400238401700201,0.0431305762217274,0.04734209331469,0.0439270892405207,0.041813499037686,0.038811479552244,0.051038431085937,0.0614928395180193,0.0897233083604453,0.114718884554575,0.188981992821577,0.192519697581433,1,0.982858674520452,0.974077831255985,0.966217918389668,0.966530100164473,0.96692076906307,0.95997615982998,0.956869423778273,0.95265790668531,0.956072910759479,0.958186500962314,0.961188520447756,0.948961568914063,0.938507160481981,0.910276691639555,0.885281115445425,0.811018007178423,0.807480302418567,0,1e+05,1714.13254795485,98482.2353827725,5898586.544206,58.98586544206,2023,"Total","GMoH report",18.99912455794
0,1,0.0168661,0.00612623,0.00617039,0.00638081,0.00601055,0.00730843,0.00775615,0.00892842,0.00795897,0.00757831,0.00704038,0.00991748,0.0122035,0.0175774,0.0229156,0.0409372,0.0418001,0.15117,0.115634540755,0.0166182259276581,0.0242083086663973,0.0303832586122292,0.0314031068543812,0.0296078513230752,0.0358864656938232,0.0380430804047959,0.043667397829674,0.0390184826675094,0.037187013214712,0.0345930298119317,0.048387690127291,0.0592110450299427,0.0841875063161943,0.108369613227793,0.18568267771465,0.18922630393248,1,0.983381774072342,0.975791691333603,0.969616741387771,0.968596893145619,0.970392148676925,0.964113534306177,0.961956919595204,0.956332602170326,0.960981517332491,0.962812986785288,0.965406970188068,0.951612309872709,0.940788954970057,0.915812493683806,0.891630386772207,0.81431732228535,0.81077369606752,0,1e+05,1661.82259276582,98530.3414995649,6061041.82158641,60.6104182158641,2023,"Total","GMoH report",17.3745717841359
0,1,0.0168174,0.00582181,0.00617552,0.00607136,0.00616754,0.00717602,0.00779562,0.00874293,0.00817435,0.00760374,0.007392,0.00959548,0.0119598,0.0179132,0.0224032,0.0400423,0.0427007,0.153072,0.11573171917,0.0165709715348086,0.0230192130307707,0.030408134887105,0.0299029214963597,0.030369438187995,0.0352477535391205,0.0382329756263689,0.0427796023285345,0.0400532272544808,0.0373094712035763,0.0362893723980834,0.0468534467226054,0.0580629469186071,0.0857268925700361,0.106074953977621,0.181992958404226,0.192910017987322,1,0.983429028465191,0.976980786969229,0.969591865112895,0.97009707850364,0.969630561812005,0.96475224646088,0.961767024373631,0.957220397671465,0.959946772745519,0.962690528796424,0.963710627601917,0.953146553277395,0.941937053081393,0.914273107429964,0.893925046022379,0.818007041595774,0.807089982012678,0,1e+05,1657.09715348086,98534.6815489232,6073046.53751819,60.7304653751819,2023,"Total","GMoH report",17.2545246248181
0,1,0.0169605,0.00588348,0.00643668,0.00639177,0.00637108,0.00752793,0.00792125,0.00919028,0.0081303,0.00788881,0.00750302,0.00982466,0.0123743,0.0183752,0.0239098,0.0408104,0.0427097,0.152334,0.115446170275,0.0167098114673785,0.02326021794584,0.0316737160632254,0.0314561980425932,0.0313559714928533,0.0369443635433773,0.0388371530044095,0.0449193465690339,0.0398416878139163,0.0386811788241997,0.0368243651298584,0.04794567510896,0.0600148942356495,0.0878407706766558,0.112806073367495,0.185160785680193,0.192946754950253,1,0.983290188532622,0.97673978205416,0.968326283936775,0.968543801957407,0.968644028507147,0.963055636456623,0.96116284699559,0.955080653430966,0.960158312186084,0.9613188211758,0.963175634870142,0.95205432489104,0.93998510576435,0.912159229323344,0.887193926632505,0.814839214319807,0.807053245049747,0,1e+05,1670.98114673785,98521.9272272548,6017682.74419609,60.1768274419609,2023,"Total","GMoH report",17.8081625580391
0,1,0.0170627,0.00609286,0.00605286,0.00616196,0.00597601,0.00755756,0.00795694,0.00950859,0.00795069,0.00760312,0.00754098,0.00999708,0.0120776,0.0182977,0.0232404,0.0409409,0.0442078,0.152246,0.115242235285,0.0168089461595462,0.0240780318457763,0.0298131627493031,0.0303423786905106,0.029440212489403,0.0370870804114148,0.0390087247933569,0.046439025857797,0.0389786814676058,0.0373064857795985,0.0370072231754461,0.0487665912157228,0.0586180855256389,0.0874864958616794,0.109821274150577,0.185697901918375,0.199041079422739,1,0.983191053840454,0.975921968154224,0.970186837250697,0.969657621309489,0.970559787510597,0.962912919588585,0.960991275206643,0.953560974142203,0.961021318532394,0.962693514220402,0.962992776824554,0.951233408784277,0.941381914474361,0.912513504138321,0.890178725849423,0.814302098081625,0.800958920577261,0,1e+05,1680.89461595462,98512.8154368665,6036951.50840797,60.3695150840797,2023,"Total","GMoH report",17.6154749159203
0,1,0.0174062,0.00634205,0.00662868,0.00633513,0.00656499,0.00766604,0.00851619,0.00979912,0.00853791,0.00811755,0.00746173,0.00987313,0.0124659,0.0183088,0.0238061,0.0415689,0.0428273,0.151977,0.11455679821,0.0171420039812303,0.0250504574921241,0.0326031110250266,0.0311817981379065,0.0322949105873577,0.0376094118607476,0.0416932802589782,0.0478240168012074,0.0417973940288675,0.0397804505099082,0.0366254273744923,0.048176517450656,0.0604457241192545,0.0875372452121495,0.112344300848902,0.188278205281214,0.19342664736343,1,0.98285799601877,0.974949542507876,0.967396888974973,0.968818201862093,0.967705089412642,0.962390588139252,0.958306719741022,0.952175983198793,0.958202605971132,0.960219549490092,0.963374572625508,0.951823482549344,0.939554275880746,0.91246275478785,0.887655699151098,0.811721794718786,0.80657335263657,0,1e+05,1714.20039812304,98482.1729109762,5964513.13502678,59.6451313502678,2023,"Total","GMoH report",18.3398586497322
0,1,0.017389,0.00673282,0.00720762,0.00683974,0.00698147,0.00823823,0.00875732,0.0102551,0.00931429,0.00844474,0.00793839,0.0103679,0.0126749,0.0188755,0.0239586,0.0419487,0.0422608,0.152984,0.11459111995,0.0171253319667798,0.0265734514689615,0.035400221636324,0.0336237556340981,0.034308539894949,0.0403599143568695,0.0428485048292224,0.0499937721676099,0.0455116775913199,0.0413507100128159,0.038919553513951,0.0505297807162792,0.0614280151276465,0.0901246313045284,0.113023299916548,0.189835155075691,0.191112574300051,1,0.98287466803322,0.973426548531038,0.964599778363676,0.966376244365902,0.965691460105051,0.95964008564313,0.957151495170778,0.95000622783239,0.95448832240868,0.958649289987184,0.961080446486049,0.949470219283721,0.938571984872353,0.909875368695472,0.886976700083452,0.810164844924309,0.808887425699949,0,1e+05,1712.53319667799,98483.7079002809,5868966.45246312,58.6896645246312,2023,"Total","GMoH report",19.2953254753688
0,1,0.0177478,0.00687953,0.007072,0.00731267,0.00730495,0.0083587,0.00904499,0.0104612,0.00952709,0.00860399,0.00819643,0.0106752,0.0131243,0.0196332,0.024012,0.0420841,0.0432226,0.15287,0.11387515249,0.01747300611163,0.0271446353337646,0.0347456960930745,0.0359069115134572,0.0358696843728514,0.0409380282579996,0.0442249152104271,0.0509729055998472,0.0465272761320869,0.0421140772511791,0.0401592439208741,0.0519885301084653,0.0635368096236411,0.0935731491216615,0.11326094544494,0.19038956614816,0.195037888410925,1,0.98252699388837,0.972855364666235,0.965254303906926,0.964093088486543,0.964130315627149,0.959061971742,0.955775084789573,0.949027094400153,0.953472723867913,0.957885922748821,0.959840756079126,0.948011469891535,0.936463190376359,0.906426850878339,0.88673905455506,0.80961043385184,0.804962111589075,0,1e+05,1747.30061116301,98451.673512379,5821408.62819683,58.2140862819683,2023,"Total","GMoH report",19.7709037180317
0,1,0.0178989,0.00686917,0.00693236,0.00680457,0.00684166,0.00792116,0.00851968,0.0102676,0.0087509,0.00822953,0.00778731,0.0104446,0.0124977,0.0188275,0.0236893,0.0415937,0.0427866,0.152466,0.113573639995,0.0176193503864287,0.0271043117497164,0.0340713134733251,0.0334537539733145,0.0336330355155861,0.0388367203113464,0.0417100101517753,0.0500531847993846,0.0428177650495693,0.040318151408596,0.0381929982078157,0.0508940792496722,0.0605952469553164,0.0899057487867917,0.111823923804543,0.188379951978482,0.193260590993494,1,0.982380649613571,0.972895688250284,0.965928686526675,0.966546246026685,0.966366964484414,0.961163279688654,0.958289989848225,0.949946815200615,0.957182234950431,0.959681848591404,0.961807001792184,0.949105920750328,0.939404753044684,0.910094251213208,0.888176076195457,0.811620048021518,0.806739409006506,0,1e+05,1761.93503864287,98438.1743371305,5897631.75103076,58.9763175103076,2023,"Total","GMoH report",19.0086724896924
0,1,0.0175787,0.00680838,0.0069186,0.00688826,0.00694182,0.00829075,0.00882804,0.0102704,0.00961188,0.00852928,0.00835283,0.0106991,0.0128904,0.018739,0.0250105,0.0411717,0.0429967,0.155069,0.114212583085,0.0173091789261245,0.0268676693941012,0.0340048353651074,0.0338582391145913,0.034117014564883,0.0406119903524633,0.0431870573261071,0.0500664927325978,0.0469316466114215,0.041756027866595,0.0409098670872441,0.0521018916282018,0.062439814536739,0.0895020525912323,0.117693562864917,0.186647058276857,0.194117473109845,1,0.982690821073876,0.973132330605899,0.965995164634893,0.966141760885409,0.965882985435117,0.959388009647537,0.956812942673893,0.949933507267402,0.953068353388578,0.958243972133405,0.959090132912756,0.947898108371798,0.937560185463261,0.910497947408768,0.882306437135082,0.813352941723143,0.805882526890155,0,1e+05,1730.91789261244,98466.7747110109,5853128.2797426,58.531282797426,2023,"Total","GMoH report",19.453707202574
0,1,0.0173179,0.00622728,0.00661694,0.00627632,0.00642302,0.00764436,0.00856564,0.00960195,0.00883455,0.00818325,0.00749585,0.0102634,0.0122314,0.0179104,0.0229942,0.041014,0.0417838,0.1508,0.114732996445,0.0170564087863512,0.0246027041450631,0.0325463075886607,0.030896804421188,0.0316075600245281,0.0375050448385941,0.0419303003551645,0.0468842982803182,0.0432182162686593,0.0400959618014703,0.0367898225221189,0.0500332225589706,0.059342398468433,0.0857140669387505,0.108721112488067,0.185998630428966,0.18915949385197,1,0.982943591213649,0.975397295854937,0.967453692411339,0.969103195578812,0.968392439975472,0.962494955161406,0.958069699644836,0.953115701719682,0.956781783731341,0.95990403819853,0.963210177477881,0.949966777441029,0.940657601531567,0.91428593306125,0.891278887511933,0.814001369571034,0.81084050614803,0,1e+05,1705.64087863512,98490.0524102298,5977905.11858386,59.7790511858386,2023,"Total","GMoH report",18.2059388141614
0,1,0.0175085,0.00605588,0.00654712,0.00629136,0.00620295,0.00767019,0.0080574,0.00927648,0.00836209,0.00814844,0.00738158,0.00979077,0.0125491,0.0178824,0.0230477,0.0417747,0.0421639,0.151044,0.114352663675,0.0172411525441104,0.0239336414784865,0.0322084190388558,0.0309696962298189,0.0305411371335437,0.0376293885996423,0.03949150291111,0.0453311169994425,0.0409542913251326,0.0399288062941022,0.0362391446368292,0.0477842387714101,0.0608368797798856,0.0855858011727701,0.108960289820746,0.189122192828154,0.190716157515347,1,0.98275884745589,0.976066358521513,0.967791580961144,0.969030303770181,0.969458862866456,0.962370611400358,0.96050849708889,0.954668883000558,0.959045708674867,0.960071193705898,0.963760855363171,0.95221576122859,0.939163120220114,0.91441419882723,0.891039710179254,0.810877807171846,0.809283842484653,0,1e+05,1724.11525441104,98473.0419174136,6007233.68654484,60.0723368654484,2023,"Total","GMoH report",17.9126531345516
0,1,0.0173891,0.00658356,0.00696187,0.0067961,0.00683543,0.00799535,0.00891546,0.00994347,0.00906902,0.00792769,0.00787278,0.0106312,0.0123948,0.0191809,0.0236528,0.0416934,0.0424668,0.154091,0.114590920405,0.017125428898656,0.0259920002141404,0.0342138687341888,0.0334128080382285,0.0336029239144683,0.0391933388456511,0.0436053946211767,0.0485114203673009,0.0443398035862017,0.0388681141013007,0.0386040961105568,0.0517797965668464,0.0601113302107592,0.0915160972267582,0.111661247134446,0.188788874816785,0.191954741011077,1,0.982874571101344,0.97400799978586,0.965786131265811,0.966587191961771,0.966397076085532,0.960806661154349,0.956394605378823,0.951488579632699,0.955660196413798,0.961131885898699,0.961395903889443,0.948220203433154,0.939888669789241,0.908483902773242,0.888338752865554,0.811211125183215,0.808045258988923,0,1e+05,1712.5428898656,98483.6989761171,5897274.68558289,58.9727468558289,2023,"Total","GMoH report",19.0122431441711
0,1,0.0172613,0.00615291,0.00650725,0.00647124,0.0060642,0.00754142,0.00831377,0.00937058,0.00835289,0.00787991,0.00746775,0.0097814,0.0125321,0.0175326,0.0233295,0.0406583,0.0417922,0.151251,0.114845938915,0.0170015350791557,0.0243124553013041,0.0320154191591909,0.0318410719538238,0.0298681834054812,0.037009342510511,0.0407224571436814,0.0457804271132527,0.040910154939763,0.0386383825572581,0.036654434614764,0.0477395996987662,0.0607569689728387,0.0839819453618711,0.110219108283264,0.184534365970186,0.189193924202374,1,0.982998464920844,0.975687544698696,0.967984580840809,0.968158928046176,0.970131816594519,0.962990657489489,0.959277542856319,0.954219572886747,0.959089845060237,0.961361617442742,0.963345565385236,0.952260400301234,0.939243031027161,0.916018054638129,0.889780891716736,0.815465634029814,0.810806075797626,0,1e+05,1700.15350791557,98495.1022180006,6009248.17206477,60.0924817206477,2023,"Total","GMoH report",17.8925082793523
0,1,0.0168751,0.00602046,0.00581763,0.00609178,0.00604458,0.00713247,0.00783329,0.00939193,0.00832127,0.0077091,0.00730279,0.00969043,0.0115417,0.0178325,0.0231236,0.0405841,0.0410371,0.151889,0.115616581705,0.0166269582996296,0.0237953224262908,0.0286711545774884,0.0300019862504974,0.0297729869956644,0.0350375886256382,0.038414176537673,0.0458823406704671,0.0407584449372427,0.0378166687964532,0.0358592682362917,0.0473061086635585,0.0560900632912777,0.0853571706365589,0.109299504920075,0.184228618327352,0.186093641555325,1,0.98337304170037,0.976204677573709,0.971328845422512,0.969998013749503,0.970227013004336,0.964962411374362,0.961585823462327,0.954117659329533,0.959241555062757,0.962183331203547,0.964140731763708,0.952693891336442,0.943909936708722,0.914642829363441,0.890700495079925,0.815771381672648,0.813906358444675,0,1e+05,1662.69582996296,98529.5393783125,6070027.57763582,60.7002757763582,2023,"Total","GMoH report",17.2847142236418
0,1,0.0169684,0.00604787,0.00633001,0.00633168,0.00621913,0.00747411,0.0080239,0.00942311,0.00822937,0.00758991,0.00742557,0.00998976,0.0122649,0.0179649,0.0234654,0.0409093,0.0416513,0.151745,0.11543040622,0.0167174751993557,0.0239023632289965,0.0311569898565946,0.0311650816889296,0.0306195820959983,0.0366850792066274,0.0393305392159626,0.0460311583290938,0.0403173833377055,0.0372428748297523,0.0364511731553815,0.0487317536906288,0.0595000932652768,0.0859636778112229,0.110825583388867,0.185567870761628,0.188616222798393,1,0.983282524800644,0.976097636771003,0.968843010143405,0.96883491831107,0.969380417904002,0.963314920793373,0.960669460784037,0.953968841670906,0.959682616662294,0.962757125170248,0.963548826844619,0.951268246309371,0.940499906734723,0.914036322188777,0.889174416611133,0.814432129238372,0.811383777201607,0,1e+05,1671.74751993557,98521.2229753879,6025376.55729017,60.2537655729017,2023,"Total","GMoH report",17.7312244270983
0,1,0.016926,0.00605988,0.00657273,0.00628269,0.00597645,0.0075323,0.00796723,0.00973257,0.0084153,0.00773797,0.00757398,0.00958289,0.0121597,0.0176012,0.0238704,0.0417394,0.0414083,0.151118,0.1155150133,0.0166763419387574,0.0239492607080411,0.0323323701518299,0.0309276774750113,0.0294423481953202,0.0369654135390005,0.0390581861195077,0.0475069384891711,0.0412095237372351,0.0379556017311804,0.0371661606072105,0.0467934097540061,0.0590047983827628,0.084296692634025,0.112630653143036,0.188977483104292,0.187619036615306,1,0.983323658061243,0.976050739291959,0.96766762984817,0.969072322524989,0.97055765180468,0.963034586461,0.960941813880492,0.952493061510829,0.958790476262765,0.96204439826882,0.96283383939279,0.953206590245994,0.940995201617237,0.915703307365975,0.887369346856964,0.811022516895708,0.812380963384694,0,1e+05,1667.63419387574,98525.0025922093,6018274.34658934,60.1827434658934,2023,"Total","GMoH report",17.8022465341066
0,1,0.0172223,0.0062351,0.00635158,0.00633665,0.00625742,0.00756568,0.00798745,0.00940727,0.00826563,0.00768508,0.00719965,0.00984839,0.0123759,0.017801,0.0235543,0.0398962,0.0415866,0.152107,0.114923761465,0.0169637211753343,0.0246332188344901,0.0312615002013773,0.0311891629760692,0.0308051973549185,0.0371261878576233,0.0391553710782035,0.0459555591184299,0.0404914320120457,0.037701060828618,0.0353617690977878,0.0480586979980573,0.0600224212908659,0.0852128166280119,0.111222103045584,0.181389154987017,0.188350824051273,1,0.983036278824666,0.97536678116551,0.968738499798623,0.968810837023931,0.969194802645082,0.962873812142377,0.960844628921796,0.95404444088157,0.959508567987954,0.962298939171382,0.964638230902212,0.951941302001943,0.939977578709134,0.914787183371988,0.888777896954416,0.818610845012983,0.811649175948727,0,1e+05,1696.37211753344,98498.5813470579,6020887.62622514,60.2088762622514,2023,"Total","GMoH report",17.7761137377486
0,1,0.0176791,0.00685433,0.00690455,0.00705764,0.00706351,0.0079521,0.00861773,0.0106824,0.00861993,0.00848669,0.00802018,0.0105345,0.012686,0.0190804,0.0236966,0.0418081,0.0426222,0.153125,0.114012239905,0.0174064545867533,0.0270465480683572,0.0339369515528888,0.0346763667179911,0.0347047073809195,0.0389854593223077,0.0421799122617611,0.0520226822478879,0.042190453118623,0.0415518557042826,0.0393126634079716,0.0513208999487254,0.0614801568262553,0.0910584222025177,0.111856455775194,0.18925909235254,0.192589526688901,1,0.982593545413247,0.972953451931643,0.966063048447111,0.965323633282009,0.96529529261908,0.961014540677692,0.957820087738239,0.947977317752112,0.957809546881377,0.958448144295717,0.960687336592028,0.948679100051275,0.938519843173745,0.908941577797482,0.888143544224806,0.81074090764746,0.807410473311099,0,1e+05,1740.64545867532,98457.8094289487,5872964.06576911,58.7296406576911,2023,"Total","GMoH report",19.2553493423089
0,1,0.0176137,0.00674413,0.00737419,0.00728505,0.00733261,0.00864132,0.00985237,0.0106339,0.00934676,0.00882371,0.00843259,0.0105279,0.0130775,0.0192879,0.0252681,0.0422275,0.0427822,0.15365,0.114142742335,0.0173430918533185,0.0266174962894982,0.0362035208956169,0.0357737167126562,0.0360030590234354,0.0422929330788184,0.0480776529363488,0.0517926065042365,0.045666710541449,0.0431663320114188,0.0412924443664008,0.0512895713056287,0.0633174162233479,0.0920031319768589,0.118833742761331,0.190976363975556,0.193242637124979,1,0.982656908146681,0.973382503710502,0.963796479104383,0.964226283287344,0.963996940976565,0.957707066921182,0.951922347063651,0.948207393495764,0.954333289458551,0.956833667988581,0.958707555633599,0.948710428694371,0.936682583776652,0.907996868023141,0.881166257238669,0.809023636024444,0.806757362875021,0,1e+05,1734.30918533185,98463.6496211387,5791879.52003932,57.9187952003932,2023,"Total","GMoH report",20.0661947996068
0,1,0.0172538,0.00621262,0.00653485,0.00633164,0.0062608,0.00765267,0.00798682,0.00925769,0.00833653,0.00784822,0.0077655,0.0099799,0.0124468,0.0182459,0.0227801,0.0407845,0.0429241,0.153553,0.11486090479,0.0169942633899273,0.024545496317338,0.0321490273220119,0.0311648878733637,0.0308215806201337,0.0375450502998055,0.0391523432055967,0.0452413734730311,0.0408316640198711,0.038485983829965,0.0380880677742477,0.0486848257682877,0.0603559052949374,0.0872496299425768,0.107763350261755,0.18505414777516,0.1938214696378,1,0.983005736610073,0.975454503682662,0.967850972677988,0.968835112126636,0.969178419379866,0.962454949700195,0.960847656794403,0.954758626526969,0.959168335980129,0.961514016170035,0.961911932225752,0.951315174231712,0.939644094705063,0.912750370057423,0.892236649738245,0.81494585222484,0.8061785303622,0,1e+05,1699.42633899272,98495.7713079279,6001242.62574489,60.0124262574489,2023,"Total","GMoH report",17.9725637425511
0,1,0.0174953,0.00666809,0.0070459,0.00662643,0.00676366,0.00816386,0.00862387,0.00982539,0.00909132,0.0081883,0.0076429,0.0102599,0.0126719,0.0182289,0.0244781,0.0421036,0.0431489,0.154482,0.114379003615,0.0172283602540981,0.0263213339525684,0.0346196829399338,0.0325922247602056,0.0332559698179528,0.0400028557158392,0.0422093305513454,0.0479491521986961,0.044446408689385,0.0401202092269671,0.0374980160331506,0.0500165870464064,0.0614139222951696,0.0871718812353713,0.115332687363612,0.190469383194346,0.194737705543216,1,0.982771639745902,0.973678666047432,0.965380317060066,0.967407775239794,0.966744030182047,0.959997144284161,0.957790669448655,0.952050847801304,0.955553591310615,0.959879790773033,0.962501983966849,0.949983412953594,0.93858607770483,0.912828118764629,0.884667312636388,0.809530616805654,0.805262294456784,0,1e+05,1722.83602540981,98474.2202425686,5901071.60799877,59.0107160799877,2023,"Total","GMoH report",18.9742739200123
0,1,0.0171013,0.00607368,0.00605019,0.00616643,0.00606511,0.00708573,0.00764966,0.00912596,0.00811596,0.00722314,0.00737888,0.00921596,0.012153,0.0180581,0.0232643,0.0402877,0.0423735,0.153621,0.115165210915,0.0168463834704341,0.0240031451546739,0.0298002077033876,0.0303640554439716,0.0298725985101256,0.0348119792850513,0.0375305599420836,0.044611982089819,0.0397728135895494,0.0354750960370278,0.0362261293467153,0.0450420359948815,0.0589732453724709,0.086390384494404,0.109928004795113,0.183006247960141,0.191573410251744,1,0.983153616529566,0.975996854845326,0.970199792296612,0.969635944556028,0.970127401489874,0.965188020714949,0.962469440057916,0.955388017910181,0.960227186410451,0.964524903962972,0.963773870653285,0.954957964005118,0.941026754627529,0.913609615505596,0.890071995204887,0.816993752039859,0.808426589748256,0,1e+05,1684.63834704341,98509.3733835093,6069603.08338255,60.6960308338255,2023,"Total","GMoH report",17.2889591661745
0,1,0.0173085,0.00629137,0.00641005,0.00624372,0.00670603,0.00749044,0.00814538,0.0093402,0.0083505,0.0077497,0.00744208,0.00977777,0.0125642,0.0181102,0.0239482,0.0413849,0.0416016,0.152653,0.114751753675,0.0170472958896626,0.0248527641306625,0.0315447415731968,0.0307387890205417,0.0329772833709891,0.0367637581877994,0.0399141109964298,0.045635390806962,0.0408986887490036,0.0380120451345519,0.0365307383076387,0.0477223056780264,0.0609078538564422,0.086628836129805,0.112977009927156,0.187522953322599,0.18841236082478,1,0.982952704110337,0.975147235869337,0.968455258426803,0.969261210979458,0.967022716629011,0.963236241812201,0.96008588900357,0.954364609193038,0.959101311250996,0.961987954865448,0.963469261692361,0.952277694321974,0.939092146143558,0.913371163870195,0.887022990072844,0.812477046677401,0.81158763917522,0,1e+05,1704.72958896626,98490.8911209093,5997081.58128026,59.9708158128026,2023,"Total","GMoH report",18.0141741871974
0,1,0.0175464,0.00701959,0.00720616,0.00709878,0.00683174,0.0084065,0.00936377,0.0102336,0.00922995,0.00905283,0.00817239,0.0107219,0.013251,0.0189304,0.0237515,0.0414113,0.0429619,0.153656,0.11427703612,0.0172778801551732,0.0276896204345872,0.0353931777456412,0.0348749755526165,0.033585088518413,0.0411673173663984,0.045747917555088,0.0498915739715128,0.0451088684980168,0.0442624000425568,0.0400438158004759,0.0522100233759145,0.0641305163205897,0.0903749166926057,0.112101078108278,0.187631354249427,0.193975599255828,1,0.982722119844827,0.972310379565413,0.964606822254359,0.965125024447383,0.966414911481587,0.958832682633602,0.954252082444912,0.950108426028487,0.954891131501983,0.955737599957443,0.959956184199524,0.947789976624086,0.93586948367941,0.909625083307394,0.887898921891722,0.812368645750573,0.806024400744172,0,1e+05,1727.78801551732,98469.6584779397,5831191.73874012,58.3119173874012,2023,"Total","GMoH report",19.6730726125988
0,1,0.017865,0.00666203,0.00713405,0.00687623,0.00680017,0.00772549,0.00872958,0.0101248,0.00916967,0.00815181,0.00797516,0.0101192,0.0124247,0.0188129,0.0235504,0.0413154,0.0421904,0.153184,0.11364128575,0.0175865209851144,0.0262977275009142,0.0350452142236691,0.0338001067302457,0.033432483570496,0.0378955458487523,0.04271567523936,0.0493742392559533,0.0448208685653558,0.039944990076119,0.039096301843475,0.0493476043062602,0.0602519684199322,0.0898391620697452,0.111204711410968,0.18723751765744,0.190824585970207,1,0.982413479014886,0.973702272499086,0.964954785776331,0.966199893269754,0.966567516429504,0.962104454151248,0.95728432476064,0.950625760744047,0.955179131434644,0.960055009923881,0.960903698156525,0.95065239569374,0.939748031580068,0.910160837930255,0.888795288589032,0.81276248234256,0.809175414029793,0,1e+05,1758.65209851143,98441.2033871503,5896522.72118386,58.9652272118386,2023,"Total","GMoH report",19.0197627881614
0,1,0.0171484,0.00628504,0.00649604,0.0060342,0.00600267,0.00713835,0.00796384,0.00947528,0.00851011,0.0078262,0.00750834,0.0096377,0.0122523,0.0185561,0.0234758,0.0404764,0.0425386,0.15251,0.11507122522,0.0168920610711746,0.0248280691841102,0.0319611477641947,0.0297226194246691,0.0295696084954318,0.0350659671337765,0.0390418915558791,0.0462801075561875,0.0416641340896067,0.0383800746494463,0.0368499942847795,0.0470547510641721,0.0594407841993847,0.0886672061403477,0.110871978989118,0.183784647713249,0.192248088641307,1,0.983107938928825,0.97517193081589,0.968038852235805,0.970277380575331,0.970430391504568,0.964934032866223,0.960958108444121,0.953719892443813,0.958335865910393,0.961619925350554,0.96315000571522,0.952945248935828,0.940559215800615,0.911332793859652,0.889128021010882,0.816215352286751,0.807751911358693,0,1e+05,1689.20610711745,98505.1729092777,6024406.96872693,60.2440696872693,2023,"Total","GMoH report",17.7409203127307
0,1,0.0174078,0.00648267,0.00658488,0.00632695,0.00624237,0.00769385,0.00809375,0.00950229,0.0085785,0.00783731,0.00764068,0.01013,0.0122796,0.0178644,0.0234652,0.0407602,0.0415357,0.151735,0.11455360549,0.0171435548388611,0.0255987830738611,0.0323911700799105,0.0311421627337296,0.0307322448911471,0.0377432723108283,0.0396661306378743,0.0464089712416504,0.0419919305592438,0.0384335116372752,0.0374873283009929,0.0493989710579572,0.0595692825936573,0.0855033355318137,0.110824691143452,0.184954086144802,0.188141978100525,1,0.982856445161139,0.974401216926139,0.96760882992009,0.96885783726627,0.969267755108853,0.962256727689172,0.960333869362126,0.95359102875835,0.958008069440756,0.961566488362725,0.962512671699007,0.950601028942043,0.940430717406343,0.914496664468186,0.889175308856548,0.815045913855198,0.811858021899475,0,1e+05,1714.35548388612,98482.0301178846,5988936.8803909,59.889368803909,2023,"Total","GMoH report",18.095621196091
0,1,0.0176162,0.00655414,0.00673009,0.00671474,0.00650582,0.00814315,0.0087843,0.0100843,0.00860245,0.00819828,0.00777008,0.00986358,0.0120553,0.018453,0.0233532,0.0422022,0.0418063,0.152139,0.11413775371,0.0173455141196953,0.0258773524188352,0.0330936420268291,0.0330194081483253,0.0320084962129201,0.0399034015393864,0.042977677958767,0.0491815951012999,0.042106698087591,0.0401681261371312,0.038110103615253,0.0481310391130629,0.0585130199757168,0.0881962848874306,0.110324901288097,0.190872863138175,0.189251715061555,1,0.982654485880305,0.974122647581165,0.966906357973171,0.966980591851675,0.96799150378708,0.960096598460614,0.957022322041233,0.9508184048987,0.957893301912409,0.959831873862869,0.961889896384747,0.951868960886937,0.941486980024283,0.911803715112569,0.889675098711903,0.809127136861825,0.810748284938445,0,1e+05,1734.55141196953,98463.4263898872,5928418.19869057,59.2841819869057,2023,"Total","GMoH report",18.7008080130943
0,1,0.0176977,0.0067196,0.00743959,0.00705858,0.0068898,0.00849739,0.00899909,0.0104444,0.00930092,0.00848672,0.00834596,0.0105678,0.0127592,0.0187912,0.023856,0.0424587,0.04368,0.15374,0.113975124535,0.0174244737543575,0.0265219659946053,0.0365187388883834,0.0346809051414664,0.0338656805847677,0.0416031544289671,0.0440054279827371,0.0508931294957368,0.0454478333447186,0.0415519995362395,0.0408769074144875,0.0514789518320726,0.0618239399630584,0.0897401855626384,0.112566532029746,0.191921641500099,0.196898665705013,1,0.982575526245642,0.973478034005395,0.963481261111617,0.965319094858534,0.966134319415232,0.958396845571033,0.955994572017263,0.949106870504263,0.954552166655281,0.95844800046376,0.959123092585513,0.948521048167927,0.938176060036942,0.910259814437362,0.887433467970254,0.808078358499901,0.803101334294987,0,1e+05,1742.44737543575,98456.1482811752,5836804.06190925,58.3680406190925,2023,"Total","GMoH report",19.6169493809075
0,1,0.0174771,0.00653884,0.00699406,0.00658233,0.00670659,0.00811033,0.00873305,0.00981936,0.00873077,0.00874234,0.00750427,0.0102405,0.0129525,0.0189386,0.0240369,0.0409945,0.043561,0.154015,0.114415320805,0.0172107218782991,0.0258177240663322,0.0343693468155285,0.0323788296456464,0.0329799917921173,0.039745771688749,0.0427322918956517,0.0479204301134041,0.0427213737786367,0.0427767771745888,0.0368303870779072,0.0499243736296148,0.0627311857901332,0.0904122943075668,0.113371737223812,0.185918418483677,0.196414923764713,1,0.982789278121701,0.974182275933668,0.965630653184471,0.967621170354354,0.967020008207883,0.960254228311251,0.957267708104348,0.952079569886596,0.957278626221363,0.957223222825411,0.963169612922093,0.950075626370385,0.937268814209867,0.909587705692433,0.886628262776188,0.814081581516323,0.803585076235287,0,1e+05,1721.07218782991,98475.8448386692,5905838.09469191,59.0583809469191,2023,"Total","GMoH report",18.9266090530809
0,1,0.0171719,0.00632863,0.00637375,0.00662879,0.00656316,0.00753882,0.00845215,0.00966475,0.00856232,0.00796313,0.0073564,0.00989793,0.0125364,0.0177478,0.0235842,0.0415269,0.0431954,0.15271,0.115024332145,0.0169148498697443,0.0249981123919459,0.0313689060870689,0.0326036432393289,0.0322860536601496,0.0369968191005706,0.0413862431621427,0.0471837032597996,0.0419143889725318,0.0390384787958657,0.0361177583069764,0.0482946083675026,0.0607771823286382,0.0849689693159366,0.111355428271404,0.188105866256393,0.194927113413181,1,0.983085150130256,0.975001887608054,0.968631093912931,0.967396356760671,0.96771394633985,0.963003180899429,0.958613756837857,0.9528162967402,0.958085611027468,0.960961521204134,0.963882241693024,0.951705391632497,0.939222817671362,0.915031030684063,0.888644571728596,0.811894133743607,0.805072886586819,0,1e+05,1691.48498697442,98503.0769439856,5975621.41429282,59.7562141429282,2023,"Total","GMoH report",18.2287758570718
0,1,0.0168982,0.00620057,0.00648894,0.00626903,0.00599669,0.00736584,0.00805767,0.00948255,0.00857607,0.00773483,0.0073487,0.00975037,0.0116003,0.0180054,0.0236013,0.0403132,0.0412158,0.150879,0.11557048681,0.0166493707126509,0.0244984710309591,0.0319267727185886,0.030861471276804,0.0295405856633954,0.036163267887165,0.0394928001230806,0.0463147941224846,0.0419802853358495,0.0379404918633024,0.0360806355832239,0.0475917569031115,0.0563668199464383,0.086149126303153,0.111431669355122,0.183111476103828,0.186828304879381,1,0.983350629287349,0.975501528969041,0.968073227281411,0.969138528723196,0.970459414336605,0.963836732112835,0.960507199876919,0.953685205877515,0.958019714664151,0.962059508136698,0.963919364416776,0.952408243096888,0.943633180053562,0.913850873696847,0.888568330644878,0.816888523896172,0.813171695120619,0,1e+05,1664.93707126509,98527.480516569,6028574.27045405,60.2857427045405,2023,"Total","GMoH report",17.6992472954595
0,1,0.0172319,0.00637916,0.00635407,0.00637321,0.00633517,0.00762676,0.00851704,0.00979085,0.00866385,0.00802885,0.00716181,0.0100664,0.0122142,0.0181754,0.0237069,0.0410883,0.0428344,0.151175,0.114904605145,0.0169730294704659,0.025195191682059,0.0312735639635651,0.0313662901154335,0.031181991950143,0.0374203106783274,0.0416973549010342,0.0477846198859735,0.0424008632033394,0.0393543250679456,0.0351791834307839,0.0490964390157301,0.0592614228233768,0.086927160229894,0.111902355142199,0.186304193514088,0.193455612301122,1,0.983026970529534,0.974804808317941,0.968726436036435,0.968633709884566,0.968818008049857,0.962579689321673,0.958302645098966,0.952215380114027,0.957599136796661,0.960645674932054,0.964820816569216,0.95090356098427,0.940738577176623,0.913072839770106,0.888097644857802,0.813695806485912,0.806544387698878,0,1e+05,1697.3029470466,98497.7249778952,5982586.2767522,59.825862767522,2023,"Total","GMoH report",18.159127232478
0,1,0.016963,0.00618925,0.00667016,0.00646004,0.00647722,0.00767335,0.00833127,0.0097244,0.00869286,0.00772787,0.00753887,0.0104815,0.0120939,0.0187012,0.0231608,0.0417398,0.0411989,0.150823,0.11544118165,0.0167122367113104,0.0244542925397961,0.0328037837838901,0.0317868393655622,0.0318700270583429,0.0376445995304819,0.0408064266055353,0.0474680053226022,0.0425398182879926,0.0379069990972165,0.0369970599368841,0.0510692930132052,0.0586948751243345,0.089329574407716,0.109465716106029,0.188979123004085,0.186758851846639,1,0.98328776328869,0.975545707460204,0.96719621621611,0.968213160634438,0.968129972941657,0.962355400469518,0.959193573394465,0.952531994677398,0.957460181712007,0.962093000902783,0.963002940063116,0.948930706986795,0.941305124875665,0.910670425592284,0.890534283893971,0.811020876995915,0.813241148153361,0,1e+05,1671.22367113104,98521.7043642658,5975802.83853448,59.7580283853448,2023,"Total","GMoH report",18.2269616146552
0,1,0.0169172,0.00623419,0.00628249,0.00617978,0.00603441,0.00740581,0.00815007,0.00914177,0.00825933,0.00755329,0.00752933,0.00986177,0.0123907,0.0181881,0.0230773,0.0403905,0.0422705,0.152352,0.11553257326,0.0166678044366805,0.0246296679408398,0.0309267081630813,0.0304287919009656,0.0297236384472932,0.0363559370937788,0.0399366340914752,0.0446875419246488,0.0404611941140451,0.0370665146636407,0.0369511072982158,0.0481224194196009,0.0600920437827526,0.0869852585475292,0.109092593717507,0.183430387349409,0.191152247323753,1,0.98333219556332,0.97537033205916,0.969073291836919,0.969571208099034,0.970276361552707,0.963644062906221,0.960063365908525,0.955312458075351,0.959538805885955,0.962933485336359,0.963048892701784,0.951877580580399,0.939907956217247,0.913014741452471,0.890907406282493,0.816569612650591,0.808847752676247,0,1e+05,1666.78044366805,98525.7869900484,6032942.42426768,60.3294242426768,2023,"Total","GMoH report",17.6555657573232
0,1,0.0179578,0.00717071,0.00716242,0.0071079,0.00737811,0.00866919,0.00928137,0.010444,0.00939052,0.00868849,0.00791554,0.0105951,0.0131988,0.0198202,0.0247348,0.0423245,0.0434075,0.153735,0.11345610799,0.0176763852665805,0.0282773033166683,0.0351821270735153,0.0349189981329274,0.0362224175471775,0.042426442766581,0.0453544709352395,0.0508912299850893,0.0458756104073929,0.0425188876740815,0.0388097006551896,0.051608506774679,0.0638859551383015,0.0944223265102537,0.116471737187534,0.191373075649212,0.195790553835918,1,0.98232361473342,0.971722696683332,0.964817872926485,0.965081001867073,0.963777582452823,0.957573557233419,0.95464552906476,0.949108770014911,0.954124389592607,0.957481112325918,0.96119029934481,0.948391493225321,0.936114044861699,0.905577673489746,0.883528262812466,0.808626924350788,0.804209446164082,0,1e+05,1767.63852665805,98432.9108609097,5803439.32258811,58.0343932258811,2023,"Total","GMoH report",19.9505967741189
0,1,0.0176398,0.00685009,0.00694534,0.00700487,0.00665384,0.00823635,0.00893387,0.010386,0.00941101,0.00791326,0.0079792,0.0104777,0.0129747,0.0187882,0.0247232,0.0421645,0.0439906,0.152894,0.11409066109,0.017368379752065,0.0270300435381199,0.0341340190798106,0.0344215537273547,0.032724835452187,0.040350889870537,0.0436934705359573,0.0506157617462584,0.0459734094596039,0.0387987387318569,0.039115719624922,0.0510512507744026,0.0628353262318491,0.089726501367517,0.11642029444118,0.190718612643032,0.198160051136218,1,0.982631620247935,0.97296995646188,0.965865980920189,0.965578446272645,0.967275164547813,0.959649110129463,0.956306529464043,0.949384238253742,0.954026590540396,0.961201261268143,0.960884280375078,0.948948749225597,0.937164673768151,0.910273498632483,0.88357970555882,0.809281387356968,0.801839948863782,0,1e+05,1736.83797520651,98461.319017591,5866238.12377316,58.6623812377316,2023,"Total","GMoH report",19.3226087622684
0,1,0.017747,0.00680037,0.00756622,0.00721441,0.0070465,0.00855077,0.00922169,0.0105425,0.00937038,0.00901665,0.00814459,0.0110179,0.013157,0.0196967,0.0236934,0.0429898,0.0423633,0.154199,0.11387674885,0.0174722311798624,0.0268364839591573,0.0371287885438592,0.0354329798888993,0.0346225799755065,0.0418590325995469,0.0450694096884258,0.0513588727111079,0.0457794723692515,0.0440894032064465,0.0399103170766027,0.0536127501989573,0.0636900742332818,0.0938615910013112,0.111842195323316,0.194089344720804,0.191531711604466,1,0.982527768820138,0.973163516040843,0.962871211456141,0.964567020111101,0.965377420024494,0.958140967400453,0.954930590311574,0.948641127288892,0.954220527630748,0.955910596793554,0.960089682923397,0.946387249801043,0.936309925766718,0.906138408998689,0.888157804676684,0.805910655279196,0.808468288395534,0,1e+05,1747.22311798624,98451.7449702056,5803723.76401922,58.0372376401922,2023,"Total","GMoH report",19.9477523598078
0,1,0.0169114,0.00649281,0.00663424,0.00659687,0.00625195,0.00795168,0.00838318,0.00972208,0.00866358,0.0082017,0.00778736,0.0101119,0.0122739,0.0185025,0.0228836,0.0410864,0.0425702,0.151505,0.11554414687,0.0166621773695756,0.0256383106405795,0.0326300116783083,0.0324491922429211,0.0307786830315522,0.038983440391764,0.0410554616867423,0.0474569493545478,0.0423995698368815,0.0401845460222238,0.0381932387507058,0.0493128826547096,0.0595424546642414,0.0884224108577607,0.108226471776158,0.186296380935799,0.192377164119952,1,0.983337822630424,0.97436168935942,0.967369988321692,0.967550807757079,0.969221316968448,0.961016559608236,0.958944538313258,0.952543050645452,0.957600430163118,0.959815453977776,0.961806761249294,0.95068711734529,0.940457545335759,0.911577589142239,0.891773528223842,0.813703619064202,0.807622835880048,0,1e+05,1666.21773695757,98526.3039699589,5960404.64147696,59.6040464147696,2023,"Total","GMoH report",18.3809435852304
0,1,0.0175063,0.00679938,0.00682742,0.0067955,0.0068511,0.00789368,0.00853828,0.0102149,0.00877343,0.00825381,0.00843943,0.010477,0.012828,0.0185225,0.023847,0.0415858,0.0429374,0.154356,0.114357053665,0.0172390205178545,0.0268326295111095,0.0335642076436244,0.0334099074350626,0.0336786603256081,0.0387045957662301,0.0417991675100801,0.0498026765970714,0.0429256373145388,0.0404346991887228,0.0413252461937869,0.051047927167661,0.0621469473969789,0.0885137597142328,0.112526454121416,0.188347541972591,0.193875703428972,1,0.982760979482145,0.97316737048889,0.966435792356376,0.966590092564937,0.966321339674392,0.96129540423377,0.95820083248992,0.950197323402929,0.957074362685461,0.959565300811277,0.958674753806213,0.948952072832339,0.937853052603021,0.911486240285767,0.887473545878584,0.811652458027409,0.806124296571028,0,1e+05,1723.90205178545,98473.2383076638,5894165.41932798,58.9416541932798,2023,"Total","GMoH report",19.0433358067202
0,1,0.017135,0.00645444,0.00635196,0.00635579,0.00635706,0.00740614,0.00788409,0.00958576,0.00808557,0.0076855,0.00773513,0.00992709,0.0121775,0.0180667,0.0229403,0.0416959,0.0420306,0.152567,0.11509796425,0.0168790661567374,0.025488729055273,0.0312633412670139,0.0312818970784199,0.0312880499726029,0.0363575276504178,0.0386584826096061,0.0468070960279478,0.0396268361069469,0.0377030824005269,0.0379419354913078,0.0484334421518714,0.0590886208005046,0.0864297491285482,0.108480085723683,0.188799126276699,0.190170544754141,1,0.983120933843263,0.974511270944727,0.968736658732986,0.96871810292158,0.968711950027397,0.963642472349582,0.961341517390394,0.953192903972052,0.960373163893053,0.962296917599473,0.962058064508692,0.951566557848129,0.940911379199495,0.913570250871452,0.891519914276317,0.811200873723302,0.809829455245858,0,1e+05,1687.90661567374,98506.3679996344,6008723.55158315,60.0872355158315,2023,"Total","GMoH report",17.8977544841685
0,1,0.0175573,0.00692851,0.00727673,0.00701733,0.00688056,0.0079756,0.00937066,0.0107708,0.00927673,0.00886193,0.00826756,0.0109139,0.0129089,0.0194664,0.0253462,0.0415593,0.0432348,0.152714,0.114255285715,0.0172884424919813,0.027335254827155,0.0357335907700889,0.0344817258763896,0.0338210309187541,0.0390984166700165,0.045780809010592,0.0524418970384458,0.0453323109769764,0.043349254845028,0.0405006951813659,0.0531201305188265,0.0625266251223938,0.0928150621837649,0.1191791533579,0.188238816394536,0.19508756983883,1,0.982711557508019,0.972664745172845,0.964266409229911,0.96551827412361,0.966178969081246,0.960901583329983,0.954219190989408,0.947558102961554,0.954667689023024,0.956650745154972,0.959499304818634,0.946879869481174,0.937473374877606,0.907184937816235,0.8808208466421,0.811761183605464,0.80491243016117,0,1e+05,1728.84424919813,98468.6853444507,5825847.42448494,58.2584742448494,2023,"Total","GMoH report",19.7265157551506
0,1,0.0171465,0.00646468,0.00676899,0.00664039,0.00654624,0.00786615,0.00873275,0.0103789,0.00854805,0.0080887,0.00766375,0.0100212,0.0123432,0.0182186,0.0235995,0.040622,0.0417303,0.152998,0.115075016575,0.0168902185285897,0.0255286508824268,0.0332817405771271,0.0326597660404565,0.0322041596055593,0.0385722129674159,0.0427308553082668,0.0505820352849525,0.0418459958381884,0.0396418719753818,0.0375983883776764,0.0488813749142727,0.0598685754973042,0.0871247715907423,0.111423644267758,0.184384801485173,0.18894017458164,1,0.98310978147141,0.974471349117573,0.966718259422873,0.967340233959543,0.967795840394441,0.961427787032584,0.957269144691733,0.949417964715047,0.958154004161812,0.960358128024618,0.962401611622324,0.951118625085727,0.940131424502696,0.912875228409258,0.888576355732242,0.815615198514827,0.81105982541836,0,1e+05,1689.02185285898,98505.3423648543,5937785.73767503,59.3778573767503,2023,"Total","GMoH report",18.6071326232497
0,1,0.0173937,0.00612901,0.00637036,0.00625053,0.00656431,0.0074141,0.00817502,0.00951064,0.0084286,0.0077862,0.0074973,0.00950689,0.0119958,0.0177896,0.0230999,0.0405426,0.0420834,0.153951,0.114581741335,0.0171298877452407,0.0242191610395934,0.0313524834832934,0.0307717998546365,0.0322916194980322,0.0363958930238301,0.0400564444144573,0.0464488053350702,0.0412733094597195,0.0381876581404667,0.0367968082242508,0.046430915973111,0.0582326324685834,0.0851605688604982,0.109193597067737,0.184057569006947,0.190386700789941,1,0.982870112254759,0.975780838960407,0.968647516516707,0.969228200145363,0.967708380501968,0.96360410697617,0.959943555585543,0.95355119466493,0.95872669054028,0.961812341859533,0.963203191775749,0.953569084026889,0.941767367531417,0.914839431139502,0.890806402932263,0.815942430993053,0.809613299210059,0,1e+05,1712.98877452407,98483.2884621482,6011001.40020245,60.1100140020245,2023,"Total","GMoH report",17.8749759979755
0,1,0.0176318,0.00684086,0.00717574,0.00708034,0.00689481,0.00874824,0.00939731,0.0103067,0.00961451,0.00856656,0.00849971,0.0110537,0.012613,0.0198048,0.0232074,0.0414451,0.0425568,0.153162,0.11410662469,0.0173606288041604,0.026994114089381,0.0352464024502049,0.0347859589583717,0.0338898891337543,0.0428050283470334,0.0459080202554335,0.0502390041400738,0.0469441866207327,0.041934709487727,0.0416142767885931,0.0537822673777173,0.0611371915087503,0.0943524228403296,0.10967388566457,0.187770121358239,0.192322431832479,1,0.98263937119584,0.973005885910619,0.964753597549795,0.965214041041628,0.966110110866246,0.957194971652967,0.954091979744566,0.949760995859926,0.953055813379267,0.958065290512273,0.958385723211407,0.946217732622283,0.93886280849125,0.90564757715967,0.89032611433543,0.812229878641761,0.807677568167521,0,1e+05,1736.06288041604,98462.0333951178,5824035.73325828,58.2403573325828,2023,"Total","GMoH report",19.7446326674172
0,1,0.0173328,0.006473,0.00638481,0.00660351,0.00628928,0.00774555,0.00836884,0.00947634,0.00857886,0.00800977,0.00785931,0.0100425,0.0127048,0.0182542,0.0231616,0.0400857,0.0427986,0.151998,0.11470326424,0.0170708533669298,0.0255610861783353,0.0314224835322954,0.0324813231445051,0.0309596157693356,0.0379920761857487,0.040986672734384,0.0462851650964742,0.0419936557657437,0.0392626382451577,0.038539318864635,0.0489827274002085,0.0615684624942574,0.0872875873093444,0.10946929021915,0.182172245087718,0.193309554275917,1,0.98292914663307,0.974438913821665,0.968577516467705,0.967518676855495,0.969040384230664,0.962007923814251,0.959013327265616,0.953714834903526,0.958006344234256,0.960737361754842,0.961460681135365,0.951017272599792,0.938431537505743,0.912712412690656,0.89053070978085,0.817827754912282,0.806690445724083,0,1e+05,1707.08533669298,98488.722923762,5974084.3492349,59.740843492349,2023,"Total","GMoH report",18.244146507651
0,1,0.0176637,0.00596367,0.00661225,0.00620365,0.00627544,0.00762903,0.00825074,0.00961571,0.00845301,0.00792353,0.00722796,0.0102146,0.012412,0.0180663,0.0235727,0.041221,0.0425659,0.153823,0.114042969835,0.0173915350129745,0.0235735107226177,0.0325236143279008,0.030544531049881,0.0308925393078154,0.037431239870232,0.0404199634763675,0.046949908244486,0.041390367033897,0.0388481144983228,0.035498348394349,0.0498012503699283,0.0601922349495165,0.0864279182512439,0.111304151565953,0.186849673972907,0.192359601135108,1,0.982608464987025,0.976426489277382,0.967476385672099,0.969455468950119,0.969107460692185,0.962568760129768,0.959580036523633,0.953050091755514,0.958609632966103,0.961151885501677,0.964501651605651,0.950198749630072,0.939807765050483,0.913572081748756,0.888695848434047,0.813150326027093,0.807640398864892,0,1e+05,1739.15350129745,98459.1847289895,5993723.76965773,59.9372376965773,2023,"Total","GMoH report",18.0477523034227
0,1,0.0172353,0.00600692,0.00632171,0.00623887,0.00618503,0.00743588,0.0076669,0.00924742,0.00814067,0.00765228,0.00742702,0.00990054,0.0120061,0.0176821,0.0232844,0.0401732,0.0415055,0.151584,0.114897820615,0.016976326118037,0.0237424420994084,0.0311167719785389,0.0307152784271973,0.0304542488924321,0.0365008599635359,0.0376135516520964,0.045192319111016,0.039891491333123,0.0375431728236624,0.0364581612677529,0.0483070356530879,0.0582811759340456,0.0846677413276748,0.110017756383179,0.182533602681853,0.188018042810339,1,0.983023673881963,0.976257557900592,0.968883228021461,0.969284721572803,0.969545751107568,0.963499140036464,0.962386448347904,0.954807680888984,0.960108508666877,0.962456827176338,0.963541838732247,0.951692964346912,0.941718824065954,0.915332258672325,0.889982243616821,0.817466397318147,0.811981957189661,0,1e+05,1697.6326118037,98497.4216754975,6045216.0366406,60.452160366406,2023,"Total","GMoH report",17.532829633594
0,1,0.0175345,0.00685222,0.00717285,0.00708096,0.00697888,0.00804539,0.00909363,0.0102929,0.00935053,0.0083362,0.0082785,0.0106971,0.0130352,0.0191715,0.0249997,0.0417055,0.0426557,0.152721,0.114300781975,0.0172663485490556,0.0270383347635332,0.0352324571739005,0.0347889520551391,0.0342960303001473,0.0394337992643416,0.0444574509752205,0.0501734248874402,0.0456847093858654,0.0408300807031069,0.0405532008175792,0.0520924058144068,0.0631190755654724,0.09147329911504,0.117645730102868,0.188838490804393,0.192726310764777,1,0.982733651450944,0.972961665236467,0.9647675428261,0.965211047944861,0.965703969699853,0.960566200735658,0.95554254902478,0.94982657511256,0.954315290614135,0.959169919296893,0.959446799182421,0.947907594185593,0.936880924434528,0.90852670088496,0.882354269897132,0.811161509195607,0.807273689235223,0,1e+05,1726.63485490557,98470.7208591954,5846032.89353037,58.4603289353037,2023,"Total","GMoH report",19.5246610646963
0,1,0.0172653,0.00628126,0.00668704,0.00659642,0.00671129,0.00760862,0.0081915,0.00969591,0.00831081,0.00807504,0.00770771,0.00996867,0.0122495,0.0185527,0.0236423,0.0412011,0.0427904,0.151701,0.114837957115,0.0170054132714777,0.0248133221442958,0.0328854344608572,0.0324470146589092,0.0330027228897432,0.0373329690623324,0.0401355736216947,0.0473322274562126,0.0407082535973025,0.039576250485695,0.0378099791146947,0.04863137468529,0.0594276039146197,0.0886516799437681,0.111614444544372,0.186767893371073,0.193276096320065,1,0.982994586728522,0.975186677855704,0.967114565539143,0.967552985341091,0.966997277110257,0.962667030937668,0.959864426378305,0.952667772543787,0.959291746402698,0.960423749514305,0.962190020885305,0.95136862531471,0.94057239608538,0.911348320056232,0.888385555455628,0.813232106628927,0.806723903679935,0,1e+05,1700.54132714777,98494.7453648515,5966618.16042328,59.6661816042328,2023,"Total","GMoH report",18.3188083957672
0,1,0.0168776,0.0061912,0.00618501,0.0060909,0.00604723,0.00755355,0.00797562,0.00908817,0.0084012,0.00775231,0.00753224,0.00985419,0.0120674,0.0181109,0.022964,0.0401982,0.0432421,0.15178,0.11561159308,0.0166293839323385,0.0244619029331209,0.0304541519146657,0.0299977172598549,0.02978584535597,0.0370677669228988,0.0390985127983873,0.0444313508259112,0.0411418967427128,0.0380246037110127,0.0369651245260988,0.0480863206497901,0.0585700300484824,0.0866320394900013,0.108586073519259,0.182636821322759,0.195117295942782,1,0.983370616067662,0.975538097066879,0.969545848085334,0.970002282740145,0.97021415464403,0.962932233077101,0.960901487201613,0.955568649174089,0.958858103257287,0.961975396288987,0.963034875473901,0.95191367935021,0.941429969951518,0.913367960509999,0.891413926480741,0.817363178677241,0.804882704057218,0,1e+05,1662.93839323385,98529.3165636018,6038189.41753796,60.3818941753796,2023,"Total","GMoH report",17.6030958246204
0,1,0.0165934,0.00586955,0.00607535,0.0057691,0.00592533,0.00721937,0.00781395,0.00872983,0.0079339,0.00738792,0.00687332,0.00943441,0.0117906,0.0176626,0.022818,0.0408527,0.0409266,0.151931,0.11617869997,0.016353565149064,0.0232057849696626,0.029922279202616,0.0284353835715928,0.0291941870195684,0.0354569086436139,0.0383211511033401,0.0427168724142302,0.0388979685189194,0.0362697057880361,0.0337860442655714,0.0460850860092585,0.0572650274192757,0.0845783175223254,0.107932964064917,0.185334920257946,0.185639061013783,1,0.983646434850936,0.976794215030337,0.970077720797384,0.971564616428407,0.970805812980432,0.964543091356386,0.96167884889666,0.95728312758577,0.961102031481081,0.963730294211964,0.966213955734429,0.953914913990741,0.942734972580724,0.915421682477675,0.892067035935083,0.814665079742054,0.814360938986217,0,1e+05,1635.35651490639,98554.6370789829,6103574.67280743,61.0357467280743,2023,"Total","GMoH report",16.9492432719257
0,1,0.0179411,0.00691066,0.00734328,0.00714854,0.00700466,0.00820649,0.00925839,0.0101485,0.00913302,0.0083773,0.00796741,0.0107528,0.0133079,0.0187244,0.0243595,0.0418128,0.0421751,0.152274,0.113489432005,0.0176602147306045,0.0272657907805687,0.0360545042009776,0.0351151449542224,0.0344205395584414,0.0402075430010924,0.0452447169134394,0.0494869541153997,0.0446457242683565,0.0410272559224031,0.0390590513100054,0.0523565511908866,0.0643970270106136,0.0894354377246705,0.114805960512254,0.1892783549956,0.190761985466843,1,0.982339785269396,0.972734209219431,0.963945495799022,0.964884855045778,0.965579460441559,0.959792456998908,0.95475528308656,0.9505130458846,0.955354275731643,0.958972744077597,0.960940948689995,0.947643448809113,0.935602972989386,0.91056456227533,0.885194039487746,0.8107216450044,0.809238014533157,0,1e+05,1766.02147306043,98434.4033008258,5840858.08309585,58.4085808309585,2023,"Total","GMoH report",19.5764091690415
0,1,0.0180912,0.00659218,0.00681735,0.00681273,0.00672874,0.00801654,0.00886877,0.0105223,0.00909547,0.00844511,0.00788371,0.0104251,0.0130159,0.0186052,0.0239051,0.0412665,0.0428797,0.152785,0.11318991496,0.0178055375945643,0.0260255892619582,0.0335155322161161,0.0334931996842872,0.0330871135391121,0.039295171710441,0.0433819878197105,0.0512629886366709,0.044466246472981,0.0413524843032152,0.0386566553491435,0.0508014738864655,0.0630285662125841,0.088891394564616,0.112785149317618,0.187036632057951,0.193640394897305,1,0.982194462405436,0.973974410738042,0.966484467783884,0.966506800315713,0.966912886460888,0.960704828289559,0.95661801218029,0.948737011363329,0.955533753527019,0.958647515696785,0.961343344650856,0.949198526113535,0.936971433787416,0.911108605435384,0.887214850682381,0.812963367942049,0.806359605102695,0,1e+05,1780.55375945644,98420.9869691581,5885722.32291957,58.8572232291957,2023,"Total","GMoH report",19.1277667708043
